2000
3882 3
464 7
18 3
3093 10
2912 4
2904 7
1497 2
1806 6
2331 6
512 2
3345 6
2524 5
66 2
2290 1
91 9
688 2
2193 10
1143 2
991 1
2228 6
1486 4
2279 5
3216 7
1887 1
3220 4
4 1
3318 9
1092 9
1100 2
119 6
3026 8
3507 4
750 5
2481 2
1572 3
437 5
419 3
3330 4
559 8
388 5
3237 1
2692 10
818 5
1392 5
2845 2
1400 5
208 9
3873 3
259 9
3262 9
8 3
3515 9
1664 9
2088 4
485 7
2044 5
3278 1
2551 8
982 4
3638 2
1749 5
1355 2
2021 2
1483 3
110 10
1423 1
1396 3
3099 6
3324 7
433 10
802 9
3743 6
2693 5
1477 7
2097 4
200 8
1804 3
290 3
1466 7
3648 8
2314 3
3282 9
3982 10
2751 3
2119 3
3398 9
2470 1
3990 4
1148 6
2678 5
1603 4
2294 10
2923 2
196 8
2694 5
1064 5
1724 10
1009 6
2864 6
3110 3
2385 7
2630 5
834 9
671 9
2690 7
51 10
1789 1
3750 8
3633 5
3378 7
1473 4
3811 7
582 9
1388 8
521 6
2736 5
3842 9
1393 10
1317 1
2524 8
287 8
2803 1
557 5
2322 10
2846 5
2059 9
420 3
3818 8
2279 3
121 7
2049 7
2037 3
3827 9
2335 7
1495 4
3204 8
1452 3
1830 5
733 1
1609 5
2090 6
3079 10
2070 8
1164 5
55 9
1226 4
1465 3
38 1
2059 3
1721 1
2328 3
448 5
3920 5
1340 10
2220 9
59 10
2278 2
2894 5
1807 5
2777 10
1534 1
174 8
2096 8
146 10
2642 8
3965 2
393 6
143 5
971 6
3230 3
307 5
273 5
3169 4
3808 5
1631 10
3737 9
957 3
3749 1
3422 3
921 10
3761 6
3566 5
3649 1
3793 9
3805 9
707 3
665 10
2 2
3675 1
2582 6
694 1
741 8
947 3
351 1
75 9
1003 2
3518 10
937 4
904 1
3518 2
2470 3
667 4
3581 1
1078 4
324 3
2751 2
765 8
3332 9
3512 1
1837 9
3768 4
185 8
3403 8
2343 1
1118 9
2590 8
2399 6
3318 8
2498 5
2485 6
1261 4
2539 8
459 4
1974 8
276 5
2838 8
2595 10
874 6
1984 2
433 7
3868 5
2898 9
3407 6
2557 1
1701 2
1287 10
2780 9
2554 4
3312 1
2747 8
712 10
3674 4
1575 8
1630 2
1979 7
1470 3
113 1
409 2
695 9
359 4
96 8
5 4
2795 1
2717 9
2941 6
1812 7
211 2
2514 9
1033 6
1325 10
2494 10
3103 2
2893 10
1547 9
2541 4
1316 8
506 1
1470 9
298 2
1635 4
1881 4
247 5
781 1
1677 4
2218 8
288 8
480 4
3362 1
2704 3
1048 3
1915 6
708 7
2067 2
3898 2
967 8
3764 2
516 5
1518 1
1278 8
2331 10
1995 4
3158 1
41 9
2129 9
587 3
1033 9
96 6
2128 6
835 6
890 10
332 2
176 2
1846 9
2169 8
711 4
3260 3
3075 2
2959 5
3129 9
3435 9
269 9
2005 10
1052 6
319 4
3251 1
3197 2
1304 8
3096 3
3255 4
2894 10
935 5
3168 7
2555 8
2635 7
849 10
1160 1
2558 8
620 1
2064 10
1409 5
66 8
1115 9
3876 9
2595 2
2280 9
3775 2
3958 7
3608 3
2449 5
1443 10
2152 9
1105 10
3646 5
3615 3
562 1
1606 3
1488 3
3164 6
1494 10
3129 9
2536 7
3739 8
2173 5
3979 8
2855 10
3326 2
3142 1
1381 2
1646 6
2877 7
1900 9
2807 10
2806 4
2176 3
3920 2
1307 4
559 2
99 4
282 10
1369 4
3252 9
3540 7
1772 4
2788 3
2981 1
3909 7
2206 9
2987 7
1922 10
136 7
1297 2
3047 6
966 9
2085 6
2447 4
1179 3
736 6
1493 5
912 5
3974 2
459 7
2602 1
1598 10
3506 1
1894 8
875 8
922 1
3959 1
524 3
3475 4
1139 3
728 2
3788 8
2514 7
3748 6
435 2
576 7
1689 8
1206 8
2108 10
3393 6
3377 2
3169 6
498 2
385 6
2964 6
751 2
2415 2
2039 1
3474 2
3384 7
3820 3
1373 1
60 3
1381 3
3154 1
3940 2
1243 2
1104 5
505 6
317 4
3400 7
3521 8
3331 5
2201 10
2165 4
2770 4
2160 10
2577 3
2218 2
3787 9
2155 2
3742 8
3688 3
3870 8
1667 3
1168 9
1712 9
75 9
1873 1
2138 10
3763 2
780 1
2104 7
1228 4
51 7
3241 7
3703 1
3318 6
80 3
3995 4
2591 9
2243 10
1443 8
420 10
1363 7
2331 7
2293 9
365 4
1682 6
3822 9
1063 1
1174 2
542 8
2575 8
3867 10
856 10
3968 7
2157 8
2825 9
413 7
1968 8
2874 5
3930 1
93 4
1008 8
2632 2
143 2
1402 3
801 5
3102 1
1418 7
3516 8
1635 3
1446 7
2402 7
3292 10
3240 10
18 3
2466 4
1221 1
881 4
2153 4
1026 7
2357 4
3455 6
269 3
947 7
2119 2
1050 9
2727 2
871 6
3451 2
3348 7
3624 3
1773 5
315 6
2181 6
3193 7
3600 3
1088 9
2864 4
667 10
2056 10
2193 5
52 1
3767 8
1311 1
1130 10
3610 6
1405 4
180 8
1329 9
2941 6
2712 3
3370 8
3561 9
3772 9
3432 5
729 4
3651 2
3097 1
3950 9
650 6
951 4
3964 10
1226 7
3326 1
1902 4
3040 6
519 7
3222 10
290 6
2308 8
1620 1
3564 10
3484 5
2025 3
2812 9
200 5
2924 6
2426 7
1566 3
3 2
2451 2
2278 2
573 6
3662 4
11 3
1446 1
2136 8
2011 5
2140 10
293 2
1201 10
2426 6
3136 5
3698 9
522 3
2388 9
2079 2
767 4
450 4
3810 7
2002 3
3549 2
3803 5
437 5
379 8
3972 4
2422 1
3638 7
131 10
2334 5
1108 6
735 4
3274 7
1308 9
1110 1
3936 9
2697 8
2126 3
1757 10
2826 10
3114 6
1518 8
1090 3
1767 10
997 2
2501 6
1654 5
2990 2
1372 7
3779 9
1362 2
2162 4
1911 8
539 6
823 9
3011 1
2104 2
1539 3
741 4
2890 6
2743 10
519 2
1407 8
1408 9
1557 6
214 2
165 6
3991 1
2844 9
994 7
1903 3
1206 3
1029 8
1724 1
2224 3
3704 9
3992 5
1789 3
2463 7
1166 10
3702 10
493 7
95 7
1543 5
2545 2
3389 5
2055 9
1549 6
3649 1
3912 4
74 9
3522 5
1752 8
2861 10
2303 1
2054 2
1526 4
1646 1
1344 3
2858 6
1445 10
468 4
1182 4
720 6
2877 7
1559 9
3443 2
1271 9
3879 5
441 2
790 4
3250 9
1597 9
2555 4
3257 3
3521 10
360 6
2821 7
3341 6
2853 6
1472 9
3506 9
3331 10
568 4
1614 1
2080 9
404 3
3241 9
3404 5
19 10
25 2
3339 2
1722 10
2194 6
2435 5
3398 9
3114 2
207 6
354 6
2803 8
1348 10
2179 5
9 5
740 6
3513 3
3918 2
456 4
896 2
1579 6
1714 7
2287 5
2722 7
1331 10
3736 8
817 4
58 10
89 8
3289 5
318 6
3001 7
3414 6
3517 7
2278 1
3465 6
1900 9
1358 8
2036 1
2273 7
2500 3
3316 5
335 6
3796 10
925 10
3882 4
1961 2
1202 9
3443 3
3463 1
1300 6
932 4
964 5
1252 5
735 4
1188 9
2683 10
3020 6
2676 4
2561 8
633 1
1206 8
2653 6
366 4
2550 9
2788 1
1481 8
2803 6
1204 3
1142 10
1826 6
3914 9
3259 10
2070 8
457 2
2050 4
68 5
2965 1
1255 1
2438 3
3609 9
140 3
397 3
1198 6
1202 10
2619 6
1828 4
3051 6
2521 9
1540 2
3981 4
3342 8
238 8
1712 10
3248 5
3904 7
803 1
1784 5
2240 7
2619 9
1392 4
2428 3
1413 6
1583 9
3614 1
1886 6
864 7
1133 8
1767 5
1382 8
497 2
3710 6
1236 10
3598 2
3355 9
1724 2
1821 3
695 10
3869 10
1110 6
1067 9
2178 10
2106 9
3967 5
3128 9
759 3
2481 1
2879 2
3628 2
1384 3
1165 4
2480 9
921 1
1166 1
1405 5
2849 7
1791 8
3410 3
3627 3
2077 7
3480 8
3012 7
3065 2
2588 6
2316 4
22 9
3014 8
2543 4
3509 9
1432 6
2772 8
3399 9
315 8
3653 1
1660 5
238 6
2295 3
228 9
2191 5
1859 6
3019 2
774 3
1094 9
417 6
2015 4
3006 5
642 7
1744 9
1781 7
2595 7
1124 7
914 9
966 4
3807 10
2029 4
102 6
1073 2
1058 6
1982 4
1223 9
1026 2
478 2
2840 10
2717 7
1719 6
844 8
251 5
1417 9
1963 1
2069 10
2754 3
3108 10
3199 10
3369 9
637 2
3232 8
1435 2
2362 7
3268 9
301 1
2808 10
89 4
3194 1
3444 10
3680 1
414 9
3998 10
3054 10
3732 4
3891 6
1867 5
1796 8
2827 3
3017 7
3216 4
3096 10
41 3
2169 3
3720 5
3306 9
2356 1
931 8
3242 2
2194 4
1159 8
1353 4
3400 3
1188 9
2635 7
2420 10
3355 1
2086 1
3864 7
1308 4
1213 4
3699 1
2616 3
1251 8
349 10
474 9
2051 9
170 9
1045 3
294 5
3906 4
697 2
2974 3
2104 4
3503 5
1578 7
1673 6
2703 5
466 1
3230 5
1799 4
2918 1
1125 1
374 9
1993 2
3620 7
2608 5
1594 4
512 10
3364 7
3405 6
668 10
252 6
247 4
764 4
501 5
688 4
1164 5
3719 4
3845 7
588 2
3286 8
2254 2
2702 1
256 10
3004 8
330 6
953 3
2719 6
409 5
517 5
1150 3
1497 3
3542 4
3320 3
2848 6
1022 7
3794 8
579 6
1534 3
2113 2
2704 5
2191 5
353 4
457 2
2119 8
3582 9
3811 6
1856 9
1922 10
264 3
1797 4
2872 8
34 5
2095 4
1448 5
3136 1
2598 8
2747 4
3477 1
234 10
2689 4
2734 9
2340 6
3712 5
2867 3
736 2
3959 6
1097 6
509 2
2770 1
1422 8
2231 9
2136 1
1678 7
1779 7
3667 10
3349 9
2828 4
1367 9
1694 10
2782 3
374 5
979 2
1505 5
339 10
653 8
583 6
2221 1
1685 9
3744 7
1333 7
1291 10
1877 7
107 5
2982 4
283 4
1461 3
2364 7
3122 2
1056 3
3796 5
1174 8
3676 1
3010 7
461 5
1858 1
2594 1
1490 1
1736 7
3960 10
1584 10
344 9
1543 2
3041 6
3037 1
2327 7
1769 3
151 5
2059 7
3886 3
1065 9
547 6
2171 9
3264 1
239 6
861 10
1493 7
588 4
1588 2
1894 6
2987 8
277 4
1225 1
16 10
3478 5
2522 10
3711 10
2723 3
1982 10
765 1
3080 6
1201 5
1878 9
3648 2
236 4
3258 7
1389 5
3714 10
3588 9
3351 4
1524 8
3973 5
3001 8
146 1
2405 2
1994 9
2573 6
1988 5
1289 3
466 1
2048 9
3853 2
2737 4
1598 1
2827 2
3286 3
1709 10
911 5
2687 7
1729 7
2360 6
102 5
1413 5
2310 9
3896 8
1444 3
1431 5
2247 8
449 7
2506 6
2596 7
940 5
3394 4
3857 6
3831 8
2999 1
2453 7
2857 7
912 3
2944 8
2019 8
525 7
3409 8
2696 1
1788 2
1629 2
2633 9
1209 7
2322 1
3481 2
3419 10
2868 1
1142 7
2876 7
2535 10
745 2
2592 1
1109 7
390 3
2001 10
1402 5
1311 1
3593 1
3678 7
853 7
3609 5
1050 1
2864 6
3498 4
1694 1
3825 4
1489 1
633 6
1373 9
3167 6
2649 5
324 5
976 7
213 6
1010 2
2963 8
144 6
3708 7
2132 3
3745 9
3695 10
2478 8
264 4
1613 7
484 7
1915 3
3976 8
665 4
969 1
2612 3
1789 1
1549 4
2607 4
994 1
3199 4
955 8
3111 4
574 9
1079 2
3548 1
3618 1
1658 2
703 3
3225 2
249 4
1830 4
3679 9
2818 4
3205 5
2123 6
1745 5
585 3
630 2
3810 5
2557 3
1375 9
2175 1
3804 5
3164 8
2652 6
624 8
1219 3
1264 5
2666 1
2458 10
2927 6
1762 5
1242 10
1485 1
3729 1
2706 1
644 3
3868 6
1146 10
1849 5
2442 9
3054 5
3283 5
1441 4
301 9
1806 3
3158 3
163 5
1846 1
2059 5
3795 1
382 1
3293 1
792 1
859 4
2558 5
3012 1
1348 8
2679 5
2561 8
3852 1
3769 4
3648 2
1242 1
3005 2
1888 8
1320 9
2594 6
873 4
1963 10
2199 1
1545 10
3625 6
3233 8
142 1
1521 10
1062 8
2020 2
2382 6
2146 1
176 4
2589 2
1001 10
3965 6
3321 3
3709 1
2110 8
3380 8
3698 3
1517 5
3792 3
671 1
2291 4
1614 4
3959 7
400 8
198 5
1929 6
2148 1
1735 10
2652 8
2510 9
2849 10
782 6
2957 7
392 3
902 4
2909 7
283 1
3223 8
2595 1
1917 7
2759 6
60 1
3691 3
3529 6
570 7
2999 6
3591 3
2087 1
588 4
1971 5
1358 4
818 4
2399 3
3903 2
659 7
1458 6
3700 4
3750 3
478 2
353 10
627 3
2887 5
2128 3
3783 5
3854 1
3909 8
1898 8
830 1
382 1
1791 6
1830 4
1702 7
2243 9
2615 5
203 2
2065 3
1759 7
1039 3
2868 6
2439 9
1635 4
1318 10
177 5
3994 4
592 10
2942 4
1012 2
2410 7
3462 7
2424 4
644 9
2672 4
751 5
2933 2
3836 9
3542 6
3964 1
1622 7
1164 9
3509 1
3773 8
28 10
2885 6
3724 4
812 3
3560 10
2032 8
1799 7
2770 3
3667 4
3207 7
3428 4
3488 7
1166 6
3514 2
191 4
1286 6
1106 5
2586 6
2710 9
3134 9
2559 9
912 10
1684 4
904 6
2488 8
2773 4
3282 7
2471 1
2909 4
731 7
3704 1
1642 9
3078 3
2793 10
743 9
882 10
38 7
3746 5
1721 7
2786 7
2260 4
3174 9
1743 3
2561 6
3891 7
935 5
2864 10
1665 3
3002 8
1412 7
3352 2
3898 1
764 7
2080 4
1613 10
271 6
3696 3
1971 5
1995 9
1791 1
1072 4
3398 8
2104 10
2867 10
1549 3
123 4
2447 8
870 3
1121 4
3377 1
3289 9
3991 1
2659 8
1571 2
142 10
39 1
2565 7
1241 8
1239 3
1377 4
2240 9
1524 1
1326 6
404 5
1645 10
949 4
3451 1
2266 6
1629 4
1230 10
2136 10
1339 3
1025 10
3967 8
3469 4
3402 6
1514 10
3369 6
1364 1
3958 4
2952 4
3493 6
1493 6
1264 1
3470 8
2660 10
3850 10
339 5
3564 4
3696 9
1075 4
838 1
1427 3
1257 8
1090 9
3835 3
1811 5
552 10
2654 6
3306 10
1663 7
3350 4
1467 2
533 2
838 8
1469 5
3256 5
1661 9
115 2
868 2
3182 10
2027 8
3373 1
3590 3
2559 8
1559 3
3303 4
3243 2
3091 4
3107 8
3728 8
1868 6
3596 9
1232 7
634 1
2107 2
2402 9
1606 7
1870 4
3687 7
215 3
3575 1
3638 5
3363 8
3443 2
2556 5
1889 2
2935 7
2223 3
3294 1
2425 3
2652 10
661 3
2029 1
223 10
772 10
2245 1
3291 3
764 4
119 6
857 4
1528 4
1665 5
3789 6
2258 1
2207 1
2007 1
3641 1
1719 10
1367 8
2431 4
1388 4
1124 4
1489 1
161 10
1069 4
1055 2
2056 8
16 6
3935 7
2595 3
3483 5
820 8
2754 8
3257 8
1612 1
878 7
2535 6
1241 9
3107 1
2462 7
2087 7
3373 5
19 5
3751 1
3260 4
3052 9
1715 7
2152 6
893 1
34 10
1068 1
2564 8
3221 7
1606 7
2929 8
3610 2
2500 1
2529 9
3217 10
3829 6
2499 7
2829 1
646 9
3908 1
740 10
2962 9
2192 4
177 5
1679 5
74 8
1425 9
2238 8
2181 3
3861 1
762 3
2826 8
2311 8
740 1
2636 8
1143 9
2662 3
1569 7
3591 6
2182 8
451 3
1885 2
2613 10
3056 1
3456 8
88 5
3687 6
934 6
1429 2
683 2
429 10
2529 5
875 6
3768 10
2721 8
1730 8
4 3
3431 10
428 1
2698 7
3199 2
314 9
638 10
1498 4
2743 8
9 4
2154 4
2355 10
980 9
3318 1
2887 4
1589 3
1647 9
2185 1
2422 3
3643 3
3969 9
3491 6
2649 8
2709 10
2756 8
382 8
2785 8
59 6
960 10
3899 5
79 10
144 4
309 9
2306 3
2532 9
3219 4
2175 9
2956 9
2600 8
1375 9
588 6
2851 7
1453 8
3395 7
647 10
1503 2
1603 10
3162 5
839 3
266 9
2308 3
443 4
607 3
196 7
2521 4
2456 4
511 5
383 9
1363 4
2570 8
3793 2
1811 10
450 6
2795 2
396 5
3689 7
1152 3
1642 9
675 2
2779 10
2294 10
3297 3
1414 4
3026 2
3413 2
873 10
2462 10
1350 10
2925 4
275 9
1061 2
3584 9
152 2
2064 6
3402 6
1426 2
1950 2
3089 8
3032 7
444 1
3345 2
3207 5
3407 7
3032 6
1250 7
2754 10
528 2
1806 2
706 5
3573 7
1197 8
1239 1
905 4
2640 6
485 4
222 8
1986 9
2628 10
2459 7
1849 3
1499 9
1 1
3111 1
363 9
1136 10
1882 4
3386 7
2940 4
1888 9
3678 4
2814 10
3790 7
1613 1
3040 3
3370 4
250 4
895 3
399 3
3505 2
2879 6
2609 9
2622 7
3075 5
1097 6
2082 7
244 4
3369 7
2198 8
1587 9
2267 2
2205 9
225 3
2511 6
2948 4
3791 8
363 7
1445 1
505 4
359 2
3196 1
3983 8
833 10
424 6
1878 3
117 7
2446 7
947 7
1457 2
1802 8
2569 5
3895 7
1902 2
2044 7
627 9
343 7
2807 8
3007 9
2485 1
2099 8
1412 8
1866 5
2400 2
196 2
703 5
1607 5
2493 2
3131 2
2272 7
2727 5
1004 9
353 6
3185 1
2651 5
2160 2
2896 7
234 4
1275 1
2033 9
2936 6
2645 10
3153 2
640 7
1962 5
1098 4
3661 9
965 1
2799 5
2130 10
97 10
2435 5
705 5
3623 9
3238 9
1401 3
2767 2
273 3
741 4
3242 10
1700 6
618 6
398 6
757 7
3936 8
2362 9
1076 6
2269 6
1029 3
3547 4
3501 1
1409 4
3906 7
1269 6
1597 1
451 9
1274 7
3458 7
3875 9
2245 3
1709 3
3754 4
2769 6
3238 4
3988 4
1287 4
3655 4
2344 10
1184 9
3161 6
2792 9
268 4
763 10
2857 1
3643 4
1139 8
2140 4
3257 9
1905 7
1534 8
1622 10
3810 5
445 4
1646 8
122 6
1859 2
2550 2
612 4
2095 5
2440 7
870 7
2305 2
2639 10
3439 5
669 5
1734 10
1516 3
1396 7
1997 10
2604 7
1014 9
2357 4
711 5
3715 7
118 1
1213 6
3876 3
1222 8
998 3
557 2
1324 9
3029 8
1941 6
2013 7
3289 10
3888 7
2382 1
334 6
1964 1
3730 4
1993 8
1034 4
1061 7
3754 5
2391 2
2410 3
750 3
3763 1
3785 9
1173 1
3448 10
3788 1
2289 8
2319 3
3380 5
656 3
567 6
678 7
2746 3
1614 1
1076 10
3254 10
1748 5
3360 6
2321 7
613 9
3219 2
2975 1
719 10
2222 10
3719 9
413 6
2768 2
3234 10
1098 9
433 2
1227 7
2657 9
3429 8
2933 5
1131 9
1612 7
1192 8
3738 3
41 2
2805 5
3749 9
1233 9
2140 1
1476 6
437 8
3691 3
639 3
3571 10
1825 5
673 10
3257 8
3371 9
1113 10
748 8
2701 9
1979 8
1231 6
1500 4
916 7
262 1
2932 7
484 1
2717 8
1637 5
3584 7
1620 6
819 9
3936 9
2109 3
61 1
1069 1
273 10
2236 8
1519 7
1406 3
