1086
112 5
3762 10
1203 7
2999 6
2308 5
3851 5
3442 1
3288 2
2896 9
2506 8
230 1
2555 6
1439 7
2815 2
1905 6
1584 6
1689 2
1051 2
2972 10
1234 5
78 8
1608 9
2503 8
2919 8
657 3
2557 2
1163 6
1091 3
2417 7
1677 3
3378 7
1717 6
1856 4
2920 6
2892 2
2455 5
1072 7
3672 6
1331 1
3442 4
1160 2
1844 6
1367 10
2390 6
242 5
1743 3
2745 6
758 3
95 2
3928 8
2915 7
3464 4
249 1
2779 3
3126 8
2832 7
543 6
1582 2
2986 6
2445 2
1531 3
3171 2
96 4
1873 10
2270 7
3716 2
2146 8
1373 7
2417 2
3817 6
936 3
3985 3
629 2
3907 8
316 5
1559 1
1586 9
3811 10
1974 6
3616 5
859 9
306 4
2304 1
1980 1
1304 10
522 6
3194 9
3877 2
1322 8
2267 8
502 6
1188 4
2257 4
822 8
3468 1
2922 10
3728 8
3876 3
1957 2
935 10
719 10
3551 6
3483 8
2869 10
3678 4
2263 8
2071 7
2941 6
3080 6
1052 3
585 8
3343 4
1356 7
986 1
1362 3
733 5
621 3
2407 1
236 5
2936 8
2602 7
1877 8
3935 8
1272 9
3205 4
430 5
3716 8
3048 10
3839 4
2506 7
1318 10
22 6
1818 9
1210 6
731 7
2974 9
149 6
943 5
3622 6
3487 9
2866 6
1267 5
3568 10
2587 4
1426 2
998 2
1081 7
1603 7
2038 2
2696 2
2170 2
3959 5
223 8
2445 8
1277 8
3577 9
2214 6
3027 1
2298 2
2666 8
1212 10
3100 8
3219 5
1355 1
90 3
3290 10
368 6
2252 3
3648 8
749 5
2195 8
847 3
3249 10
3254 5
3148 9
1300 3
1677 5
3375 7
1684 8
774 5
1165 3
1959 2
2525 10
596 8
2561 9
3537 7
3752 10
3288 8
1892 8
3413 3
3741 7
3194 10
1685 6
1228 7
3349 1
44 4
3607 6
3359 10
922 8
351 10
2785 6
944 6
12 5
3203 3
2373 8
2047 9
3549 8
2131 6
2717 6
453 3
165 2
1430 5
608 10
2227 7
758 8
29 7
224 1
3186 8
2352 10
2587 5
2614 1
2620 9
732 1
3047 6
636 10
2689 10
468 7
810 5
513 2
3217 6
2081 10
2455 5
2167 7
3864 4
2298 5
2973 7
79 5
2444 6
2763 5
1494 5
1154 6
1728 5
747 9
450 3
3977 9
2299 7
91 8
3908 5
3284 6
3192 1
3533 8
1355 4
2454 1
2216 6
265 2
408 8
3135 6
2746 2
1568 1
3534 1
2880 5
129 2
3604 2
980 10
2633 2
1540 9
2814 10
572 1
1741 7
1246 1
2246 10
3574 1
828 9
3768 1
3653 2
1788 8
3878 2
209 8
285 9
2647 2
886 8
1356 2
3286 5
3544 8
1555 3
2465 8
1330 10
2927 10
1327 9
2201 3
3337 2
1398 10
1084 3
661 9
1949 5
3574 8
329 9
1238 3
1014 6
3647 3
1664 7
718 2
758 3
2019 8
3114 3
605 6
109 5
859 3
921 7
2756 4
3028 7
200 4
2868 3
2940 9
605 10
2570 7
989 1
2934 7
2153 5
19 2
1053 4
2620 9
2304 1
2819 4
965 6
1614 2
2107 8
2653 8
2558 9
525 8
1124 7
1384 8
2760 1
426 6
1755 3
246 6
3622 8
39 2
1874 3
311 2
2176 4
3971 7
2849 8
1445 10
839 5
2745 6
1713 1
3081 5
131 10
3889 5
956 9
3636 6
919 3
269 5
2923 8
214 9
899 2
2252 7
2070 7
169 4
3463 7
201 8
134 7
2965 7
102 2
3404 8
2997 7
205 7
3423 2
1870 2
3403 10
2560 4
789 1
3424 1
2202 4
1568 10
2639 9
340 5
834 10
3493 4
1823 2
3897 3
733 6
1657 4
2767 2
2714 1
2419 2
1997 3
958 5
143 4
3294 7
3770 7
3886 1
3298 1
38 2
2272 2
3064 7
2450 10
3172 9
3777 3
3661 9
3362 4
1690 2
2790 4
3366 2
2378 4
3312 10
3751 1
644 7
1755 10
1192 5
2758 4
2440 7
990 7
3707 10
2500 10
1971 5
2989 2
3784 10
1353 10
1286 7
2551 7
538 5
1872 1
2434 2
3847 3
3058 6
3256 4
487 8
1598 5
808 5
2146 8
176 1
1851 7
190 4
185 2
3981 1
400 2
1404 4
876 3
694 6
1023 9
2779 8
756 6
3822 2
968 2
101 1
1116 4
3372 7
1124 6
1242 6
2931 10
2723 6
3813 6
2260 9
2891 5
714 5
1650 4
1652 1
1332 6
2980 10
2414 10
2593 9
2728 2
808 5
3601 4
662 4
624 10
8 4
3524 3
2236 5
893 7
3165 2
3944 6
587 3
1439 6
577 9
863 6
909 6
3152 8
1347 5
1921 9
1786 7
1145 10
2877 2
2423 3
3451 2
11 3
3336 8
1506 8
1578 7
150 2
149 7
3163 3
2287 3
1940 9
3701 5
2644 5
3332 7
293 10
57 9
2781 3
2033 3
1452 5
2897 5
3551 3
1072 6
1687 3
80 9
243 7
353 3
2026 6
1734 9
3178 10
2638 3
2181 6
3588 5
718 9
1335 1
880 8
2138 10
3447 3
3061 2
892 9
603 6
3414 1
114 5
3964 9
3159 6
316 7
423 7
1607 7
3966 8
2738 9
3252 8
1735 10
1731 3
3410 5
226 1
1453 1
2637 6
2604 4
1427 7
2153 8
2374 7
3697 3
1791 1
2453 3
3232 7
1962 3
136 6
1914 10
2730 10
1041 5
2326 6
3208 6
950 1
1429 1
298 10
2449 4
2093 10
2113 5
926 9
750 8
1113 5
661 1
1651 10
159 4
809 10
1554 5
273 2
1383 2
1159 3
3050 9
1585 2
1717 8
3412 1
3740 9
701 5
2378 3
2649 10
2955 7
2614 6
1065 10
487 10
1551 4
363 9
281 9
1031 3
2778 1
3063 5
811 8
2809 5
3603 9
299 9
370 9
2336 2
3349 4
3687 4
2373 10
2204 1
16 7
1205 5
2894 6
1718 10
309 1
589 10
3133 6
1918 8
877 2
2360 4
2373 8
1215 2
497 1
1456 4
1213 4
248 6
1779 4
1630 1
294 2
2220 10
3491 8
1402 6
235 1
3450 5
586 2
3301 6
3651 10
2245 3
2369 4
2353 6
3559 8
1292 8
1594 3
3014 2
1170 7
3921 8
3485 10
3893 1
2283 6
502 1
3138 10
993 3
2852 10
3002 7
2621 1
192 4
3541 3
2623 10
2524 3
1117 10
129 7
358 7
2601 7
305 7
3367 5
3088 2
3326 6
3388 10
240 5
446 4
2987 9
1639 1
2135 9
1681 8
321 3
2388 1
1627 6
3146 1
73 8
2491 3
1886 6
2538 4
3325 8
2590 6
232 1
3154 9
2125 5
1509 9
467 5
219 1
586 9
1586 6
736 7
53 6
3677 6
3229 2
1392 4
3099 2
3391 4
551 3
1323 5
2317 1
770 5
3002 1
515 9
2443 3
2765 1
855 1
913 5
1232 4
643 7
2606 8
1589 4
2635 2
2469 8
376 10
2930 1
2743 2
3810 9
167 8
406 7
2643 10
3996 8
1723 1
1765 5
1914 2
1749 2
2398 5
2494 10
91 1
581 4
3784 2
2315 1
2928 5
981 2
2435 4
1117 9
722 1
1959 7
103 5
2980 7
19 1
3226 10
3229 4
2042 6
1866 10
3369 3
1343 7
1128 4
145 2
2940 10
1622 1
3774 9
3737 3
788 9
2521 10
3631 9
3315 1
1619 3
340 2
553 3
2672 10
2160 5
542 9
2632 5
2889 3
3190 4
928 1
2355 7
2358 4
3933 5
3892 9
3708 2
650 1
1622 7
2586 9
3196 10
373 4
3827 1
3715 4
475 5
968 3
1851 7
633 5
3755 2
1875 3
3761 4
973 5
3517 4
2561 6
3317 4
3743 8
2754 5
2682 7
3928 2
3816 9
690 1
2574 9
2428 9
938 10
3415 10
2960 8
256 7
3446 5
1281 4
1199 2
1631 3
2899 5
931 2
3229 6
3873 8
949 3
3156 10
3052 7
3807 6
658 3
3997 10
899 5
2483 6
2069 7
1841 1
3564 3
1876 5
831 4
1279 10
728 5
1453 3
2600 6
2905 9
3825 7
2494 3
1457 10
2711 8
1366 7
193 4
1988 9
2883 5
1041 1
517 6
162 10
1198 10
1811 2
309 3
571 1
817 4
5 2
2609 3
3688 3
916 2
1416 5
3218 7
1499 4
2249 2
3397 5
865 1
2132 10
3777 10
2188 10
999 3
349 8
3693 4
3016 3
654 6
2478 3
1893 3
953 4
2542 7
2512 5
2163 7
2016 6
848 4
1597 4
1415 2
957 5
2933 2
2270 9
3411 1
1435 2
287 4
3179 4
464 4
1033 8
765 7
3021 4
1695 10
3666 9
3314 9
2334 2
1664 5
2133 4
3134 3
2054 6
3237 3
3221 9
1243 2
223 9
3375 6
1329 7
2104 2
2473 9
1535 9
2731 6
3424 1
1430 10
2461 10
3045 10
1011 2
1038 5
1819 9
1950 9
3410 8
2659 7
1521 5
2360 5
2158 4
629 9
1058 8
1748 7
1257 7
2429 6
2125 7
1939 3
1122 5
709 6
187 4
2582 3
1524 9
2917 4
3111 1
2334 7
679 5
1631 3
3184 7
2564 1
509 8
3420 10
56 8
2681 3
1109 1
635 2
1991 2
3158 1
3242 2
1815 10
1271 8
3004 4
1732 2
1777 9
521 6
715 4
260 10
2641 7
3806 10
2214 1
3531 10
2769 9
1726 4
173 5
1067 5
1785 9
1979 9
3576 10
2532 6
3210 5
526 2
2586 1
3671 9
254 9
1079 8
938 8
29 3
1749 5
2808 2
2667 8
1351 4
409 2
130 7
3572 8
1215 9
3459 10
1270 6
2712 4
2588 7
730 4
660 6
3566 4
1393 4
3993 5
3270 8
368 3
1135 5
585 4
3933 2
3663 10
3997 7
1666 5
3209 6
3941 1
1942 3
3694 7
3716 10
1193 9
1033 9
2373 8
2223 3
2317 10
1769 8
2896 4
2514 1
3138 2
3710 3
1129 6
2183 10
2809 6
3810 6
3384 9
2567 7
1835 4
740 4
2839 4
3467 6
1009 1
527 9
1006 8
2619 3
2203 3
2339 10
759 1
1417 9
700 7
1121 4
3194 10
2382 8
2820 9
1691 3
497 6
1650 3
484 7
528 4
2268 6
839 4
1612 10
483 10
1316 3
1982 1
1615 8
2956 10
363 10
711 3
1629 6
2140 6
1066 7
2269 2
2470 3
2045 10
1577 3
455 4
2037 1
359 9
3713 6
566 7
3473 4
3242 2
2516 8
2492 2
2892 7
3033 6
3114 3
1970 9
2008 7
3197 8
3749 7
289 5
3300 6
3565 10
3709 1
3546 2
1274 7
60 10
3891 7
2509 6
3555 8
626 7
1362 10
555 8
3825 3
1488 10
3984 5
3855 4
3307 3
87 4
984 7
3072 8
3635 6
2104 3
