802
365 10
1449 3
1807 8
2040 8
2405 3
3622 5
2004 10
3074 4
1257 10
2940 4
3113 7
1833 10
1681 3
1866 3
1679 1
3941 9
2951 8
2674 10
110 4
2111 2
3715 10
2845 5
2169 2
2617 6
3023 6
164 2
1368 7
243 1
259 7
3975 6
1068 3
1989 8
2633 2
3656 5
2037 3
2331 8
3649 3
1871 3
86 9
3379 9
60 3
438 3
2391 7
2447 10
3340 9
3422 3
2824 7
3145 7
1938 2
232 4
1588 5
2473 1
677 5
3484 4
2234 8
1384 7
1553 3
2796 3
1372 2
951 1
1356 1
3185 5
156 7
1160 8
3010 6
3860 9
1913 1
1002 3
1193 6
3621 1
245 4
808 7
1836 6
1654 7
658 8
3642 6
356 7
2391 8
1583 3
3634 6
145 4
1379 10
14 6
2231 2
1436 4
1601 2
2832 5
676 5
3399 7
2274 6
438 5
2025 6
3307 10
1785 10
3777 1
1015 2
1488 2
1245 5
42 4
855 1
2031 10
56 3
1858 1
163 9
1578 5
538 10
3522 8
2987 3
489 2
725 9
3562 4
3672 2
1797 2
3298 2
3997 9
2187 3
2217 3
842 7
3035 3
293 1
3091 10
477 4
636 4
3264 4
3102 4
2957 2
307 2
2051 4
523 2
1227 10
3032 5
3689 6
385 5
591 9
2763 3
1474 9
1276 5
739 6
591 7
2976 4
195 9
2072 6
603 3
1290 9
1655 9
1639 7
2145 9
3907 3
10 4
1392 7
219 9
3267 7
84 10
1589 8
1344 9
2931 9
966 1
3583 3
3586 6
3605 4
3107 2
1222 8
2490 4
2536 8
3249 1
1644 3
802 5
1543 6
1387 5
2674 3
2473 3
1946 1
1465 10
2848 6
2081 6
1826 7
1173 1
816 4
3067 2
1656 5
3808 7
1667 4
2992 7
3630 4
3369 6
26 10
2168 10
3828 1
124 10
3613 6
1990 5
1939 6
231 4
3646 9
2026 2
196 4
78 8
630 4
117 1
2168 4
135 7
3525 5
2008 10
3929 2
1757 4
3469 7
835 8
543 2
1577 10
1015 9
3369 3
2235 1
2067 9
1084 2
3193 2
1950 8
404 8
2204 4
2950 7
1522 8
3566 3
697 9
1591 5
3854 2
2121 6
1147 7
3479 3
1701 8
3399 6
3965 7
2549 5
2151 3
1280 2
2942 5
804 2
957 5
3830 1
1119 10
243 10
1473 3
625 4
3883 8
2892 4
674 4
2547 1
825 1
432 8
2027 4
716 3
2539 2
296 6
1276 2
2517 9
1249 9
998 8
150 2
4000 10
677 4
2225 2
619 9
1134 1
1832 4
2707 5
1755 10
2279 4
3107 3
2237 5
1830 8
3908 10
214 1
1144 2
2951 4
1007 3
2371 1
3012 2
3311 1
936 3
3539 5
2084 1
357 2
225 5
446 5
3584 3
1892 5
1202 6
1223 6
1353 3
860 10
1092 2
652 1
871 5
1214 3
1809 7
1881 5
2429 10
1779 1
1890 6
2437 2
3147 1
3349 5
3215 9
402 9
145 4
3475 4
1249 7
3361 1
3570 9
640 2
3762 1
3642 4
2221 3
2276 7
458 2
111 2
3652 2
2936 1
379 4
729 3
3961 10
782 9
389 4
1952 10
2259 5
2286 8
3650 2
1527 4
324 9
3025 1
3802 10
2349 4
1142 4
776 5
743 9
2099 10
1856 2
612 9
1809 4
35 9
1172 2
1231 4
1713 1
1318 2
2219 10
3816 8
1641 3
3949 1
2342 8
906 9
737 3
488 10
966 6
1949 6
1883 5
530 4
1228 8
1635 2
111 5
3953 1
3769 6
3059 2
3775 1
3257 1
2830 2
448 5
947 1
3257 9
3115 3
2394 5
909 6
811 7
2195 3
3114 10
549 7
984 1
2686 6
9 5
3229 6
2608 10
29 2
137 5
3805 2
2149 10
3976 3
2930 1
30 4
1800 5
1922 7
1061 2
2186 6
2577 10
1602 3
1379 8
801 8
2346 5
1051 9
1629 1
1589 3
3524 4
68 6
2389 2
542 1
2104 6
3711 7
2090 10
494 1
1286 1
230 7
2423 9
2213 2
3504 3
1320 2
3660 6
269 1
126 5
63 9
3987 6
2590 1
3179 5
2180 8
2595 2
866 4
1046 3
3433 8
1551 4
3569 5
2497 8
2181 7
1119 1
3124 4
3316 6
18 1
3092 6
933 7
97 3
97 2
2192 1
1772 4
1409 6
2691 4
1322 5
3587 1
2589 9
2825 2
2509 10
3122 9
837 8
1603 8
689 3
3251 6
2315 4
3844 4
39 1
1606 7
1544 10
3100 2
1377 10
2837 1
1660 2
60 10
3718 1
544 5
3049 7
1108 9
2841 3
3072 8
440 4
3959 9
218 8
607 1
769 6
2676 5
506 3
3574 3
742 3
3614 6
3483 1
357 6
2696 9
3204 2
2300 6
3541 7
2160 6
2289 1
2424 7
168 9
3254 5
748 2
887 3
598 1
3484 9
1064 8
2458 10
3841 4
3139 6
180 5
1667 9
3185 8
3315 6
3138 4
3970 1
2759 4
2783 5
795 5
3543 2
1629 7
1917 7
833 8
613 1
2196 2
121 3
475 10
389 5
148 6
2594 5
3355 1
550 6
2006 6
2058 8
1450 10
883 9
1540 9
1154 2
1265 9
3372 3
1470 10
770 7
609 7
3602 4
1494 1
372 8
2242 10
3478 5
3684 3
2633 5
2423 6
3929 8
282 1
761 1
320 4
1469 4
3864 7
294 10
254 10
1754 4
1832 9
3569 8
3417 1
3449 7
2882 6
3907 5
3812 3
2395 6
2191 2
84 3
807 1
1026 8
425 6
3590 5
2466 6
445 4
3225 5
794 2
2648 4
2543 9
3606 8
2968 6
2632 4
3000 8
1988 6
3922 9
1685 6
82 6
2354 8
1633 2
1150 3
3660 1
3817 10
1733 9
1317 5
1689 2
3482 3
1216 2
3211 6
3457 9
7 4
2691 1
530 10
221 3
2697 8
783 7
3129 7
2230 5
136 8
996 10
194 8
1966 7
3518 7
204 2
2798 3
2788 8
202 10
120 4
1534 2
1715 7
888 5
1784 2
3539 9
3908 2
327 5
3270 3
2894 8
1302 2
3568 5
1867 7
1488 3
3403 8
213 4
1624 2
1274 6
221 4
3742 7
765 9
2436 4
1524 5
684 2
1396 6
2721 7
1009 8
410 10
2525 5
3529 7
2326 5
454 5
2235 3
3709 4
2706 1
1691 1
701 10
2493 4
1064 7
3354 4
1828 10
292 4
2552 3
2130 10
2579 8
1249 6
731 8
799 4
2833 4
2415 7
1826 7
1552 4
3952 10
2765 4
2359 10
1094 5
1640 1
373 7
242 9
1739 8
3580 5
665 10
1412 8
2199 10
683 4
1584 8
318 8
755 2
3262 9
3156 4
393 1
3354 7
3824 10
2582 6
3775 3
3858 8
3232 9
1104 3
1775 7
3990 7
1199 3
793 7
1836 10
3118 5
1992 4
1955 8
767 10
3124 7
2682 6
223 1
2463 6
497 8
3551 6
2814 10
2847 3
1661 3
3647 6
2001 6
2118 2
3073 8
653 3
2600 1
695 1
86 5
440 9
2142 2
2003 8
511 1
1009 10
2891 5
1033 1
778 2
2675 1
2016 10
1052 10
1666 1
837 2
2381 6
1547 7
2232 6
2937 3
2877 5
2705 8
1676 2
2855 10
2584 7
895 7
3063 5
2545 10
3566 6
1372 3
2331 10
3288 3
1202 2
771 5
3008 7
1861 5
1811 3
2499 5
3080 5
560 7
1755 9
1840 7
1387 1
2907 6
1460 10
2736 4
1419 3
135 8
3117 6
733 3
3408 6
1052 7
2712 2
1001 1
732 6
908 9
1350 8
892 9
167 4
3792 10
2657 10
2647 4
3058 6
2353 9
1800 9
3419 7
3111 9
3967 1
965 7
601 2
2023 3
1836 8
1001 9
1459 3
3042 3
3080 2
3965 3
1225 10
3601 9
302 3
2306 6
3892 10
3878 10
1445 7
1568 8
2149 10
3425 4
895 3
2186 9
102 1
1196 1
2804 6
2344 4
974 7
3711 7
3494 6
3771 9
1904 9
387 5
1942 3
