675
1863 2
426 2
1661 4
3527 1
731 10
754 3
3657 1
3214 1
2861 3
1664 4
350 2
427 9
1561 6
1780 2
3764 8
3527 4
3638 3
417 1
2093 4
2068 7
1501 5
46 5
3256 7
1354 5
1952 7
3325 2
1303 9
3074 5
3584 3
3423 2
1203 2
1398 7
341 2
2421 9
3710 2
766 6
385 5
1872 7
3223 6
60 4
3652 2
432 10
1585 3
1623 4
3024 7
3119 8
2243 1
666 6
814 7
2783 2
2512 8
822 1
1702 3
286 8
1736 5
1243 6
2530 3
1288 2
3620 10
466 10
1162 10
1421 8
1253 1
1740 10
3584 3
229 8
348 3
587 5
2460 6
1499 2
2890 10
503 2
3768 8
1814 4
2680 9
145 9
2661 4
2191 4
2519 5
1339 3
491 8
2409 2
3913 5
29 8
3444 4
3100 6
3861 7
1984 9
168 3
312 8
1422 4
822 4
1033 2
1215 7
3411 7
2103 4
1296 3
2282 1
1359 5
1500 4
661 9
2762 8
978 2
287 5
3145 8
704 10
3420 8
504 2
1175 9
357 7
3680 9
1288 3
1605 5
1961 3
382 1
2201 4
2431 2
3846 2
1183 7
3091 8
36 1
3293 2
564 10
1887 5
365 5
167 5
2463 6
2535 4
3412 4
2941 5
2599 1
251 3
458 10
3791 4
3806 2
692 9
3255 8
3999 1
2662 2
3980 2
2501 1
1279 10
3046 7
1563 7
861 10
3566 1
241 1
3618 9
831 5
3421 10
2791 10
3306 7
1604 6
1359 7
1368 10
2941 3
1863 6
2939 4
263 10
3012 2
406 8
2332 9
3388 1
2118 10
1021 5
2713 2
2464 9
2230 6
3266 9
1060 9
2724 1
1548 6
3345 4
1318 3
1169 7
3138 1
1193 1
351 6
3040 9
2256 3
2116 5
2722 7
1771 2
1911 8
2810 9
3406 6
3385 10
1729 5
3229 5
893 6
133 10
2581 5
213 5
1120 9
46 8
3615 2
588 10
2424 9
3271 10
645 10
650 3
3549 6
1159 9
3258 4
410 7
1602 4
2673 3
3062 2
2842 10
1982 2
3637 2
2163 9
990 2
3643 10
908 1
649 3
2356 8
1562 3
3703 8
529 9
2168 5
3692 5
391 10
2220 9
537 5
665 5
661 8
484 10
1560 1
2819 5
778 7
1985 1
3344 2
1596 9
1824 9
85 3
1631 10
1795 3
2574 2
312 10
3209 8
3050 5
3583 6
1315 1
3388 8
313 7
2826 1
3567 8
2180 8
3955 9
3410 8
854 2
616 7
2695 5
358 3
208 3
82 8
1631 5
2785 6
3007 8
3178 2
3028 6
3843 10
458 9
50 6
327 8
1501 1
2077 2
3482 6
3793 6
496 7
3166 6
532 6
2986 5
965 7
760 4
1016 3
1093 9
3309 8
2875 5
1752 8
3481 1
2058 6
448 6
277 1
3568 8
1123 7
1825 9
3783 7
2378 9
1738 10
926 9
3376 1
1946 5
2785 1
2881 10
3473 5
872 10
815 10
977 9
3898 3
3188 1
1991 6
2905 2
980 4
3152 7
105 2
2242 6
1577 9
413 9
2214 5
3387 8
3010 8
1036 9
2966 8
1824 5
3623 6
669 10
2236 10
3047 10
346 2
1803 3
2376 5
523 10
3092 2
1701 4
3156 9
228 4
1549 10
2893 5
551 10
1299 2
2582 3
412 8
379 5
738 1
3257 4
1443 5
1321 5
1273 7
3007 6
1634 1
91 4
2081 9
656 1
748 8
1992 10
1028 1
3822 6
896 1
787 2
2386 8
3474 6
3800 8
2252 4
2308 5
3028 5
421 6
43 9
1780 7
3750 1
519 7
563 9
2554 9
3472 7
3057 5
980 10
3479 9
3836 6
2754 10
935 1
1365 5
1010 4
884 10
1261 6
2236 2
628 4
3512 2
1687 8
3037 10
3579 10
143 5
94 5
2890 10
3103 5
1266 5
1452 7
2027 10
657 8
2001 7
536 5
3281 9
1244 1
3879 10
1404 9
3253 9
38 5
2555 9
3650 8
2873 7
2651 2
3447 6
1034 8
1030 8
58 3
3828 8
2812 9
1595 1
2396 3
690 2
2371 8
2363 10
2364 10
2540 8
3247 1
1302 4
1704 3
3793 2
2529 7
190 7
3148 6
2339 7
2186 4
2011 10
271 8
3867 5
395 10
2910 1
3450 10
266 1
173 10
1665 1
2639 10
3185 7
3169 1
3012 4
551 7
2592 6
1832 7
3440 8
3898 5
1945 4
1132 4
1286 2
346 5
981 9
796 6
3368 9
2447 10
3813 1
571 10
3079 5
3971 6
3562 10
312 3
1714 4
3231 6
2613 10
622 6
1268 3
3179 2
2086 3
1405 6
3901 10
2504 3
2327 5
2198 6
359 10
497 4
1305 10
1106 6
1514 7
3837 9
3405 7
2290 4
551 2
3997 5
3596 6
2599 8
3367 3
3803 6
455 4
3666 3
1204 5
3832 10
3798 1
3772 4
3670 1
364 3
3011 4
406 3
375 10
3928 8
1143 3
898 8
3559 10
2719 2
2539 6
1671 8
2815 8
1296 6
96 3
3256 3
3096 2
148 1
1198 10
2164 2
3436 9
3253 5
2512 8
3438 1
1811 5
476 5
77 3
2366 2
3311 5
2897 10
1943 2
2117 8
3623 1
3606 2
3191 3
2836 7
3974 5
635 4
333 1
3972 8
1149 4
3218 7
3948 10
2678 1
1892 3
3187 3
1627 6
2299 2
3700 3
3537 8
988 3
1076 4
3686 1
818 1
2392 1
3403 2
212 1
1401 3
2344 6
2991 2
1910 10
639 6
1124 6
1666 6
2853 2
893 1
1279 7
1462 4
579 4
3235 9
1552 1
483 6
2720 6
2938 8
3681 3
2537 5
1102 5
3340 7
3259 7
859 2
1300 8
1474 3
1367 7
113 8
3813 6
3396 8
598 7
2348 5
314 2
3284 4
3152 1
2397 8
2282 1
1995 8
2007 7
741 8
1105 10
1697 3
940 1
2605 8
2701 5
967 1
1160 5
2983 10
2249 7
583 7
3868 5
2802 3
2189 10
458 8
3657 5
3256 5
714 7
3129 6
767 1
3595 8
2098 2
692 5
1024 2
2058 7
397 4
3828 10
1093 6
3368 8
172 6
435 8
1183 7
3197 5
657 5
1954 8
3535 1
2122 5
2084 6
233 6
2053 6
1792 5
3014 3
626 3
3172 4
2328 1
2201 10
2245 8
2179 3
275 1
2917 6
3972 6
2548 3
3842 8
51 9
1640 10
3800 4
3622 2
1973 6
969 6
1599 2
2760 5
1858 5
3128 6
3084 1
2586 8
22 5
2368 8
726 6
795 3
775 8
3272 9
2127 1
2998 8
528 5
2233 9
1720 8
666 6
3114 9
1173 5
3722 9
2538 2
2420 3
1941 6
3606 10
1174 8
3417 5
945 8
1820 1
3358 8
3553 8
411 8
2031 10
2893 7
