101 5050
11 18
99 45
50 53
31 94
92 97
45 49
55 48
38 57
3 17
47 52
51 40
46 25
51 61
26 46
77 52
13 12
43 83
96 34
48 99
1 100
86 70
55 19
87 78
24 82
47 80
76 57
3 27
63 49
96 36
67 75
93 69
4 79
78 59
59 49
3 24
45 100
47 27
15 58
63 54
35 87
44 29
94 55
75 65
23 41
99 51
38 101
44 90
24 60
43 76
43 64
98 16
92 40
79 13
38 40
3 41
46 31
90 23
13 93
81 43
40 22
75 84
77 49
6 78
68 34
75 79
9 42
7 39
2 30
11 71
57 22
68 17
75 11
101 56
44 30
61 80
30 98
84 95
96 58
35 94
71 38
91 56
50 22
78 16
51 71
6 32
3 12
98 88
82 63
46 28
34 56
29 64
31 68
39 83
9 78
59 73
3 13
86 63
66 97
77 57
24 39
65 9
4 78
13 11
3 29
5 73
13 91
57 71
34 5
28 81
100 12
27 49
89 71
82 44
77 70
38 85
61 34
63 47
57 27
5 58
33 91
57 62
16 28
94 91
19 39
44 60
2 19
59 27
35 11
86 90
42 82
11 50
93 27
15 16
20 42
64 73
72 91
34 50
16 47
97 18
96 35
79 55
56 98
48 50
23 64
46 71
9 21
6 7
63 26
19 30
41 45
52 14
7 69
35 47
42 86
92 25
46 16
1 15
27 67
75 38
64 87
13 59
57 66
19 40
81 70
50 27
33 98
5 19
55 65
59 85
40 25
64 21
5 74
81 1
67 26
40 75
29 8
87 46
86 60
71 30
63 13
76 88
14 65
78 57
37 45
78 2
23 79
19 54
33 77
50 19
29 12
46 22
43 84
88 47
6 93
19 73
86 87
53 42
90 88
66 91
37 38
37 78
22 16
19 69
90 31
22 78
9 30
14 69
56 61
76 72
64 94
49 101
93 65
81 63
26 42
15 43
73 53
2 70
21 13
50 9
65 29
85 101
89 22
67 57
50 71
23 40
52 21
57 33
71 13
79 78
74 8
11 77
24 4
57 25
98 100
61 83
40 46
85 4
75 21
27 28
23 51
42 87
74 71
40 88
28 85
22 20
13 75
74 62
97 63
90 61
63 72
49 92
17 43
4 38
53 88
29 53
15 76
96 100
34 4
41 35
14 20
89 5
61 87
34 1
39 93
47 83
72 3
34 83
91 21
10 98
42 92
79 85
7 51
51 80
67 53
48 60
10 91
96 81
79 71
40 49
28 53
75 15
91 1
4 93
96 37
93 49
39 59
12 86
24 15
81 101
84 8
86 3
63 48
85 82
44 75
63 69
36 63
20 101
57 44
52 27
74 4
97 9
10 25
53 65
51 16
85 29
13 81
49 53
73 94
4 90
92 48
10 45
65 41
80 16
19 62
69 28
46 5
57 21
95 43
73 37
50 87
98 76
85 84
63 12
22 14
30 6
94 24
60 29
85 86
89 20
30 74
53 27
86 94
15 38
47 58
28 101
95 2
8 38
4 42
17 83
86 54
59 63
95 32
12 34
78 54
53 1
27 21
7 73
94 25
70 11
74 59
24 95
2 39
67 42
80 14
48 66
51 9
99 72
95 8
79 36
50 80
57 32
100 2
28 37
51 78
74 69
93 88
89 3
35 9
33 86
43 21
55 43
33 38
44 40
66 34
50 73
51 11
16 5
52 54
84 90
92 3
93 47
100 76
41 66
94 48
52 11
47 30
98 89
10 73
78 67
88 58
19 22
97 1
18 64
59 25
82 20
33 25
15 29
15 34
52 42
54 16
62 5
27 75
26 89
45 43
29 100
71 26
44 5
59 9
6 86
22 13
52 45
57 99
75 97
3 70
72 18
96 94
94 47
62 15
30 94
6 33
11 86
71 5
14 17
76 94
28 72
99 91
48 85
17 19
6 71
95 79
25 2
81 88
19 77
59 69
71 73
84 27
50 82
90 83
43 82
95 28
65 78
95 37
51 92
98 82
89 9
9 43
43 39
24 91
80 73
49 91
48 42
60 92
31 98
56 15
72 55
43 90
88 33
98 39
11 69
34 49
13 88
17 66
62 44
18 56
90 67
28 47
6 44
49 94
66 1
5 28
28 51
62 56
58 36
41 6
76 60
21 72
32 62
57 47
64 22
46 50
95 98
69 12
12 37
95 47
10 56
80 88
46 58
4 96
50 56
91 57
36 35
32 7
13 24
80 3
10 21
54 56
70 67
52 4
29 49
35 48
19 88
98 47
15 22
71 17
86 37
53 35
26 2
96 95
25 81
99 44
48 17
23 4
1 28
96 12
90 17
54 49
35 61
89 73
37 25
18 54
76 91
40 82
8 68
41 2
89 32
69 35
59 62
66 12
34 90
81 86
6 43
96 63
18 39
3 18
40 39
9 54
79 53
42 10
78 101
77 12
42 72
69 16
20 34
98 24
63 64
93 19
69 21
31 86
31 85
94 70
57 56
94 44
1 73
34 75
50 99
20 11
74 66
84 60
29 70
87 45
68 13
90 42
72 59
33 48
86 4
47 1
30 75
74 82
72 77
51 46
13 6
73 6
101 72
62 49
99 66
72 9
16 93
76 81
41 70
101 66
65 67
83 97
87 23
54 34
39 21
12 98
56 36
9 48
63 58
61 84
14 55
65 57
50 81
78 96
4 37
16 67
24 36
10 19
20 25
38 77
52 80
80 22
93 92
101 8
66 61
19 25
65 95
66 7
48 14
39 9
74 9
14 47
27 16
6 24
85 53
84 52
99 42
94 3
80 26
68 73
45 44
37 18
73 13
19 81
6 26
94 88
61 12
45 88
98 2
91 20
93 48
79 34
60 79
90 50
88 31
38 89
65 70
36 88
90 1
8 23
38 45
17 6
54 8
63 40
28 91
99 62
11 44
96 7
94 37
15 33
51 48
92 75
52 43
35 14
23 44
67 51
53 32
82 52
14 72
89 78
27 56
84 30
85 26
10 51
94 61
6 46
61 25
24 2
84 59
92 101
12 78
43 5
95 52
94 20
44 72
73 11
13 16
89 94
47 69
18 88
101 51
82 49
72 74
3 79
32 47
43 11
59 71
72 13
38 68
29 2
79 46
77 100
66 16
41 13
99 16
44 71
63 9
37 98
5 68
28 44
82 4
16 81
36 33
48 84
58 100
28 100
18 22
78 58
90 37
21 47
35 19
65 60
88 99
52 91
2 86
26 65
9 20
32 15
65 21
54 39
20 81
49 50
12 22
12 11
48 12
84 83
23 5
43 63
67 40
74 39
21 67
18 29
66 68
94 90
16 73
31 59
54 20
69 70
4 80
55 2
6 55
74 85
2 47
28 15
17 31
41 69
83 11
16 6
54 30
39 12
90 26
94 85
8 12
89 31
18 83
68 60
26 31
53 71
37 64
14 79
50 63
82 26
71 55
78 27
80 85
28 11
5 60
25 11
89 27
77 21
85 21
55 44
16 56
86 43
92 43
19 78
68 99
28 76
87 33
32 79
77 3
61 1
36 61
13 29
1 75
6 53
49 15
98 74
47 92
57 89
92 39
45 58
13 39
44 93
21 20
3 85
55 99
2 23
74 58
82 84
48 88
39 11
20 79
19 3
69 22
36 84
85 78
75 82
39 55
85 93
84 31
99 27
16 1
38 60
29 94
99 7
63 74
13 20
26 98
83 86
11 34
23 52
58 81
40 100
35 39
35 32
44 65
91 43
85 32
2 67
48 87
98 51
13 5
51 57
2 71
19 46
46 76
81 6
18 85
34 55
4 88
16 58
37 33
61 82
46 49
70 20
83 37
99 15
40 3
41 78
11 68
55 97
6 101
15 39
43 70
12 64
3 20
92 62
10 5
46 38
52 41
38 52
57 26
42 97
11 89
2 37
22 34
64 98
89 93
54 65
27 42
69 55
44 73
48 82
92 79
9 17
100 4
72 11
5 42
39 65
36 34
56 77
74 43
18 55
7 57
92 55
90 75
98 101
96 19
68 95
31 15
42 61
70 71
11 30
75 12
94 80
89 88
8 92
10 6
101 44
7 24
18 1
89 63
27 73
72 97
99 94
23 82
8 98
98 1
42 45
18 62
27 71
33 10
45 55
84 7
69 88
87 18
97 79
87 43
95 101
44 92
101 61
41 20
35 82
10 35
80 57
6 22
97 41
25 3
88 35
96 60
4 60
65 30
54 76
67 47
4 65
57 3
60 80
62 14
71 66
73 69
82 6
99 58
73 93
51 70
47 10
32 63
69 86
92 37
81 92
98 65
52 29
101 96
44 4
69 68
90 59
62 35
2 90
22 101
47 3
36 69
59 76
86 99
26 47
38 16
4 70
50 66
53 74
86 25
36 75
54 87
100 73
56 100
36 98
5 35
41 22
2 13
71 43
83 15
14 15
100 22
30 5
53 37
73 18
46 89
48 28
3 58
15 12
21 61
61 2
11 85
73 56
100 67
57 43
97 78
97 69
54 21
72 87
64 26
11 95
27 35
14 8
9 36
5 33
24 38
95 44
56 26
15 92
8 79
87 82
4 75
77 60
69 57
84 37
21 66
22 70
98 83
19 37
43 23
93 36
64 28
23 59
81 12
79 101
85 88
12 36
79 88
4 71
36 68
85 41
15 101
4 5
80 37
48 68
62 70
89 92
101 46
28 41
81 52
7 97
15 9
4 83
47 7
41 24
6 52
24 66
11 98
17 62
46 36
91 38
18 33
71 82
92 33
32 2
86 40
52 3
20 37
70 21
100 39
67 64
86 19
16 48
36 11
30 88
23 7
47 39
97 31
58 72
98 42
58 21
4 81
97 33
35 34
97 37
28 71
20 30
22 61
89 35
64 10
90 14
64 82
68 91
68 49
57 42
4 46
99 3
87 81
79 70
80 33
9 64
81 84
31 3
98 78
34 85
29 75
3 73
28 65
40 101
69 29
57 55
75 3
23 58
73 82
77 39
15 96
99 101
66 23
85 100
48 75
52 53
2 72
46 66
41 98
51 82
89 96
44 26
28 34
80 83
97 100
93 33
86 98
96 64
15 19
4 6
47 60
91 85
50 25
18 41
98 72
50 60
41 84
56 21
77 71
101 97
85 70
5 75
14 6
28 99
75 71
15 91
20 85
10 60
62 51
38 27
80 43
59 75
59 65
79 83
20 36
101 7
90 45
11 3
33 21
76 85
92 65
85 6
97 90
44 70
83 88
16 95
39 26
57 18
90 6
100 25
52 94
54 89
84 15
18 42
52 48
20 18
66 30
41 100
97 73
92 58
73 43
52 32
70 28
99 30
66 40
9 56
74 12
84 92
101 75
96 13
24 65
48 20
84 47
5 72
64 20
9 53
48 36
43 37
2 34
3 36
58 84
37 46
90 73
40 62
98 28
98 92
75 60
6 21
50 58
72 36
22 68
83 6
94 66
89 53
39 63
74 61
1 51
58 1
34 37
3 15
21 53
23 91
60 26
83 58
44 47
5 6
52 100
22 49
10 49
79 12
36 2
98 57
76 67
59 2
16 59
85 60
10 67
86 41
101 83
54 22
24 92
29 71
63 90
5 31
36 25
56 13
98 84
80 7
49 55
86 71
30 101
52 2
50 96
96 44
68 23
41 82
52 58
10 93
43 77
40 54
10 87
95 54
19 59
55 98
97 30
2 65
57 59
43 16
65 71
81 10
78 60
53 22
30 62
55 9
50 10
70 75
88 86
52 89
95 60
71 12
32 34
13 70
85 72
56 37
56 3
62 61
67 71
38 25
26 76
49 35
96 54
30 95
26 55
93 22
37 71
37 63
80 29
91 30
86 34
29 97
36 40
8 61
29 16
47 48
1 92
51 31
23 6
51 5
84 56
17 75
101 89
13 35
89 24
6 95
69 67
57 46
21 50
97 87
55 38
88 87
40 78
44 16
27 11
46 67
34 30
13 95
42 46
63 87
90 78
32 27
10 97
83 82
12 4
50 75
3 33
34 78
92 77
101 2
44 50
52 39
54 66
38 93
47 34
56 5
71 42
23 30
95 92
82 37
88 71
87 68
68 89
90 76
71 41
14 99
37 26
95 56
59 66
93 32
10 59
68 57
92 99
30 87
33 2
19 31
48 64
71 99
70 58
96 27
45 94
76 68
85 98
35 66
24 52
55 10
71 48
86 35
82 15
69 20
88 100
2 73
78 29
97 65
23 32
88 12
3 2
100 17
31 42
95 34
72 17
31 37
66 96
8 87
69 66
31 74
24 100
89 40
81 51
94 7
14 33
29 82
20 57
25 35
51 59
19 80
8 32
49 98
47 12
89 50
53 70
11 6
74 87
96 77
89 49
64 91
47 15
6 29
57 70
3 51
23 53
61 37
69 3
10 68
79 35
29 84
87 24
5 9
7 18
100 57
78 94
67 29
67 28
7 10
59 38
9 88
25 83
89 36
94 65
59 47
32 45
37 6
32 91
41 8
16 86
56 28
78 21
59 46
98 4
67 92
36 73
23 85
70 23
20 51
89 99
50 41
15 67
91 39
88 29
81 24
38 21
84 20
43 88
75 73
96 47
52 98
57 95
15 97
80 89
76 42
27 61
33 68
10 28
17 87
27 65
40 14
13 48
2 22
61 92
92 17
33 62
52 49
22 62
19 29
69 80
53 55
1 70
53 96
51 93
48 65
99 65
71 58
29 5
80 46
13 7
92 74
70 100
36 44
35 64
11 2
20 16
82 86
20 98
11 8
55 59
20 88
54 29
20 2
82 100
68 70
42 60
20 76
77 54
85 63
101 77
54 13
26 70
41 21
44 74
30 43
47 51
6 25
5 49
85 13
48 53
53 57
10 23
74 20
14 91
72 10
28 35
78 15
32 44
49 6
6 63
51 55
101 65
3 30
72 51
51 8
86 5
18 69
40 59
53 100
94 46
33 100
39 44
35 84
94 79
94 81
10 20
35 46
59 7
96 24
100 81
12 45
19 8
26 51
98 40
91 67
7 34
51 15
36 29
100 95
32 41
30 90
54 26
59 83
2 81
90 36
51 97
97 20
31 73
54 2
82 59
35 76
55 27
76 44
58 17
50 30
60 32
63 42
63 68
14 13
62 73
77 31
12 59
32 87
53 41
83 20
83 38
57 60
60 54
86 57
71 81
90 89
100 61
9 40
52 62
24 62
31 76
84 57
67 59
52 56
13 10
78 3
39 61
50 93
60 46
97 50
73 95
83 3
14 97
36 54
10 85
7 86
44 51
17 70
30 93
97 23
11 22
88 37
79 24
55 30
59 6
62 45
70 91
41 93
56 35
75 93
27 91
68 47
5 2
73 40
40 72
80 41
83 35
85 45
24 26
29 81
96 11
96 69
77 17
20 80
46 69
88 1
66 58
79 62
70 30
15 72
87 1
39 95
68 35
48 56
46 65
68 46
43 56
22 42
17 41
81 82
92 5
85 5
70 9
38 88
18 44
41 56
93 46
101 35
48 54
82 68
35 95
59 93
63 10
58 51
48 34
59 15
11 9
3 54
59 43
2 74
35 67
44 85
7 53
82 21
81 30
1 6
25 74
13 65
16 40
59 54
66 95
17 78
68 88
59 88
30 52
85 42
66 55
60 94
28 79
49 65
45 75
59 79
17 26
87 26
28 39
64 51
25 90
75 10
28 40
47 87
43 100
55 83
82 14
71 61
60 70
23 100
41 95
25 62
35 51
83 89
68 54
87 80
43 35
86 65
17 25
79 63
58 19
100 55
57 49
3 62
49 69
83 30
59 89
20 73
42 41
81 90
13 101
18 59
80 18
21 23
100 75
80 96
94 19
69 25
86 56
93 45
29 50
99 1
24 34
54 81
53 91
49 14
80 32
5 93
75 2
65 79
33 61
47 24
55 80
14 23
4 89
74 22
12 28
43 31
20 67
15 45
42 54
24 101
62 6
31 87
55 73
50 31
55 87
77 67
9 13
22 47
35 12
28 22
69 32
57 12
16 11
83 29
15 65
38 23
1 37
37 42
98 87
25 72
3 8
9 12
72 80
67 19
46 70
54 73
40 84
4 64
90 7
82 91
101 63
7 64
79 99
85 92
12 18
85 95
3 66
6 61
97 95
80 42
50 18
29 38
19 60
92 10
74 60
25 39
80 76
18 28
45 28
45 14
83 24
34 9
2 40
19 70
60 82
92 12
30 57
83 65
31 34
66 100
25 34
19 34
78 24
61 97
82 31
72 50
5 91
88 44
42 23
23 74
38 35
61 60
47 4
51 49
74 94
60 43
86 77
24 84
81 95
32 58
67 82
84 22
51 30
59 45
92 4
7 28
26 20
81 60
96 30
31 47
22 75
25 99
24 69
45 53
16 100
93 70
9 86
32 56
44 34
28 36
76 75
36 26
40 95
86 36
28 68
36 4
14 66
54 90
96 40
70 54
85 55
46 62
27 81
24 28
17 2
48 91
81 48
13 23
21 34
5 3
68 84
73 74
36 51
25 28
93 56
8 69
71 15
92 66
2 42
94 13
31 48
62 4
49 11
22 21
43 61
49 61
92 94
82 93
85 61
60 63
87 7
8 70
11 24
81 46
62 58
1 20
47 11
11 53
89 43
15 80
59 20
62 93
63 84
58 11
9 99
48 69
35 16
29 59
41 89
60 40
68 44
2 43
3 87
69 44
8 27
34 97
42 75
99 19
46 7
25 91
35 42
35 98
65 88
28 20
58 89
64 72
34 92
36 50
39 75
17 101
24 76
90 40
57 96
20 75
47 8
38 56
15 94
100 30
26 28
38 51
10 26
48 44
99 70
87 91
18 79
72 37
90 51
66 27
70 40
26 9
86 58
96 16
84 69
28 97
38 80
93 77
56 53
17 29
101 84
77 45
84 62
36 17
93 3
90 92
65 64
46 24
59 37
92 87
2 66
83 50
48 18
59 41
68 18
49 96
20 39
26 3
21 79
20 61
16 3
26 74
42 65
60 2
30 24
23 63
40 34
45 11
35 90
85 19
95 22
19 65
9 71
68 53
72 88
69 40
81 11
22 48
25 45
23 61
31 60
32 83
4 40
25 9
77 74
64 49
66 37
37 13
24 27
40 6
26 75
27 41
39 76
66 4
72 20
78 70
56 20
18 67
53 76
1 63
100 37
16 9
54 6
1 11
43 14
11 65
92 30
33 65
85 62
71 3
74 16
1 84
27 7
22 91
78 25
36 74
85 36
80 98
32 1
83 36
43 62
28 38
98 9
77 8
96 1
27 98
4 87
93 81
101 34
73 88
5 98
78 39
36 16
90 64
96 39
100 49
16 77
67 23
93 58
95 21
39 4
83 31
80 34
11 94
64 66
32 65
17 16
19 87
67 13
12 73
29 31
31 36
18 84
75 35
29 40
33 1
22 3
51 27
96 98
91 77
33 9
100 87
15 21
29 23
62 42
97 35
46 39
75 91
40 87
82 69
26 45
44 2
94 4
17 95
98 44
35 78
59 60
29 99
33 35
11 66
98 25
88 7
76 55
25 26
24 20
63 17
57 2
82 12
52 75
26 69
11 78
78 63
58 80
42 79
36 94
101 33
32 50
11 76
42 93
55 52
1 94
41 83
11 56
86 73
17 10
38 42
54 17
82 33
38 66
75 58
54 67
42 43
92 53
79 51
60 39
33 66
21 35
87 12
64 5
4 18
50 52
94 56
30 77
8 21
15 40
16 94
32 55
94 77
58 7
61 93
23 75
75 16
74 14
82 79
72 61
90 39
28 55
37 87
94 84
27 4
18 45
64 92
13 42
1 62
91 65
43 33
46 88
33 51
84 46
98 22
36 57
40 55
36 81
74 41
33 41
37 48
34 81
28 32
101 42
24 49
45 31
34 29
95 46
27 29
40 8
15 95
50 4
59 22
16 39
73 25
56 58
91 63
17 64
97 96
22 55
30 10
29 63
13 31
60 18
14 38
45 78
91 17
22 35
49 90
68 78
12 14
46 33
83 78
79 27
34 58
26 83
66 39
57 48
82 18
18 53
71 16
30 26
12 99
79 45
68 90
23 48
59 4
43 51
52 88
47 65
49 16
12 20
85 56
87 20
40 13
50 26
28 8
101 16
19 90
41 64
75 28
31 39
50 65
34 52
26 97
46 27
38 67
9 27
33 99
22 44
56 29
82 5
5 55
55 25
81 56
16 76
86 39
46 78
101 100
43 68
65 63
9 22
68 21
33 54
74 95
59 99
61 75
46 92
59 58
51 69
62 29
91 100
78 52
88 8
67 30
97 40
16 41
23 49
15 36
71 87
66 8
27 48
93 72
79 47
42 1
10 62
84 39
9 1
20 27
48 77
46 48
9 66
73 45
52 92
62 98
39 17
11 7
96 75
17 47
86 95
15 73
87 28
101 69
97 2
97 38
55 88
49 2
27 70
35 57
41 81
45 91
3 4
17 69
43 34
21 96
96 88
56 14
54 45
14 100
67 24
65 37
6 28
17 67
68 94
77 1
31 1
31 12
78 75
53 84
76 65
46 72
91 58
67 31
1 25
58 37
90 13
62 95
59 86
53 20
11 55
3 6
76 41
38 73
14 68
79 73
93 2
20 8
54 27
93 52
57 34
72 31
29 4
28 83
42 83
71 83
69 15
84 45
56 65
6 20
58 65
80 78
62 50
28 23
44 83
31 35
47 5
10 96
68 100
21 1
24 74
7 17
34 26
94 43
4 20
61 11
66 5
88 28
48 95
26 72
76 14
71 68
21 94
5 38
55 21
82 17
36 6
23 19
91 92
15 8
83 73
87 83
10 48
99 82
62 81
3 74
27 68
78 47
2 6
30 73
90 93
13 100
71 101
8 85
30 78
74 90
69 43
37 50
73 32
49 44
80 59
53 13
64 75
62 65
55 3
9 87
49 48
38 13
76 25
68 65
17 94
26 66
4 48
5 15
72 32
18 8
91 36
53 63
46 64
94 97
33 89
9 94
57 93
62 39
9 19
31 7
34 14
57 4
47 33
10 52
55 47
18 14
90 77
7 30
33 49
39 29
39 70
72 29
74 38
58 69
7 45
29 73
70 16
67 60
43 28
54 55
91 34
50 33
50 77
91 12
79 57
7 61
99 60
44 91
3 45
38 32
25 93
99 80
1 7
84 42
89 79
3 48
27 82
37 36
6 70
8 91
66 25
46 34
96 20
84 10
16 63
6 39
1 30
68 56
2 77
23 31
32 26
53 60
97 68
69 50
43 101
46 98
35 18
71 90
69 5
79 58
2 7
43 1
15 2
78 73
20 32
48 43
21 51
68 2
73 72
70 82
1 39
6 45
82 76
80 23
90 85
24 31
99 17
3 38
9 61
67 98
86 76
14 10
11 38
86 91
64 38
88 91
99 93
81 73
101 64
65 20
71 78
13 61
31 20
47 73
74 27
70 37
12 56
30 28
55 36
12 89
12 51
41 94
62 82
33 42
7 26
35 74
53 46
13 60
21 25
70 52
66 77
24 25
99 95
53 75
86 32
1 8
16 18
56 55
81 57
65 96
18 86
1 60
61 77
43 47
7 89
92 63
91 11
13 33
26 40
56 19
70 15
31 32
3 28
16 50
6 76
37 69
27 5
93 84
23 24
6 9
4 41
41 49
62 9
67 39
81 99
26 33
2 96
53 4
24 72
75 47
52 65
43 12
96 84
82 90
91 50
80 2
32 43
37 39
61 79
101 60
50 38
85 58
38 70
10 71
54 1
92 57
7 52
73 35
32 77
45 1
39 85
44 38
52 1
57 90
99 53
63 14
63 100
39 73
38 39
17 38
84 17
84 49
73 8
61 98
63 41
18 76
8 46
31 9
94 58
49 1
84 2
48 83
1 78
66 83
76 33
35 91
8 7
69 53
14 26
84 6
18 77
76 1
71 60
19 64
12 10
38 92
101 57
9 92
89 81
98 75
88 54
83 33
80 21
20 92
48 5
35 80
31 10
36 92
58 28
36 23
99 96
84 80
84 91
83 51
6 99
77 14
4 1
16 64
92 70
75 7
10 36
32 97
77 36
57 37
35 65
71 85
28 17
73 91
83 13
30 33
69 71
82 13
79 100
19 14
66 43
72 45
68 61
20 44
74 50
57 24
90 62
35 7
98 73
54 98
44 33
63 8
13 27
8 13
8 62
28 60
19 52
20 49
73 33
98 14
38 54
17 65
7 78
67 68
78 50
86 23
64 61
29 86
66 72
88 92
1 80
88 14
15 89
85 15
48 61
27 43
53 47
13 19
84 28
79 86
77 41
1 57
59 21
22 90
81 35
21 42
52 15
55 7
99 4
55 35
47 97
98 53
28 14
8 93
87 69
86 46
26 73
26 29
4 101
36 32
25 32
40 74
60 52
90 32
36 59
54 41
53 66
27 39
32 101
62 47
99 23
63 15
64 100
7 91
46 52
47 49
51 68
61 95
50 92
92 71
64 80
101 62
20 52
29 79
61 45
8 37
6 97
18 61
53 25
91 31
50 64
15 74
67 81
63 66
46 74
57 40
41 26
89 10
26 92
97 53
54 61
15 53
97 46
45 17
45 22
32 21
58 64
22 4
78 76
35 4
80 79
87 6
19 49
30 14
44 1
9 28
58 77
21 5
82 92
62 94
36 87
77 62
65 38
72 68
74 47
24 56
65 82
25 49
67 101
72 49
33 74
53 58
90 70
15 46
34 38
64 89
8 96
45 101
50 94
33 4
86 67
27 83
79 96
29 58
92 72
22 17
44 67
92 27
11 4
13 87
15 50
48 72
76 66
74 96
99 47
61 55
26 15
10 9
95 90
53 90
21 63
47 6
18 36
15 77
91 9
28 49
46 82
31 57
97 57
21 29
71 62
98 15
8 34
20 38
67 45
76 17
91 62
25 84
63 88
24 44
58 101
18 96
44 9
19 89
54 97
28 89
8 43
34 70
13 80
41 30
21 73
9 96
14 61
45 51
83 45
84 21
10 74
26 18
72 81
89 86
45 16
13 58
5 41
53 36
5 54
90 41
33 45
60 35
12 46
37 22
47 19
89 37
58 54
16 60
23 94
38 19
67 83
73 61
19 21
50 42
12 68
87 93
93 24
3 101
39 32
13 78
9 7
22 33
11 33
19 18
2 58
10 82
17 46
78 36
18 65
73 96
43 19
80 97
80 49
3 68
63 33
93 43
76 95
44 58
87 76
8 16
66 90
84 13
47 91
99 46
20 66
86 8
41 62
16 92
79 39
96 76
41 36
92 21
88 95
61 10
67 48
32 30
75 55
94 40
32 33
64 85
93 7
78 26
35 59
97 8
45 95
75 31
9 67
70 14
67 58
51 89
20 62
55 58
23 84
20 17
17 73
98 97
34 87
33 85
65 77
50 67
41 60
69 4
52 25
84 19
87 65
67 93
14 51
21 18
96 68
80 5
82 16
4 21
10 57
25 68
76 70
33 81
83 99
4 28
11 82
6 48
4 72
64 60
38 95
46 23
39 87
49 26
79 25
71 25
46 21
60 88
64 53
5 17
85 25
80 8
6 96
42 95
4 31
6 75
100 9
95 23
94 95
5 70
6 74
38 86
78 5
21 76
32 94
67 1
13 43
53 93
16 57
55 89
32 64
72 71
8 25
71 45
87 57
25 67
3 32
33 96
36 5
25 48
53 78
72 6
73 24
1 82
37 11
1 56
15 44
66 29
99 37
85 2
56 76
30 22
84 9
12 23
77 79
93 20
42 19
10 88
45 97
80 24
75 57
16 42
17 35
54 94
2 79
13 52
87 77
2 64
31 41
21 99
55 13
95 19
3 9
101 93
47 13
81 74
71 24
67 97
62 13
37 16
96 92
66 75
69 56
11 23
10 58
25 43
89 48
15 61
15 87
24 50
60 33
79 69
76 40
2 63
47 81
37 49
17 93
59 87
97 84
23 89
33 29
90 99
99 77
32 68
99 87
10 46
78 69
98 94
38 6
48 59
86 51
37 74
60 87
16 26
70 49
91 101
12 25
9 82
9 95
93 95
69 39
21 89
18 5
20 7
58 49
92 76
101 31
86 84
74 21
6 88
16 61
68 85
37 40
54 74
38 31
60 22
81 5
99 56
8 58
56 96
33 17
17 55
80 82
70 98
100 74
89 17
25 80
98 99
10 100
85 57
91 61
86 92
42 66
32 59
80 9
4 13
93 91
88 26
9 45
24 5
99 24
74 34
97 86
68 26
22 26
29 35
72 53
68 39
16 2
2 45
23 83
64 62
32 42
75 85
54 15
33 12
87 5
32 84
83 96
37 52
97 62
19 44
100 65
44 12
55 77
46 90
20 99
78 72
93 78
15 66
23 50
100 7
44 35
48 32
64 6
92 11
22 67
93 23
54 12
54 92
71 36
32 71
29 57
77 84
23 33
67 52
63 28
55 4
37 62
36 21
2 18
66 86
57 17
36 95
55 37
32 46
88 15
28 57
3 34
27 72
81 17
96 38
63 83
43 22
23 62
98 23
31 92
97 71
96 23
88 5
62 76
54 83
68 59
56 45
21 83
81 59
63 38
8 42
63 67
85 77
96 61
1 85
99 76
37 29
40 58
87 14
85 40
50 20
69 54
55 63
68 24
68 75
63 70
19 27
67 43
2 83
14 78
100 3
93 97
76 51
17 37
18 31
82 72
54 23
17 79
29 41
37 5
38 78
45 8
44 77
93 79
74 7
91 80
16 85
65 31
2 31
10 39
19 100
52 76
53 43
71 96
2 88
61 76
96 46
10 18
66 70
3 35
45 68
39 82
92 29
3 14
56 75
2 35
98 71
3 21
6 94
99 100
42 58
2 27
29 95
94 83
65 40
76 34
37 9
58 41
67 88
30 18
30 8
2 94
74 1
61 31
50 70
4 15
91 81
84 100
46 44
50 14
50 88
64 45
50 51
34 65
27 12
44 81
9 8
52 26
47 100
26 101
84 55
86 26
73 46
49 75
31 78
63 4
82 28
28 52
27 6
47 29
89 30
100 62
42 28
14 46
23 77
1 69
24 37
3 67
76 64
79 11
46 13
62 31
32 5
48 100
75 24
2 82
19 76
41 87
51 22
94 100
55 74
96 5
68 64
82 25
82 77
49 30
14 57
80 70
41 43
66 49
34 84
75 8
93 74
76 79
90 72
89 16
32 74
52 97
76 7
51 41
45 89
67 55
72 56
43 10
77 26
81 26
54 100
97 88
67 5
31 54
60 45
74 51
1 5
96 55
65 1
45 4
11 46
50 59
91 41
63 75
57 94
39 51
65 45
99 2
86 101
27 22
25 42
101 76
12 24
21 28
31 63
92 14
100 78
10 90
17 12
72 67
45 47
46 55
27 18
88 61
55 95
82 45
62 89
29 89
49 21
61 67
54 25
101 19
7 44
41 96
4 68
90 56
12 41
86 1
29 1
5 25
4 95
15 100
81 55
33 72
82 96
63 19
1 79
8 90
44 80
57 61
68 83
50 12
77 10
76 71
51 91
31 16
19 12
100 11
51 96
31 44
99 35
38 22
83 52
77 40
69 98
80 77
63 62
40 79
42 69
51 56
7 36
58 31
39 71
48 15
33 27
24 55
56 25
98 6
7 3
100 86
84 14
77 22
93 1
67 89
75 37
29 7
47 101
39 80
50 3
86 15
74 76
62 11
91 78
17 85
45 5
101 55
53 31
8 33
68 101
46 85
1 48
88 82
14 81
32 51
34 98
57 41
89 87
63 25
40 20
22 92
28 2
12 85
67 6
26 23
95 70
56 74
28 13
100 27
60 83
88 3
50 43
22 96
99 78
45 29
61 44
97 60
96 31
49 67
59 30
38 81
45 21
69 75
62 7
92 35
93 98
40 64
15 25
50 1
52 79
24 40
62 12
85 30
33 75
57 54
7 70
11 87
6 80
83 81
22 24
34 18
6 50
7 25
87 29
23 27
95 59
89 100
18 101
94 10
7 95
41 68
67 79
56 22
38 48
5 76
72 7
74 42
63 77
20 77
91 40
64 54
49 99
38 12
78 95
49 42
46 83
52 59
78 49
2 53
5 57
37 44
65 8
36 8
89 6
3 96
21 24
70 101
4 2
22 65
87 25
85 9
18 51
27 45
86 44
39 42
19 72
47 72
87 94
56 8
24 17
32 17
55 20
39 3
37 54
24 35
61 50
74 18
82 36
6 65
67 74
14 32
64 30
78 33
49 9
12 21
23 55
56 92
71 56
5 26
101 41
6 19
83 93
1 24
42 44
15 93
10 34
68 42
63 18
75 81
57 15
65 81
56 30
9 2
27 36
90 12
17 60
66 67
21 88
14 37
27 1
67 56
3 44
35 63
59 97
27 44
21 37
89 47
41 55
76 47
8 17
83 19
58 43
23 16
39 58
22 94
83 69
48 39
56 70
70 59
5 95
16 33
13 89
38 47
35 50
36 22
5 97
9 47
100 31
28 54
25 51
4 91
18 94
52 99
45 40
12 2
69 60
98 19
57 9
86 55
3 53
81 7
85 65
29 43
66 78
50 5
73 101
12 26
64 42
92 28
65 80
62 67
80 36
6 66
55 50
33 52
64 93
21 97
92 32
72 23
77 89
8 6
23 81
84 89
71 33
36 65
43 46
30 61
77 97
72 94
55 1
44 43
41 75
62 60
96 42
82 47
75 62
17 44
15 64
100 32
33 24
71 64
35 100
52 73
76 73
75 94
44 100
31 8
85 7
89 70
70 87
46 9
86 45
47 23
22 86
18 81
101 21
82 32
4 67
43 38
36 45
51 65
80 67
60 6
48 2
10 38
11 93
30 13
28 61
46 75
40 17
89 74
45 50
12 40
35 54
79 37
33 7
45 23
63 46
49 13
43 49
7 60
26 27
84 4
82 3
69 90
59 34
25 95
96 91
53 14
30 38
83 40
79 41
19 75
76 45
83 76
51 54
59 53
74 80
79 22
88 77
52 16
39 33
36 30
19 36
90 5
7 5
41 88
77 29
72 65
97 58
61 63
92 6
28 90
70 18
96 32
45 66
76 22
101 82
77 47
85 81
4 16
78 81
62 69
1 64
71 52
72 38
47 42
76 9
49 56
96 59
59 11
67 36
45 48
4 25
63 27
6 58
40 81
63 80
12 101
90 91
85 49
80 81
12 58
28 50
77 25
23 37
28 66
17 49
10 70
23 73
39 30
21 81
66 13
16 19
4 97
81 42
17 13
9 52
68 37
95 51
13 86
80 10
13 36
81 45
29 22
88 84
24 85
9 77
100 8
8 55
26 62
63 94
77 5
30 4
58 35
56 88
59 101
101 90
37 81
13 51
26 35
9 68
39 22
65 43
31 22
92 2
26 91
40 7
14 11
8 59
38 7
5 65
7 77
71 20
21 26
2 46
10 22
91 83
90 55
99 64
16 12
14 1
95 12
91 59
90 18
90 52
67 33
62 80
82 78
25 89
14 7
1 41
44 59
91 46
74 11
100 5
46 1
91 6
31 52
25 16
63 71
30 80
83 14
9 60
24 70
9 38
86 48
27 25
38 53
1 13
23 9
50 39
86 61
73 87
46 30
33 90
55 68
71 84
10 95
87 38
4 49
70 25
61 24
61 17
83 62
64 34
91 89
86 96
97 24
35 93
56 79
91 69
27 80
78 42
96 45
30 82
27 86
6 79
92 78
49 32
3 42
98 50
99 22
82 58
43 97
1 59
42 24
87 96
90 21
83 56
23 56
55 93
41 40
40 52
51 60
5 83
17 4
34 60
43 20
24 63
54 91
17 23
88 42
35 77
17 42
40 53
79 48
14 29
71 14
8 53
47 36
62 86
18 71
14 16
22 52
7 48
85 89
51 66
68 86
29 32
34 67
57 82
84 99
8 22
89 61
10 37
73 60
19 51
51 84
88 23
10 32
83 1
10 53
88 64
15 27
74 88
39 64
53 86
7 12
86 72
74 19
90 87
99 69
98 59
90 48
49 71
84 5
64 13
7 79
56 78
41 72
7 98
71 93
98 77
43 79
47 46
95 82
99 97
81 79
1 23
37 7
57 39
42 89
54 84
93 29
17 86
38 84
82 22
31 6
53 101
3 97
16 53
17 51
52 74
75 80
101 74
17 18
68 58
64 25
51 42
9 41
90 20
68 40
31 70
11 64
54 101
41 15
14 4
89 76
59 92
16 91
33 53
32 4
19 79
92 100
83 70
35 40
42 6
35 8
66 47
99 73
14 75
25 60
6 34
5 40
63 5
34 39
23 20
68 16
10 4
7 4
17 59
20 29
30 86
64 77
32 16
45 63
46 56
19 11
99 13
67 37
60 56
9 58
7 54
85 52
83 10
77 68
1 36
1 72
68 74
36 76
48 29
87 22
17 80
52 68
52 12
77 95
94 12
64 97
25 31
51 94
64 27
30 42
68 92
81 8
90 29
17 52
28 86
55 78
97 74
59 94
97 91
79 66
65 74
43 85
56 7
52 8
23 34
14 89
84 73
58 98
100 38
23 3
39 14
3 63
85 22
33 79
66 56
39 23
48 80
85 83
30 29
20 86
47 85
98 68
76 38
53 81
50 7
16 21
23 76
61 70
32 67
36 97
75 51
85 69
60 12
10 101
53 61
26 59
16 88
63 20
53 82
79 91
93 100
63 93
17 30
28 62
17 74
92 83
29 61
46 54
52 66
22 66
42 70
57 23
45 57
84 12
36 62
28 93
20 15
94 34
22 63
18 49
47 40
41 10
58 14
26 93
14 85
39 45
85 50
71 7
69 81
82 66
24 43
78 44
7 42
71 19
26 100
54 4
59 56
19 82
58 38
90 100
21 7
58 95
22 73
25 97
81 98
78 10
2 38
35 71
3 65
3 10
18 95
28 33
69 2
32 13
80 12
15 42
56 97
3 91
49 88
73 85
19 20
1 12
58 24
70 72
38 61
4 26
31 95
69 10
71 95
8 83
83 74
94 26
80 31
41 67
64 57
8 49
6 35
36 39
50 76
73 63
32 61
88 57
40 32
25 23
19 4
63 30
95 75
15 10
89 69
5 61
27 14
23 71
100 80
65 69
41 7
28 59
3 46
32 24
2 87
72 96
95 63
72 34
17 97
15 60
92 18
3 64
55 31
18 91
41 73
78 74
100 51
7 83
13 69
10 76
95 14
90 58
15 6
18 78
42 36
11 10
39 53
44 41
75 87
34 33
42 77
30 53
45 30
64 52
95 1
11 41
41 61
54 11
30 72
1 3
32 66
94 42
44 79
15 11
9 24
60 93
4 61
39 72
75 25
48 11
26 19
72 100
46 100
99 43
16 10
62 48
88 24
95 91
62 68
23 18
64 24
91 60
44 56
27 88
50 40
27 62
63 44
90 27
20 95
31 40
66 60
92 80
11 60
72 54
24 8
91 19
37 93
5 53
18 32
17 34
78 43
17 98
68 93
62 96
34 42
97 49
59 77
52 69
37 27
66 31
99 36
21 40
66 73
64 78
40 30
75 9
96 85
77 78
50 57
5 12
6 56
54 62
34 100
3 90
29 9
80 68
73 48
35 20
21 98
40 43
79 50
13 26
87 85
18 43
67 96
33 64
39 41
15 68
41 25
35 70
70 88
43 4
59 3
71 80
29 42
11 99
21 31
94 28
11 88
57 83
84 79
38 98
84 67
55 33
29 11
16 34
64 56
37 15
8 99
10 1
16 97
52 35
45 46
38 94
80 45
93 96
7 65
74 28
76 27
82 38
78 84
78 23
78 48
92 73
72 22
5 52
34 53
58 20
89 56
31 69
44 87
8 71
52 96
66 88
4 58
93 21
72 16
29 68
20 68
47 54
61 3
7 22
48 98
31 28
51 88
72 84
87 49
87 66
5 22
81 9
84 44
36 52
84 33
48 76
79 49
80 95
10 54
74 48
46 18
88 39
26 53
24 86
30 48
37 91
26 61
99 31
74 79
41 37
8 5
31 71
12 83
18 89
65 12
81 31
36 64
6 69
76 29
20 100
53 87
9 4
10 44
73 67
34 99
100 42
98 79
84 87
80 86
53 95
17 15
24 16
43 98
52 63
99 10
77 4
95 33
69 9
51 4
79 31
36 70
36 66
77 28
34 69
101 25
53 62
14 36
39 8
99 40
65 61
8 94
30 69
40 93
100 18
55 64
14 41
31 49
44 8
49 3
92 41
14 9
96 48
95 49
8 4
49 83
61 78
13 77
88 101
69 23
60 3
68 81
34 89
43 7
45 24
2 51
78 88
64 14
81 32
68 6
11 101
31 93
62 88
13 45
72 89
7 19
32 70
64 79
64 44
38 99
41 38
86 47
70 96
90 16
97 39
22 71
34 45
93 9
65 25
67 85
78 62
73 65
78 20
100 69
72 62
12 93
75 72
19 41
90 11
7 15
50 47
71 1
61 58
78 86
64 81
100 71
41 99
28 80
48 26
87 79
68 79
74 57
42 14
2 21
22 1
19 53
101 37
40 11
99 5
95 69
30 76
77 73
88 32
73 70
49 81
69 38
46 29
58 30
68 30
68 1
27 97
16 87
73 28
67 87
75 54
86 93
57 11
42 59
9 73
101 27
100 59
40 80
22 83
35 72
18 52
66 44
10 29
19 33
59 24
73 51
98 66
15 23
49 73
35 15
32 11
73 4
86 49
27 30
47 64
85 66
60 14
94 69
33 69
67 12
54 50
42 55
81 22
6 77
49 7
92 45
23 35
62 34
25 22
30 25
37 3
40 56
24 19
24 53
7 63
19 92
81 3
7 92
32 75
46 61
76 3
31 11
89 1
99 32
90 24
2 1
48 101
64 69
88 75
75 43
73 34
25 47
8 67
32 12
18 93
75 99
21 17
56 17
101 94
79 10
76 58
50 68
59 64
57 6
2 76
45 98
98 29
47 20
89 8
3 98
48 24
70 74
56 63
13 44
35 37
54 24
55 15
18 99
45 70
39 49
12 6
74 86
74 13
50 13
101 87
66 10
44 53
97 85
13 97
41 48
20 60
94 27
53 17
57 73
54 85
79 15
19 68
13 92
33 58
87 56
51 34
37 47
56 82
13 57
64 8
52 44
56 47
13 34
90 79
64 84
1 40
49 60
51 37
87 51
33 40
42 73
93 80
26 58
7 82
63 51
16 79
25 29
100 50
39 89
61 69
66 84
90 9
79 30
61 19
73 14
71 94
97 12
2 89
9 79
90 65
6 100
71 54
11 5
33 94
76 49
94 5
79 72
54 99
60 21
77 69
50 95
89 66
54 32
86 50
79 5
51 53
76 13
60 72
62 38
10 8
34 88
19 1
54 93
99 26
37 76
45 20
12 55
30 35
60 30
65 84
93 94
94 14
19 28
57 58
85 99
79 26
88 17
18 13
61 47
96 28
63 76
46 20
48 70
74 75
34 93
11 63
54 44
101 14
41 34
81 61
47 41
91 42
42 11
25 13
39 94
19 97
31 14
47 90
60 8
97 44
12 30
18 47
97 48
79 54
56 2
5 59
59 14
89 60
81 97
99 74
94 67
17 27
70 12
27 69
91 98
62 16
14 96
53 80
76 12
74 91
4 56
99 39
53 83
59 61
51 29
25 88
11 80
95 64
16 30
50 17
16 7
46 41
58 87
18 25
39 56
83 16
38 1
21 14
62 87
18 15
22 97
55 70
69 72
43 26
98 18
8 2
18 66
1 101
87 27
38 26
51 24
47 70
27 95
43 72
36 43
24 18
100 60
90 80
11 67
70 84
96 25
82 97
23 92
2 62
57 8
38 36
71 47
27 58
54 80
32 76
58 60
35 1
53 12
60 90
51 52
80 101
19 45
29 91
56 80
68 7
71 34
101 50
101 52
67 14
33 20
27 40
60 27
85 27
7 67
37 32
15 81
6 18
61 52
82 34
40 71
62 21
65 23
77 27
49 12
21 11
32 22
21 44
13 15
89 65
42 56
61 40
39 5
57 63
58 25
45 35
26 1
95 26
55 29
11 84
50 8
18 40
19 66
100 83
86 52
95 83
87 21
77 37
74 45
58 22
58 48
27 10
42 12
96 17
95 3
6 51
19 57
36 101
21 30
87 52
95 87
81 39
89 95
21 86
53 54
91 55
38 18
73 58
5 14
10 86
26 11
27 34
74 49
75 86
70 64
22 88
10 2
84 16
54 14
56 33
34 77
74 84
100 21
8 72
40 42
10 24
89 75
85 51
2 91
101 23
9 101
58 18
71 21
90 98
82 89
15 30
63 34
97 76
96 26
84 76
38 90
24 14
76 69
72 52
93 76
49 38
66 93
29 28
32 98
60 36
48 19
9 18
60 98
83 9
99 61
70 33
57 52
94 82
84 26
80 66
43 3
4 76
48 21
37 85
55 62
31 64
5 101
64 86
66 65
57 72
31 27
14 25
75 83
53 94
15 90
98 63
32 78
31 33
16 55
44 14
22 23
23 60
14 93
72 95
33 59
81 77
18 75
25 44
66 62
24 29
84 3
32 19
90 96
75 77
83 72
97 11
30 31
29 74
14 86
51 77
98 13
9 32
77 46
38 79
50 84
101 29
71 91
74 64
37 30
92 69
78 28
83 77
55 82
8 48
37 60
20 5
10 40
95 67
66 81
60 55
78 8
54 82
56 31
35 85
99 67
1 17
97 70
48 40
36 100
89 97
43 96
77 76
77 24
39 101
83 64
63 99
50 2
49 36
65 16
54 43
10 65
8 82
77 53
69 45
44 89
26 8
12 72
96 29
14 2
17 11
76 8
1
21 4 46
