101 5050
48 41
47 1
91 56
45 31
55 86
19 63
71 59
49 70
7 77
90 71
63 85
79 65
49 44
83 63
46 11
54 94
88 62
101 23
72 60
11 19
7 95
50 80
5 9
22 77
98 43
62 65
82 63
52 98
36 25
70 101
56 10
89 23
33 24
5 62
16 97
51 98
31 3
99 18
86 66
47 26
101 40
4 38
78 56
62 38
100 36
70 64
58 77
32 44
78 89
64 54
21 56
42 24
69 92
79 54
77 74
20 43
56 6
46 61
24 45
3 49
62 26
59 45
8 72
35 69
75 24
95 15
40 82
52 91
78 95
85 98
61 47
47 7
91 96
37 23
94 85
5 33
73 78
61 49
83 54
13 6
40 47
100 101
3 85
90 89
14 64
78 37
39 41
15 57
83 66
82 27
96 39
45 34
92 2
67 79
63 50
26 72
55 59
27 88
99 17
4 61
10 34
5 90
7 24
48 17
56 81
64 96
40 14
85 72
83 43
3 68
82 5
9 99
89 34
52 53
63 5
27 2
95 58
54 12
24 41
89 6
33 60
70 94
43 84
48 68
78 16
53 42
70 16
35 45
20 55
60 1
63 35
69 30
26 99
65 4
65 63
68 58
55 24
8 97
93 70
15 17
21 23
39 2
100 77
69 10
96 17
42 17
85 101
81 68
46 96
94 76
51 79
68 39
20 89
49 41
13 65
81 29
58 57
52 1
38 93
16 7
59 61
61 66
96 34
39 4
46 81
98 21
59 101
12 48
33 21
64 25
60 95
26 96
54 31
75 74
68 25
35 101
95 11
64 44
16 54
68 17
76 37
65 33
69 38
85 15
75 5
21 48
99 83
3 96
87 57
98 61
2 73
6 92
99 55
55 50
2 84
75 92
54 72
40 77
24 11
53 73
35 60
56 93
39 81
19 28
31 75
69 23
61 70
70 95
87 2
8 41
83 14
66 5
94 74
69 74
86 98
6 55
55 16
25 85
91 65
33 46
1 84
9 36
96 79
1 59
69 31
66 56
44 80
33 85
77 66
45 60
39 88
82 79
44 20
35 16
90 4
1 74
9 18
68 77
16 37
82 22
84 93
86 33
90 30
60 86
54 78
41 94
89 53
91 2
4 28
32 55
9 87
28 60
35 32
83 85
52 69
13 60
93 21
12 34
38 58
88 63
17 34
31 99
39 99
57 11
96 63
53 99
36 51
3 80
80 57
17 7
2 17
91 41
53 13
96 72
66 94
1 53
8 23
92 12
44 52
10 47
16 84
64 75
76 60
31 81
52 93
79 22
57 69
91 80
71 73
3 26
77 98
4 6
93 23
52 67
13 38
57 48
95 17
26 34
85 14
50 85
41 85
58 71
27 46
31 98
67 69
5 18
72 100
63 92
68 26
97 75
58 16
11 80
75 17
50 5
43 82
30 5
92 27
11 94
36 65
51 49
16 20
4 29
1 62
5 28
50 71
89 33
72 90
74 62
85 66
80 101
63 67
52 101
38 8
1 36
96 61
67 54
90 45
94 99
69 32
99 19
88 20
49 7
63 25
73 72
63 73
101 49
95 18
62 82
22 48
32 1
76 72
15 37
22 44
3 6
45 88
56 35
69 66
15 29
38 10
98 83
69 71
70 21
60 82
80 72
100 94
24 77
54 93
11 93
27 16
72 53
71 36
56 83
100 2
33 12
13 22
47 78
14 49
67 21
52 21
72 35
56 36
22 61
65 81
15 24
18 81
4 3
99 7
20 47
55 63
11 87
17 70
26 22
87 23
19 32
27 77
91 27
84 36
29 12
84 74
29 32
27 84
22 67
62 15
90 14
28 56
46 60
59 66
66 52
74 56
93 13
11 2
27 32
77 99
98 5
37 19
9 86
88 5
26 33
43 29
95 40
83 96
8 99
39 19
16 101
71 65
87 54
82 72
65 53
51 92
49 80
52 79
17 79
83 78
27 99
15 13
5 84
38 50
74 29
72 38
83 91
47 54
91 13
23 81
30 25
78 26
14 7
26 16
44 9
93 75
89 15
92 32
87 97
3 50
83 30
101 94
52 43
64 33
29 95
89 27
45 14
76 87
83 82
48 98
59 7
6 22
15 51
62 70
59 69
86 82
95 49
51 23
38 65
66 27
8 1
94 31
47 17
88 98
4 75
75 94
18 20
72 68
8 29
72 33
25 70
50 56
3 39
87 37
97 57
71 43
16 61
19 42
81 54
45 69
94 34
70 65
3 18
32 52
21 72
13 89
16 77
62 99
11 36
74 78
23 63
22 97
36 10
24 38
99 70
95 91
27 40
90 51
26 93
1 70
83 7
65 7
57 16
2 85
39 101
98 4
61 62
94 61
72 50
24 99
46 40
39 51
72 58
91 7
54 43
33 17
37 28
35 46
70 96
66 42
81 22
92 18
74 81
56 96
36 4
20 46
18 85
15 32
76 93
13 23
30 49
58 82
89 81
58 8
12 41
48 35
43 94
91 85
84 7
6 49
46 19
83 80
67 94
38 84
19 18
80 93
20 66
82 34
55 68
79 8
76 1
35 68
59 63
8 50
68 6
6 40
70 87
29 71
101 51
92 60
44 54
6 45
73 31
4 99
52 54
56 79
55 38
35 83
82 24
20 82
68 14
81 36
100 48
15 67
42 65
70 8
13 12
96 48
73 6
25 71
92 53
3 99
4 24
43 69
27 51
54 99
21 78
45 5
34 95
21 11
55 23
89 84
21 54
58 89
79 60
75 13
62 32
19 16
73 66
99 60
78 12
18 17
75 14
97 24
12 77
40 70
61 2
71 14
40 81
2 67
56 41
92 65
82 87
77 44
14 69
66 51
68 15
74 96
97 44
83 29
67 4
41 96
73 62
71 40
59 42
37 101
20 52
9 47
65 55
88 6
89 95
21 36
66 99
37 73
32 31
18 91
99 72
6 30
35 22
64 86
84 81
53 80
65 17
18 34
100 27
8 52
14 61
3 58
73 12
59 77
70 23
98 53
7 45
90 73
100 95
21 51
98 95
25 18
71 37
59 16
23 6
50 70
38 19
81 33
50 83
94 13
42 41
9 40
61 38
28 91
15 75
1 11
33 101
46 75
7 68
53 19
36 90
35 73
33 66
68 11
35 58
61 42
31 90
36 41
90 54
61 78
15 44
99 76
23 98
94 23
83 74
67 90
64 40
41 81
91 60
6 50
83 26
99 21
54 11
96 6
98 35
55 82
82 95
53 21
97 37
45 17
19 10
38 17
62 63
75 86
6 25
66 67
99 82
38 60
40 76
18 70
50 53
38 95
28 9
60 26
64 49
14 80
75 70
61 1
63 38
2 5
15 52
51 56
9 92
17 56
86 20
57 28
78 101
45 28
55 100
62 28
96 88
62 9
48 76
74 45
90 78
97 80
15 22
25 2
68 84
68 71
99 2
3 101
101 8
20 71
22 39
41 82
68 96
4 100
42 77
39 17
54 60
99 48
8 69
85 68
84 77
3 45
98 38
34 32
2 35
84 55
46 100
22 69
89 94
52 87
57 2
40 31
62 60
17 46
85 48
92 1
67 8
50 44
41 46
17 71
18 73
69 83
65 84
36 42
63 17
87 28
80 13
62 16
33 32
22 42
6 17
74 14
28 15
47 99
34 53
82 42
64 81
34 83
87 8
81 27
34 92
99 22
57 25
61 57
26 90
75 11
12 68
11 56
9 19
25 62
37 6
89 69
31 55
94 62
11 17
94 7
87 62
10 84
41 64
85 46
51 54
33 14
32 25
17 52
26 63
40 24
39 98
53 6
32 8
40 61
82 64
70 90
73 61
22 12
51 59
73 50
98 63
88 25
31 17
50 28
92 10
92 24
20 39
26 11
82 67
58 31
78 69
74 11
51 94
92 26
35 80
31 23
88 48
70 54
57 39
49 28
52 47
12 25
70 58
38 1
40 25
19 7
37 67
91 51
46 9
5 35
63 70
77 71
80 36
55 10
38 76
15 79
13 48
16 24
78 3
94 86
8 40
9 71
84 30
14 92
14 34
43 40
60 52
28 84
87 86
68 43
27 29
86 4
93 64
58 45
53 27
26 59
19 26
19 64
87 48
1 81
79 28
18 98
86 40
43 22
7 6
20 2
33 73
52 3
30 79
16 75
25 55
27 58
63 46
25 15
8 73
45 84
82 96
31 61
67 71
60 90
30 59
38 86
54 4
29 34
85 5
72 12
47 39
67 100
82 70
21 3
13 11
63 49
81 94
4 95
36 60
81 13
6 48
19 55
23 97
67 45
10 60
7 30
12 95
83 36
73 87
34 35
44 61
96 62
65 64
101 2
61 86
42 6
44 13
35 42
86 97
50 48
99 35
97 85
54 91
95 86
73 55
35 66
67 43
60 50
20 10
26 17
38 26
90 41
34 49
1 19
63 18
97 6
49 38
11 73
4 44
61 19
26 58
57 83
82 12
14 23
59 98
92 93
101 60
81 61
98 44
40 39
76 52
92 52
58 54
16 42
91 26
46 16
95 28
93 89
94 96
22 96
101 61
12 16
49 83
14 50
31 97
51 29
39 24
23 22
59 24
64 56
73 92
11 64
14 10
75 29
41 58
97 94
34 2
48 11
94 68
94 27
21 96
46 3
9 72
18 53
90 84
64 1
82 35
44 71
67 5
39 42
2 15
20 5
60 47
88 91
77 46
50 64
8 90
39 13
11 12
99 52
37 58
63 48
40 84
42 8
47 14
54 27
63 69
27 50
20 27
12 32
91 5
65 20
34 15
5 86
48 5
53 95
20 94
73 36
101 15
52 55
33 28
85 6
4 78
26 48
92 57
100 45
44 81
97 52
89 39
77 3
13 20
73 94
50 94
74 4
52 59
56 85
13 52
40 37
57 59
35 92
36 78
76 33
100 56
10 44
25 76
62 10
62 90
73 24
66 74
9 79
49 97
30 97
64 59
82 53
54 55
71 34
15 69
14 26
25 66
15 92
22 60
61 51
61 76
93 67
60 32
15 71
96 50
42 48
47 13
89 47
22 78
93 65
99 6
71 93
65 21
64 31
85 24
49 53
80 95
28 3
39 9
86 46
22 86
14 73
85 26
51 82
76 70
72 20
54 46
7 29
63 28
10 94
35 19
5 51
46 91
94 16
35 38
86 2
53 66
38 12
11 91
38 22
85 31
46 29
25 3
94 40
30 93
17 84
72 6
80 27
55 12
41 92
96 30
15 40
21 49
81 59
71 21
3 86
2 78
101 27
79 33
13 84
27 10
15 96
69 79
92 64
29 20
70 42
71 22
20 95
91 67
10 54
38 5
71 27
62 80
36 94
43 85
92 7
49 4
94 56
96 13
56 44
45 25
75 3
74 87
1 66
12 64
35 13
8 20
19 27
100 12
49 52
4 9
19 69
18 74
55 5
33 6
67 65
71 32
26 61
46 64
71 84
67 88
65 68
37 83
54 49
84 8
19 13
82 15
50 68
79 71
46 99
79 68
59 15
91 21
35 64
34 37
53 30
71 46
55 62
94 5
41 93
82 8
14 58
31 27
90 42
71 33
3 74
68 34
77 93
40 23
66 3
45 75
26 44
78 18
82 93
84 86
39 38
90 33
89 101
76 9
66 24
14 11
44 86
71 23
100 35
54 6
49 23
31 96
98 64
45 33
86 16
100 60
54 33
6 18
55 37
40 13
31 13
52 29
76 66
18 42
49 9
87 22
35 57
80 28
88 55
82 14
4 93
94 92
14 62
91 68
30 91
69 64
47 75
78 33
28 36
25 87
8 13
97 99
12 101
18 100
37 8
45 36
36 20
15 3
8 4
71 7
76 34
49 43
63 75
69 65
32 6
24 37
14 25
15 39
91 47
97 90
97 45
2 13
96 58
38 67
73 64
34 23
97 21
19 14
35 95
91 71
71 70
90 83
89 8
23 88
50 24
7 62
23 56
40 54
40 1
47 64
61 79
73 100
58 55
32 86
39 23
50 12
11 16
56 7
72 74
2 28
68 98
19 65
85 1
86 79
23 33
36 97
79 40
90 27
39 52
18 77
8 30
85 80
42 98
12 69
50 1
62 48
96 8
99 16
81 48
20 14
43 53
91 34
48 83
16 74
53 4
42 45
66 47
19 20
69 37
10 58
62 101
79 80
16 92
25 47
59 19
14 35
100 97
66 18
71 28
7 34
35 89
87 1
53 11
98 24
72 27
17 27
90 13
13 67
44 30
47 16
81 30
2 40
67 97
50 82
39 60
9 64
43 4
41 84
35 55
65 77
17 5
29 88
84 58
79 13
49 33
33 37
26 76
42 33
58 46
50 54
52 23
14 89
69 27
2 12
67 17
50 39
26 56
32 93
85 10
41 21
56 67
3 95
14 9
45 93
84 91
85 34
59 97
88 4
39 55
10 70
77 62
7 1
31 21
51 25
93 68
47 38
35 67
54 48
50 57
69 2
48 24
16 44
41 69
67 20
36 24
82 69
22 33
67 39
19 50
15 1
34 16
66 50
1 12
87 95
74 99
61 56
27 93
48 39
29 50
54 86
81 55
55 91
98 69
44 47
54 8
91 69
5 14
69 18
35 78
27 39
62 57
47 2
29 1
31 63
20 38
28 51
68 22
51 55
69 61
62 95
91 98
57 95
56 65
76 16
24 22
44 76
93 96
79 41
67 23
22 1
28 30
88 87
86 59
86 42
6 51
81 37
1 18
11 89
97 41
80 86
33 40
76 82
6 36
84 76
42 49
30 34
42 88
50 26
33 9
88 46
25 52
47 43
31 36
64 79
82 6
65 16
51 68
42 43
33 10
75 77
99 11
44 73
97 46
14 44
75 98
40 52
65 32
74 33
9 34
96 14
47 85
88 95
82 30
82 71
77 53
101 63
34 65
72 11
18 88
13 78
21 79
84 100
46 56
46 53
12 18
93 51
80 40
52 50
69 36
31 18
77 69
50 67
65 88
23 64
85 21
87 58
85 81
88 64
29 54
88 2
81 101
8 9
90 3
9 98
48 29
33 8
99 78
66 54
63 52
97 7
13 59
71 41
94 64
90 10
78 97
16 100
69 34
51 16
99 45
72 95
24 95
43 100
20 99
29 67
70 97
59 93
43 89
76 65
80 33
62 47
28 48
19 101
57 64
64 10
99 67
73 38
23 32
52 84
70 12
20 85
41 99
81 73
20 54
3 1
13 46
52 22
30 9
43 10
20 28
39 16
35 49
88 90
95 73
72 4
11 63
42 31
97 71
44 59
23 4
82 11
24 100
21 69
22 70
5 36
4 58
51 50
93 22
36 29
47 21
52 6
57 84
86 83
55 90
11 6
53 85
21 1
36 30
64 16
94 79
31 8
26 70
62 43
6 2
9 37
20 84
80 20
33 69
68 59
60 69
86 34
50 32
10 101
29 97
48 72
43 61
92 61
74 25
80 73
65 44
37 2
67 48
101 53
57 94
26 66
61 10
56 77
10 9
5 21
79 62
60 49
79 97
48 45
66 48
61 23
101 84
44 18
57 68
24 68
75 67
12 56
55 42
62 40
93 42
39 49
49 5
7 31
40 32
97 73
3 10
6 5
84 11
5 47
68 54
73 29
3 17
11 100
48 18
26 64
75 78
51 45
14 32
19 40
11 28
80 69
97 82
3 43
43 27
21 32
70 91
27 9
38 6
97 55
60 93
66 68
14 79
7 86
56 25
14 86
5 42
90 79
33 96
45 63
98 11
93 73
91 44
58 7
50 23
99 25
66 11
30 39
81 92
19 24
59 18
44 46
93 19
78 94
23 80
73 51
47 57
9 29
15 16
3 12
101 87
60 24
6 100
3 37
66 84
21 82
1 86
62 12
54 88
94 83
96 53
68 97
63 14
99 79
62 100
15 70
21 17
77 79
60 78
86 53
17 74
45 8
98 71
17 8
95 1
68 49
57 43
68 90
93 85
78 19
79 70
20 26
64 39
90 34
98 92
6 44
36 79
4 46
47 11
1 2
5 8
59 41
98 46
46 94
74 98
56 15
77 37
5 1
32 22
19 92
3 100
30 86
3 53
70 11
16 68
39 97
36 47
45 72
22 11
88 84
38 16
36 98
81 99
9 25
97 89
10 57
8 57
83 15
43 56
72 40
74 20
9 60
33 93
77 5
28 93
99 73
52 36
3 34
7 13
64 51
95 84
49 20
60 84
75 72
9 82
41 20
56 22
12 23
74 97
60 81
82 37
58 99
81 8
35 54
1 51
3 56
29 56
23 10
1 26
81 12
99 56
41 68
28 66
70 2
61 64
29 91
19 77
60 66
43 58
7 3
8 34
67 51
59 84
101 54
85 95
48 79
56 39
30 40
6 86
93 98
10 77
4 14
69 26
7 26
13 28
15 53
66 22
94 63
98 67
66 98
4 26
90 53
95 50
81 5
11 5
86 74
91 94
34 81
90 75
16 72
69 93
77 33
4 51
91 32
49 31
19 90
57 36
11 61
41 45
37 93
37 85
72 51
27 22
87 55
48 34
68 45
10 93
94 25
7 80
96 2
83 81
24 101
55 95
7 10
9 88
16 71
2 22
81 93
20 50
47 73
8 86
60 94
84 34
6 15
91 43
3 81
40 100
44 2
41 88
30 87
8 47
43 7
20 32
85 8
95 92
26 89
36 58
73 30
4 71
87 85
64 58
24 10
26 24
13 26
60 27
22 46
21 38
21 81
77 92
45 98
43 15
79 42
98 33
40 28
61 89
74 57
96 37
88 13
29 53
80 4
21 35
4 68
90 17
61 63
21 13
13 83
21 27
28 101
1 89
88 15
6 76
32 16
44 55
16 14
10 21
2 36
34 25
100 63
46 93
81 75
88 76
11 43
30 78
44 42
58 97
44 62
67 10
100 8
13 95
1 17
57 63
8 71
97 60
64 24
68 8
55 40
70 46
27 30
49 79
64 80
1 100
11 35
94 35
14 51
7 52
58 15
20 35
84 39
35 93
17 91
19 87
49 67
61 9
36 86
68 52
80 54
5 78
67 87
88 78
101 98
61 7
24 72
77 17
6 21
59 3
30 55
12 90
34 24
58 39
96 44
76 36
19 58
66 12
76 78
18 86
82 1
81 35
80 76
52 80
58 11
72 47
14 36
91 6
13 62
52 38
24 58
72 44
10 49
84 26
12 4
7 42
47 93
77 13
55 29
70 81
53 94
23 77
50 59
97 91
33 2
18 80
86 89
54 76
44 3
62 71
80 99
95 9
4 60
64 55
40 44
22 50
28 81
14 31
87 47
2 38
34 58
65 10
41 44
24 53
10 88
21 8
22 54
77 90
48 4
41 80
70 68
97 101
36 16
45 53
1 46
4 83
98 25
37 13
50 79
97 62
25 90
66 40
39 21
100 13
50 69
44 78
80 59
27 57
32 81
34 74
76 29
29 77
50 78
69 47
48 25
9 100
5 7
52 46
17 83
92 90
28 89
30 54
23 74
3 70
26 79
22 65
51 32
7 50
57 19
48 8
98 72
42 28
84 24
16 23
82 10
96 101
93 44
62 69
12 47
5 52
67 58
73 16
35 53
31 16
68 60
38 75
17 60
17 35
47 27
57 4
57 55
47 95
72 97
1 83
44 85
67 74
84 35
82 45
74 93
4 56
24 46
28 99
56 52
89 70
65 80
68 21
101 50
10 30
86 43
25 13
32 58
32 88
41 16
2 29
66 14
18 97
49 17
92 48
70 41
2 18
34 61
89 22
63 36
86 88
101 69
55 83
8 28
92 54
45 54
37 22
50 87
89 68
62 33
37 88
56 70
2 52
74 73
87 100
39 78
81 88
77 87
46 79
57 12
15 11
47 83
6 65
44 87
33 18
79 88
51 100
29 31
68 27
32 61
57 51
41 52
58 50
100 71
43 93
43 78
72 5
12 37
88 69
84 72
8 35
8 55
52 33
57 78
56 8
27 98
37 74
100 79
7 18
44 23
93 55
94 14
11 69
49 47
100 96
24 8
77 72
86 47
21 95
58 73
93 16
43 35
96 49
53 14
62 42
64 42
46 68
40 20
46 72
91 89
30 13
48 44
97 53
4 15
70 52
31 74
28 92
75 52
18 10
21 92
65 18
87 92
65 89
26 39
24 57
98 22
20 61
49 93
23 53
20 63
98 15
42 72
11 33
46 12
9 45
8 15
15 36
77 34
88 80
69 24
55 61
15 61
84 37
92 58
52 16
6 81
4 18
86 70
12 42
29 82
34 87
46 55
80 58
66 17
69 70
18 87
28 74
88 52
62 27
73 10
86 99
43 97
61 52
15 80
80 63
56 59
31 56
89 71
78 64
96 92
67 32
88 19
99 37
92 78
17 62
25 81
30 31
30 101
45 73
29 35
74 51
86 52
58 28
79 16
54 5
11 39
46 83
36 54
5 43
49 90
2 4
38 74
68 83
96 99
27 95
29 25
85 55
25 80
49 58
35 4
34 19
3 64
69 16
19 17
89 19
89 55
3 41
6 98
97 96
83 42
25 26
101 56
101 21
36 32
32 18
34 88
54 61
7 82
87 26
53 70
82 65
83 62
43 77
9 91
90 28
23 72
39 6
85 100
43 31
37 30
17 44
16 53
13 49
45 26
76 30
33 75
90 48
40 98
45 13
17 41
89 56
35 85
27 5
93 99
28 70
63 7
62 45
41 86
62 39
26 51
55 67
51 83
17 12
78 65
39 72
7 74
100 42
20 31
88 49
4 7
100 98
40 3
100 34
86 12
14 12
97 95
33 55
36 44
49 16
32 46
66 55
29 57
58 33
59 62
7 64
59 78
99 100
18 47
100 75
51 81
54 56
72 2
47 50
83 40
51 9
9 90
54 73
3 29
42 50
27 18
93 1
46 37
17 69
91 35
28 39
92 68
49 98
23 90
88 74
96 60
72 10
21 86
43 46
3 82
53 37
83 76
16 83
44 43
38 83
81 26
63 15
74 95
90 43
93 31
56 13
1 80
10 51
1 43
17 76
89 99
60 85
99 34
77 85
87 39
32 83
83 18
73 28
48 32
64 84
78 9
38 3
44 24
95 42
51 48
23 18
99 42
95 37
72 1
54 97
19 3
44 60
27 73
65 37
71 56
89 72
44 39
53 31
52 9
24 1
63 47
87 75
81 17
50 25
56 45
68 53
24 49
68 69
87 98
81 9
23 24
55 14
44 11
70 85
5 46
49 45
87 6
54 18
7 37
35 62
73 86
36 12
86 57
6 62
54 15
72 65
67 14
90 61
32 28
44 25
12 91
87 90
47 30
82 94
100 50
93 3
51 86
60 71
77 14
35 25
12 35
73 79
72 62
99 98
70 88
48 84
56 20
33 43
77 61
92 99
53 78
50 61
3 79
87 13
9 41
76 8
4 96
45 71
39 73
91 86
53 7
27 63
49 73
53 67
16 56
50 88
97 26
24 30
48 9
72 69
8 6
19 2
16 6
101 74
15 55
96 36
70 59
64 2
35 61
13 36
38 56
29 86
99 59
15 35
75 26
33 82
30 57
82 80
79 74
38 27
88 38
1 37
12 49
26 67
57 5
3 16
2 45
88 75
54 53
19 49
5 44
37 20
85 22
26 31
35 86
2 21
96 19
52 30
65 24
18 75
101 7
12 94
63 42
35 74
32 96
79 58
42 76
64 71
4 17
72 64
14 93
2 90
92 101
64 66
85 64
35 70
94 44
60 23
60 31
45 47
51 84
75 91
5 37
57 77
20 100
50 97
22 88
31 22
61 13
51 3
82 52
94 39
80 51
23 62
85 65
22 3
98 90
38 71
101 18
101 64
100 31
41 29
71 47
62 41
31 48
36 55
53 56
39 5
88 73
80 60
34 5
23 91
37 31
97 11
7 39
30 17
49 36
4 30
12 26
18 39
75 22
28 25
71 63
26 23
66 4
74 40
35 28
86 92
12 93
19 70
47 55
84 14
89 85
1 67
79 84
35 39
26 54
76 73
100 10
71 76
83 88
32 87
82 39
67 9
34 59
48 38
92 40
46 18
100 80
32 4
74 44
19 84
43 18
91 1
30 19
19 5
18 29
81 91
67 96
14 95
9 35
26 8
3 73
25 54
33 36
42 69
87 72
66 31
65 12
66 38
5 32
89 88
42 37
77 78
71 66
76 81
92 67
73 68
81 97
51 87
67 16
95 30
24 93
80 90
23 9
98 7
92 72
73 41
46 23
87 41
79 95
41 5
20 70
13 85
24 96
40 11
14 1
67 41
13 24
57 46
66 101
93 50
41 89
75 95
59 5
93 61
71 75
75 43
38 89
79 2
4 101
78 29
80 9
49 85
87 5
9 20
53 5
79 23
36 46
36 3
58 74
15 97
79 76
61 5
51 41
6 60
14 70
14 81
30 26
85 42
16 91
43 50
70 27
78 71
75 30
78 11
77 1
10 66
90 22
5 65
59 49
12 31
41 40
95 19
20 64
82 16
57 22
94 8
13 101
28 31
56 37
68 19
34 64
38 81
90 6
55 26
36 23
11 42
7 60
19 43
39 79
55 53
33 61
83 53
75 56
94 28
59 37
68 18
27 76
73 59
19 94
2 49
48 101
92 4
38 28
95 2
97 51
17 87
40 35
53 69
53 32
58 52
23 35
42 101
47 37
80 55
46 69
20 34
28 6
45 23
82 46
31 86
93 86
64 6
13 92
64 37
12 89
72 78
6 67
66 72
22 19
55 22
66 95
85 78
31 70
91 92
8 27
76 89
85 30
43 79
13 27
2 80
90 37
52 90
79 1
93 7
49 57
59 82
40 99
96 59
24 18
56 86
34 75
58 29
88 51
34 80
82 38
33 1
57 53
57 14
3 84
18 93
41 31
29 92
79 31
35 26
51 40
47 28
52 26
56 90
96 57
50 2
69 76
6 101
91 3
24 29
40 93
57 81
43 2
8 53
49 86
82 98
28 43
1 69
7 27
32 26
84 85
76 7
12 40
93 6
79 37
31 89
48 3
41 2
58 42
84 96
97 14
48 43
25 16
92 44
13 16
48 33
56 55
54 57
26 49
17 73
100 28
13 86
40 85
60 41
74 52
9 93
24 62
63 78
7 70
25 41
19 29
87 66
13 33
25 101
24 12
12 20
38 57
39 70
44 33
60 40
77 51
51 24
5 25
96 12
33 87
6 95
26 40
56 95
46 28
30 50
8 18
67 77
6 29
92 100
7 81
13 74
32 45
69 25
43 80
55 60
27 35
74 43
1 42
65 66
92 49
30 68
2 59
14 2
25 39
86 17
43 64
96 98
6 35
53 17
44 63
4 47
54 9
73 52
23 73
58 69
45 61
54 7
59 79
14 13
29 40
26 100
22 100
85 61
11 30
95 83
91 99
24 5
67 85
60 51
1 97
22 92
69 54
53 44
24 71
30 2
79 89
10 16
4 21
42 46
58 101
16 80
28 44
7 12
7 89
33 16
44 35
10 97
86 28
23 92
51 11
65 46
39 77
23 28
33 100
90 82
4 13
35 24
79 44
10 8
69 7
2 16
20 22
10 22
83 12
3 24
10 75
67 72
18 37
2 83
82 78
23 65
24 90
1 49
66 46
1 4
48 74
85 23
65 83
60 74
89 32
7 73
67 76
79 11
20 42
77 45
89 4
83 24
78 24
73 56
87 7
83 45
65 2
77 76
32 82
32 68
27 42
42 87
46 7
38 77
86 77
81 45
78 68
18 90
68 95
68 33
20 68
66 91
78 86
52 19
1 27
61 75
68 10
41 65
39 8
26 82
56 80
42 47
95 46
79 24
26 77
93 91
52 62
99 30
48 58
66 2
34 50
83 59
87 36
69 44
37 70
5 26
45 95
63 66
5 23
27 52
6 71
5 4
33 27
59 4
78 15
74 68
75 85
4 94
92 20
13 17
45 16
75 57
32 94
3 89
46 90
27 45
30 1
66 78
35 79
44 12
12 80
44 99
26 10
84 4
64 77
69 94
40 34
50 99
43 55
60 61
43 8
4 63
77 15
32 10
48 93
58 30
36 85
63 34
59 17
6 84
41 4
79 47
13 5
93 62
32 11
9 63
55 7
92 50
57 45
58 65
15 42
81 52
46 74
59 87
90 76
101 22
91 61
41 1
96 9
79 19
58 25
85 27
75 44
89 17
37 80
91 57
97 48
1 34
1 48
41 37
12 28
53 93
80 8
84 49
22 47
98 8
57 9
3 2
18 56
4 10
24 2
74 63
100 25
94 15
78 98
87 10
34 62
39 63
78 81
31 68
55 11
47 48
90 96
56 87
77 80
85 29
61 65
38 79
43 76
100 81
11 85
19 48
65 101
45 15
20 33
12 75
32 73
51 20
76 13
12 63
83 101
27 48
97 93
25 27
81 58
62 19
93 100
4 50
45 65
99 101
8 83
91 19
80 10
63 24
86 48
23 27
99 87
25 8
48 70
93 72
19 44
18 52
75 55
68 61
19 76
99 14
92 47
75 65
10 12
62 2
18 11
96 25
26 101
31 38
90 38
5 96
85 69
21 18
93 8
20 53
35 36
99 1
86 27
46 67
22 72
74 76
45 55
89 100
33 7
72 17
37 17
79 10
42 4
80 29
88 61
72 3
53 74
68 88
38 45
13 43
13 68
18 96
67 3
88 58
58 61
100 5
50 91
33 91
75 96
25 7
89 10
6 61
62 89
8 46
37 72
26 27
94 2
28 24
36 101
15 46
58 12
90 81
34 79
99 13
29 79
65 86
32 57
42 57
39 37
100 29
40 73
37 66
42 38
3 92
2 77
84 9
47 59
68 29
88 40
11 20
19 82
3 65
68 5
23 3
21 64
46 101
61 53
91 24
48 15
20 87
94 1
36 93
2 81
52 11
5 99
55 4
61 21
6 57
57 41
21 63
70 6
13 18
48 49
70 5
65 30
61 100
95 93
56 9
7 36
88 1
7 20
82 92
39 92
53 75
90 93
87 63
35 37
46 2
59 72
3 60
18 72
33 41
96 29
33 88
12 43
15 84
91 77
23 100
22 95
93 2
75 49
26 9
101 43
6 41
31 34
27 56
75 51
83 61
96 43
3 87
101 38
48 69
36 48
99 64
67 25
72 83
73 84
34 55
6 20
76 50
21 76
18 36
32 13
45 76
25 17
54 34
3 61
28 78
38 68
38 100
6 14
78 42
38 92
14 48
94 42
53 58
41 72
81 95
5 29
90 100
84 61
61 72
24 25
10 81
45 86
89 63
25 89
96 10
44 7
48 52
58 22
41 28
36 22
72 88
38 85
96 54
16 29
52 14
42 80
90 16
88 36
94 47
40 78
72 32
58 17
9 68
88 59
86 23
58 63
17 9
3 83
7 41
6 63
30 72
36 89
64 36
23 43
12 97
63 68
37 48
90 59
38 33
28 83
35 59
28 55
8 2
18 58
12 53
66 8
68 67
29 65
64 74
5 83
22 63
11 50
68 40
28 18
43 16
47 41
22 30
10 29
18 45
52 94
70 67
20 60
73 34
27 74
96 11
50 37
83 23
16 22
62 31
19 75
1 45
50 90
55 92
46 30
77 49
62 51
21 50
85 86
69 86
2 26
25 60
64 15
15 76
21 15
3 94
85 92
75 69
93 94
27 87
9 97
66 96
47 53
30 98
6 77
76 22
19 41
56 76
84 75
22 94
14 8
74 36
52 85
70 30
24 89
9 7
12 61
45 20
1 10
87 16
63 60
41 15
95 25
34 28
96 7
22 4
41 78
58 75
33 47
100 57
2 10
62 92
101 90
20 75
29 22
28 97
48 80
96 77
61 28
59 23
98 16
98 55
25 92
19 83
66 21
36 62
24 94
89 87
14 18
3 97
34 13
54 74
80 84
65 73
95 65
85 32
39 59
42 21
31 84
57 70
97 92
94 87
100 47
55 18
48 94
77 88
72 56
82 36
67 95
18 16
81 66
36 91
90 40
69 49
15 100
12 67
53 38
87 46
51 76
53 22
76 5
97 76
81 96
17 61
51 17
74 8
11 45
12 19
67 28
85 82
82 66
97 5
9 89
51 99
47 76
67 83
7 100
87 64
5 92
57 37
51 95
39 90
70 84
65 90
18 76
54 41
65 48
69 99
41 83
19 71
88 53
73 26
76 64
40 42
59 91
27 97
89 37
78 49
39 34
34 27
96 69
30 3
21 7
88 7
3 14
44 82
73 1
64 62
58 94
38 97
64 97
87 96
67 62
101 45
99 23
24 21
23 41
96 89
72 55
52 4
74 65
5 64
10 59
35 88
35 77
27 28
48 55
34 38
76 46
75 39
30 74
52 64
94 49
11 76
7 85
65 9
22 34
34 66
3 33
88 47
35 10
23 95
22 80
91 39
55 77
34 56
101 72
101 68
82 23
44 1
16 40
70 44
92 76
47 98
81 86
92 46
48 10
37 32
49 66
76 86
42 67
43 66
19 23
29 23
79 63
72 19
89 48
41 98
26 41
10 74
1 9
58 13
98 19
90 64
26 43
57 98
70 36
91 87
59 94
87 78
21 44
6 74
18 57
87 38
31 47
8 65
32 47
32 17
43 38
30 48
39 10
3 20
86 100
42 30
13 66
9 31
41 77
15 14
43 73
4 76
96 85
13 97
4 64
91 22
92 83
62 58
16 81
31 91
52 24
97 32
71 54
19 85
8 51
98 70
101 57
65 25
101 14
65 97
30 62
18 94
65 14
25 11
79 78
53 91
8 60
39 14
81 72
34 78
15 5
73 57
44 67
35 52
31 76
31 19
21 16
69 73
20 62
24 74
28 64
44 51
15 90
77 52
10 45
80 87
11 65
35 47
80 81
94 21
94 6
93 79
16 9
9 55
18 61
63 37
66 58
95 33
92 56
87 24
59 28
15 74
88 100
33 67
68 2
71 61
101 88
29 45
69 81
38 18
66 41
70 80
67 34
45 39
83 70
28 7
84 12
57 76
77 82
70 74
42 68
51 52
88 16
76 96
41 101
57 17
32 63
61 39
51 43
24 86
64 29
31 10
90 85
17 50
23 42
15 20
48 16
83 79
99 12
41 10
67 27
49 72
95 101
32 7
71 2
82 49
82 18
51 71
71 74
6 1
12 71
61 27
67 31
60 64
97 83
58 1
10 42
70 77
27 83
54 28
15 26
3 54
51 46
57 88
22 41
29 21
38 30
10 11
17 100
92 42
44 90
77 97
93 57
91 48
30 45
71 39
55 76
49 37
95 54
65 87
63 95
84 67
26 80
91 49
14 100
17 101
79 45
20 24
53 79
43 60
75 2
69 56
22 28
87 31
29 94
79 27
54 77
20 78
59 22
58 56
76 2
22 21
101 29
69 20
96 80
62 53
79 66
76 100
44 84
77 4
21 37
101 75
43 34
35 51
96 40
20 93
82 89
96 23
87 79
77 48
81 24
37 43
29 11
36 39
98 29
30 15
32 43
95 52
41 61
36 38
92 30
73 96
21 9
90 21
78 17
39 32
13 57
76 58
21 60
10 5
31 25
71 83
42 14
50 98
98 12
51 7
101 5
38 14
62 98
39 65
45 91
75 59
13 3
29 99
24 76
85 57
63 56
72 15
13 70
5 95
39 53
27 55
66 97
97 19
88 94
17 20
25 72
60 16
92 36
55 101
19 25
60 73
80 17
51 65
66 30
55 1
82 74
1 54
25 82
50 15
87 93
51 85
72 29
91 58
25 86
6 83
28 14
17 55
60 18
12 52
38 25
49 87
33 35
59 76
77 8
75 62
53 100
92 37
21 83
67 101
70 33
92 79
66 16
44 8
41 75
70 92
40 97
25 10
42 71
77 30
18 30
98 58
65 1
42 51
45 96
37 51
47 56
34 51
27 59
67 73
49 29
80 5
38 80
6 12
4 81
10 50
10 76
11 88
72 63
88 66
70 78
10 91
25 84
36 43
6 10
2 9
88 92
3 9
5 56
15 81
15 9
43 87
11 81
59 46
78 96
75 73
98 20
70 66
44 68
101 76
79 20
89 80
98 73
83 77
11 60
49 46
43 9
72 34
43 24
43 72
33 50
80 61
65 59
29 39
47 84
86 37
71 3
50 18
63 91
44 57
12 27
65 54
31 57
11 71
22 45
91 37
94 17
33 83
80 19
74 22
39 1
77 21
10 83
86 19
99 84
93 78
79 32
4 87
8 12
34 97
37 29
81 19
20 58
62 68
58 44
86 96
45 43
26 36
8 22
91 42
73 42
38 91
32 90
86 90
81 82
6 75
98 80
73 77
75 89
95 94
17 92
97 56
87 12
39 80
20 4
84 54
59 58
23 54
100 30
9 12
68 36
76 20
20 30
77 94
25 33
95 90
71 52
81 71
79 25
7 72
97 4
91 62
35 71
76 91
76 14
66 19
95 10
59 53
61 82
84 94
23 58
84 29
91 4
82 75
12 15
73 19
27 78
21 73
38 44
79 55
44 31
23 78
3 98
1 63
47 68
46 39
86 101
69 13
57 40
63 33
96 47
4 69
89 74
73 13
86 50
2 55
9 6
59 48
54 17
34 36
14 46
48 60
18 51
52 42
54 37
36 66
12 60
8 19
83 9
61 36
9 58
27 6
52 34
40 91
43 88
64 63
39 43
59 85
7 67
65 26
100 39
30 21
57 90
60 98
83 87
8 7
58 5
8 95
48 53
95 69
62 84
75 27
8 61
75 40
73 5
82 13
20 91
22 73
1 71
58 51
51 33
83 39
1 56
77 9
85 28
22 17
100 52
45 46
10 78
77 95
45 89
29 44
79 101
29 17
76 75
37 62
89 67
56 88
10 86
38 51
23 17
71 92
8 78
67 36
91 25
85 9
67 57
8 88
50 45
61 99
43 41
62 46
29 30
13 10
32 74
38 46
30 33
21 74
85 17
20 25
92 59
48 95
26 42
61 29
11 9
36 95
18 15
22 9
97 63
77 36
57 3
48 46
2 7
81 62
35 50
35 3
48 7
65 31
96 35
15 38
84 69
19 74
41 55
66 29
60 19
65 96
7 15
70 47
88 17
88 24
49 55
31 6
48 75
21 80
6 46
87 68
101 91
55 78
65 28
37 4
61 97
14 98
56 60
69 90
14 43
47 24
34 60
14 91
22 64
17 36
80 66
72 36
25 49
83 60
62 86
11 8
4 79
97 2
79 57
99 32
85 39
2 82
88 82
68 99
53 2
25 97
95 31
21 40
101 73
15 99
87 84
53 9
42 13
74 9
75 23
61 74
41 95
75 99
57 72
49 62
36 75
40 48
63 10
86 15
95 44
78 14
50 16
20 73
100 66
5 79
29 28
18 79
64 83
21 59
88 44
8 16
71 86
9 42
21 25
13 63
33 31
41 14
52 96
83 44
5 93
82 101
48 23
3 5
43 70
32 64
68 86
6 80
59 6
71 55
64 27
98 10
23 76
8 64
36 99
60 42
53 64
64 30
75 42
43 17
37 10
60 2
98 97
38 64
77 28
53 51
81 87
10 52
68 23
45 19
54 59
51 78
38 11
29 70
99 10
68 75
64 17
61 67
29 90
31 80
67 59
38 7
33 59
72 28
70 32
46 47
31 39
80 46
97 35
27 15
25 37
65 40
89 50
98 89
48 71
85 74
59 60
39 95
74 26
84 21
87 29
21 87
71 31
73 46
25 59
50 81
38 23
86 58
29 13
94 90
16 30
75 7
63 2
97 88
43 25
62 29
89 21
21 26
31 5
15 49
41 74
54 42
90 66
72 86
23 57
52 72
55 70
37 61
28 17
94 37
58 60
97 84
12 5
32 49
54 2
100 58
42 96
92 80
27 11
56 2
33 57
35 1
78 58
14 87
11 31
3 62
11 4
45 66
50 49
32 75
85 12
27 37
53 33
31 88
57 66
69 100
52 57
98 37
30 32
100 68
25 77
59 40
84 83
30 71
78 6
38 9
25 75
13 51
24 31
65 27
45 70
22 14
35 75
54 98
15 23
3 76
63 84
99 88
11 77
75 79
79 12
21 45
40 53
31 51
80 94
59 32
54 14
48 78
33 56
30 89
75 50
32 95
69 28
4 70
66 89
71 72
47 77
73 4
64 45
59 36
9 66
43 95
58 85
32 42
74 2
90 1
17 82
58 2
34 6
25 46
47 58
66 92
74 100
59 29
61 87
32 9
30 12
18 22
19 56
1 98
74 42
56 42
11 49
57 34
48 56
13 9
97 20
21 88
47 51
16 85
53 76
71 88
14 56
36 53
21 58
16 28
91 100
38 54
58 83
101 32
88 93
56 82
26 88
89 77
45 52
29 69
77 31
33 97
38 78
46 26
65 94
68 80
18 84
89 5
25 23
94 33
82 28
43 21
33 15
58 6
67 86
97 17
22 62
49 71
83 89
77 101
39 74
85 62
26 28
81 42
50 46
12 45
75 1
21 55
93 17
84 22
1 16
12 59
68 56
30 61
16 89
76 95
12 51
42 89
40 45
66 75
51 96
25 1
12 39
54 100
8 75
73 70
50 62
25 53
34 11
3 88
46 21
2 89
99 95
100 49
67 64
47 6
13 71
63 43
63 41
71 53
81 63
21 28
59 20
14 59
88 28
92 74
76 62
89 59
71 99
13 72
84 56
26 29
94 45
32 76
26 53
15 65
9 70
60 37
95 16
43 30
92 11
89 40
56 32
57 65
34 33
92 84
85 71
89 44
96 71
22 83
24 54
88 14
83 25
96 28
40 5
57 21
15 31
101 71
18 67
96 1
35 30
47 3
60 29
41 13
44 37
74 12
39 54
93 34
80 30
61 25
98 28
31 4
85 54
8 92
6 69
38 41
49 22
84 82
25 4
93 83
43 6
8 3
47 90
41 27
74 47
40 7
27 36
20 57
54 62
19 21
12 76
28 10
20 83
24 27
92 33
5 60
11 7
78 25
16 96
69 39
72 91
93 25
8 63
80 47
34 4
49 65
37 68
15 73
86 11
61 24
44 66
5 71
84 23
9 24
57 56
41 34
71 26
83 100
79 85
80 24
42 97
88 30
66 93
56 62
79 72
99 65
82 57
95 96
89 46
98 56
33 84
81 43
4 45
27 3
27 4
95 64
96 27
36 40
33 29
26 86
82 73
74 90
65 100
33 99
41 100
73 25
39 86
31 82
38 40
81 98
53 84
50 40
84 78
26 94
30 63
96 20
55 3
35 41
32 98
52 78
10 17
23 30
57 1
31 50
15 47
99 49
50 36
13 50
89 60
35 87
15 93
87 71
100 59
14 17
13 64
4 82
78 7
32 24
51 69
20 81
75 80
90 7
99 57
48 64
6 79
75 60
81 49
83 75
71 18
38 32
6 19
31 101
50 77
77 32
20 21
59 43
76 63
91 8
86 63
19 47
80 74
63 53
44 27
80 78
9 94
1 28
3 69
89 51
34 70
32 2
91 15
31 46
56 40
7 23
87 15
7 57
11 3
4 40
78 100
33 4
66 39
90 20
2 23
76 85
29 38
13 54
65 52
41 30
23 20
8 36
18 40
32 66
7 79
38 99
89 73
75 54
60 77
87 60
21 34
85 4
23 1
89 54
55 13
9 59
60 57
31 35
33 19
76 98
31 1
69 40
94 30
45 78
37 52
4 19
21 100
82 100
85 99
18 49
35 18
40 58
100 19
6 26
12 88
70 38
39 93
51 63
17 98
84 32
98 65
98 94
35 90
16 4
63 40
5 69
65 35
50 65
64 68
62 21
73 83
34 47
10 46
51 19
67 24
72 70
80 71
96 38
22 7
18 41
24 17
75 21
98 26
76 41
101 34
74 55
38 94
78 67
68 1
53 28
79 81
47 101
8 59
53 41
48 2
75 9
2 98
54 19
73 85
74 91
27 49
80 45
32 54
40 22
22 5
59 11
51 70
18 26
85 45
19 15
8 49
45 87
32 100
101 93
69 9
66 15
69 87
92 31
46 84
84 42
25 22
7 66
10 53
98 34
82 91
90 58
91 73
37 36
89 64
47 81
40 49
48 73
50 84
37 11
39 76
42 2
79 98
27 14
14 72
49 89
47 23
99 43
53 60
31 78
9 101
28 75
16 17
37 38
38 59
13 98
48 61
64 100
40 17
89 92
67 60
1 78
37 75
39 33
89 29
44 45
60 70
7 35
36 19
24 6
68 28
54 63
58 93
21 14
46 78
10 15
44 34
23 66
22 51
60 14
11 101
82 48
45 37
40 67
91 90
52 31
91 79
60 65
69 55
63 16
77 63
20 48
46 34
63 93
59 95
88 85
67 80
9 50
90 63
32 41
94 55
18 89
30 56
89 57
14 37
10 71
62 8
37 100
30 67
31 72
62 78
4 62
72 94
99 63
70 100
89 52
45 92
24 70
51 2
64 18
20 101
26 57
20 1
76 68
6 66
11 90
12 21
94 71
93 29
49 76
73 9
53 87
56 24
97 47
82 54
11 83
101 44
43 92
32 80
71 95
62 11
78 91
65 43
31 83
76 35
1 13
1 101
83 52
66 62
29 47
87 40
3 42
44 100
74 59
11 41
31 59
40 10
67 19
69 97
14 24
74 5
23 11
28 76
26 95
20 77
3 63
90 99
42 34
82 68
57 71
50 74
32 3
11 67
14 30
67 47
29 42
78 32
51 30
50 41
30 60
49 56
25 42
82 47
61 95
60 88
84 98
67 81
37 26
65 47
31 2
28 52
81 77
62 18
63 29
29 14
53 81
15 60
55 96
64 91
49 74
16 5
1
37 84 68
