101 5050
31 91
83 23
91 35
38 49
19 67
87 17
84 37
28 38
25 6
101 7
19 70
45 13
51 75
92 52
78 83
68 71
1 42
75 46
12 93
44 45
85 61
78 11
12 4
51 55
69 60
53 89
53 38
98 74
4 1
31 77
36 91
46 14
66 92
64 78
11 34
91 63
31 64
31 73
2 91
35 57
61 94
42 71
49 91
33 58
16 56
72 51
30 48
25 71
27 2
7 90
93 95
37 27
97 75
1 5
36 71
25 56
87 18
82 32
27 10
50 28
17 65
70 89
88 34
24 15
49 48
98 40
65 76
35 13
101 42
60 74
64 52
75 40
8 20
74 82
50 13
59 43
11 10
8 35
25 2
51 48
33 66
58 68
81 55
24 44
12 66
66 96
3 42
86 42
73 77
14 35
51 49
29 26
72 45
58 23
49 24
101 22
90 24
50 25
24 85
18 90
92 51
79 51
67 22
9 101
53 63
38 84
12 101
58 38
67 75
19 85
54 45
3 63
66 78
49 100
42 92
68 65
56 86
9 56
82 22
12 90
21 101
4 93
86 22
69 42
22 100
35 27
91 84
78 70
62 77
77 13
2 18
93 72
29 98
7 4
90 81
49 77
62 96
13 71
93 33
93 99
82 49
77 81
5 17
46 60
24 75
31 83
32 56
67 20
69 19
81 29
26 25
50 74
75 72
82 39
29 18
79 55
27 73
72 85
63 70
63 58
38 67
61 40
41 44
100 73
10 2
98 17
64 61
30 41
73 58
8 94
43 57
40 12
22 80
65 55
65 92
40 32
97 98
41 100
33 46
17 54
82 34
87 47
91 22
7 17
100 43
65 49
67 84
31 42
61 55
38 36
100 31
28 79
62 10
26 95
78 47
97 22
95 71
64 16
93 15
48 14
10 47
35 63
62 29
53 59
100 1
73 38
25 3
66 14
9 52
50 90
96 78
64 81
24 88
96 1
100 80
89 47
66 26
87 100
51 19
82 91
76 86
35 97
56 75
43 2
4 88
32 97
17 55
90 22
82 59
69 56
49 2
99 62
83 8
82 88
91 20
11 62
2 35
70 98
101 1
28 31
65 67
73 70
27 76
63 8
97 47
66 20
41 35
53 26
99 27
32 48
32 45
99 16
19 63
97 36
76 6
95 6
28 34
27 75
5 70
50 70
56 3
97 62
10 40
28 12
57 69
88 21
24 7
23 74
44 66
60 19
73 79
46 12
46 89
68 70
33 37
90 19
67 95
30 67
38 59
100 98
71 60
68 22
69 22
67 25
85 6
88 85
50 42
59 95
40 63
22 85
26 68
42 34
42 55
43 67
41 10
39 65
33 12
56 7
2 72
65 98
25 73
33 9
58 5
97 94
33 43
73 61
21 68
41 80
101 95
60 99
19 41
28 30
10 30
97 40
67 92
65 95
96 92
15 38
21 34
88 12
100 69
62 14
12 9
14 81
76 97
52 13
48 80
37 70
18 92
93 29
43 26
4 17
58 51
4 45
51 87
13 63
61 82
75 4
48 60
73 13
97 51
64 8
21 7
21 13
97 53
27 97
67 100
53 7
51 64
68 74
48 101
70 53
59 40
58 43
24 13
36 61
14 26
74 38
60 36
15 101
54 88
44 73
78 65
17 41
50 85
38 19
65 69
75 81
100 84
48 33
18 60
57 21
8 52
14 94
44 32
100 21
92 29
59 45
74 55
37 49
47 9
15 49
23 82
57 14
39 22
25 24
83 69
74 32
80 56
79 68
43 52
93 77
70 95
80 96
84 93
79 64
30 52
92 100
73 75
19 72
47 93
17 25
34 12
70 93
29 69
86 97
13 18
73 41
71 82
75 95
24 42
66 19
54 23
26 4
49 98
92 73
88 31
38 20
99 56
87 74
22 14
68 76
53 66
50 76
83 84
94 76
52 65
26 64
14 92
45 31
6 40
15 36
29 72
3 76
20 64
21 60
42 93
29 45
21 18
64 37
36 58
97 33
12 94
92 95
82 86
95 27
32 16
63 16
83 54
68 36
90 66
52 88
4 80
50 89
79 62
10 58
3 84
65 83
80 28
70 41
87 20
89 15
75 92
39 49
29 16
64 36
91 59
74 20
30 25
54 78
49 76
86 10
60 12
9 40
64 24
65 99
6 35
58 81
59 8
15 68
51 93
82 37
18 46
96 94
48 83
67 63
19 46
41 93
9 23
34 81
62 46
38 87
43 49
92 13
77 23
47 2
54 1
20 28
12 82
24 69
1 76
17 12
6 44
90 4
84 2
41 9
3 89
83 42
71 16
68 92
90 71
84 45
21 4
56 93
75 8
7 49
96 16
40 92
12 52
6 30
96 83
67 11
28 7
61 8
85 10
67 70
21 31
79 77
25 87
48 45
57 53
77 72
98 4
34 76
92 69
14 96
6 99
40 89
82 98
21 15
32 31
5 27
15 37
66 18
34 50
85 25
76 45
38 34
57 73
88 93
80 34
5 63
93 38
90 32
58 35
14 34
44 8
73 6
41 42
49 25
91 71
67 99
5 9
91 92
5 71
84 62
85 39
77 22
64 45
33 10
46 32
44 12
83 76
30 40
18 62
15 64
2 41
21 53
15 74
19 23
28 45
51 27
51 61
11 18
61 71
8 79
17 23
37 4
84 95
62 33
76 2
93 36
32 39
80 98
6 39
92 59
10 60
88 11
20 53
65 40
3 91
51 18
88 59
53 22
26 46
100 7
59 87
26 57
73 15
99 61
67 60
5 35
51 24
30 23
3 75
83 64
8 99
87 58
31 35
40 100
28 11
60 49
74 94
14 47
23 10
22 49
39 45
48 69
44 95
15 77
66 32
101 94
94 99
91 7
19 53
33 53
32 65
3 73
9 67
33 15
5 41
1 14
29 49
28 98
39 53
83 95
68 87
35 25
30 60
16 67
35 19
80 63
34 99
72 82
99 84
82 89
71 83
68 98
7 26
79 41
99 58
86 79
87 57
73 101
79 61
91 62
70 69
4 68
97 1
38 50
58 76
41 75
51 91
8 27
75 20
1 31
33 86
46 81
16 44
18 96
65 35
34 68
16 66
76 77
18 88
51 46
12 23
49 78
25 101
94 36
49 9
4 16
19 18
21 49
75 86
45 57
17 62
42 14
39 4
78 67
70 42
40 41
99 39
64 2
87 45
85 100
84 13
37 76
38 16
68 67
76 81
81 16
52 29
62 82
78 91
87 54
39 28
36 24
100 86
76 59
83 40
43 36
81 87
53 65
101 51
64 9
50 55
4 56
23 98
20 59
13 49
25 68
41 78
76 47
58 53
95 74
16 21
76 12
54 13
88 26
20 51
2 79
7 9
29 51
10 53
5 28
29 36
79 53
66 98
91 1
67 77
93 11
21 92
64 21
51 67
91 58
37 88
2 81
76 11
51 57
74 64
50 33
29 78
7 36
16 90
48 52
62 67
82 33
14 41
4 89
80 90
56 49
85 91
13 85
96 51
20 79
65 24
67 10
84 55
9 36
65 82
22 92
89 39
91 83
21 58
8 13
18 86
59 58
66 50
19 32
32 99
41 13
38 101
28 63
3 69
36 79
96 53
32 8
24 53
29 4
76 10
53 46
43 93
66 59
75 1
98 83
89 44
27 1
61 92
13 15
13 55
61 23
23 28
82 18
62 70
48 63
41 23
23 37
86 67
28 59
94 78
66 74
29 87
35 62
93 53
58 101
51 70
68 42
73 66
1 60
17 36
61 52
23 100
48 100
67 35
90 61
38 100
18 32
100 11
49 88
90 68
90 87
48 91
43 83
53 95
100 13
38 23
99 47
86 81
60 13
30 82
77 91
77 29
10 87
52 32
34 79
74 12
101 6
21 75
47 54
10 64
69 12
40 70
77 95
95 25
96 13
56 85
7 58
84 80
68 61
20 6
99 10
41 90
12 31
18 69
19 65
2 26
65 72
92 54
8 81
92 90
4 57
53 34
34 71
28 53
35 37
24 72
13 68
55 48
44 33
13 36
95 48
56 24
18 59
48 8
27 24
86 5
33 22
28 37
40 28
26 32
53 37
38 35
37 38
23 3
91 17
16 2
60 77
44 80
75 30
15 98
82 44
30 58
1 36
35 99
58 96
71 26
5 29
66 52
14 64
26 47
46 63
17 48
5 88
70 10
12 21
49 11
14 9
58 98
41 72
48 67
99 26
58 37
93 80
101 45
92 71
74 88
31 24
95 80
39 96
40 94
33 74
32 61
1 85
28 71
47 6
52 97
52 55
31 97
43 17
56 74
93 46
40 5
15 10
25 82
14 82
88 87
80 68
82 31
62 24
1 8
39 86
92 8
54 26
55 32
57 18
80 36
72 43
20 47
86 21
41 49
2 38
87 39
37 81
83 21
89 88
32 9
20 56
82 28
16 82
48 3
68 37
62 39
6 92
80 50
35 45
11 63
43 45
5 67
97 68
89 85
98 47
85 82
47 3
52 84
9 79
38 65
35 7
82 17
70 44
95 3
49 19
28 18
34 66
6 87
9 45
76 35
81 62
21 87
9 57
34 51
12 85
67 89
48 2
79 76
42 12
23 71
45 11
62 69
18 9
47 40
14 16
29 7
52 10
76 82
54 31
69 15
43 101
34 89
30 18
66 9
33 35
38 31
72 47
70 101
101 61
93 57
43 47
7 48
50 67
11 65
24 21
30 56
22 98
23 67
45 74
80 5
18 17
5 94
91 100
15 46
83 60
43 38
44 18
19 98
45 3
61 47
76 66
43 98
31 10
86 61
50 37
48 99
66 54
100 75
17 37
97 91
42 5
29 47
15 41
57 62
71 24
15 29
88 50
62 50
60 7
74 40
44 28
13 70
5 26
43 51
2 33
64 27
19 25
86 57
41 58
8 2
6 16
82 4
64 17
19 100
50 61
10 65
26 44
22 62
25 21
92 25
3 66
76 93
14 55
27 40
30 17
63 77
97 14
83 39
59 37
94 44
73 71
87 61
48 34
10 46
38 25
60 51
12 78
61 93
49 34
86 6
74 9
95 45
11 66
27 3
35 29
4 58
35 22
75 10
31 93
29 58
17 66
20 33
94 3
55 46
57 47
96 99
12 83
5 97
73 56
95 43
32 38
33 73
49 33
24 4
42 10
10 28
78 48
32 29
72 6
14 100
64 84
2 63
38 64
91 25
72 4
7 52
50 81
88 19
10 9
9 99
11 72
43 23
45 53
99 53
77 35
52 69
20 36
4 52
12 100
82 6
16 46
72 49
23 101
48 20
68 89
101 98
76 57
85 94
85 87
65 63
86 74
18 12
16 70
46 28
19 62
21 71
81 31
60 86
22 2
25 69
19 17
60 72
58 44
66 82
77 50
68 16
6 58
5 73
37 69
18 15
52 33
54 10
49 23
37 7
86 89
54 30
45 70
12 8
89 5
13 79
69 28
74 42
45 78
8 18
10 66
28 56
24 9
68 56
99 81
4 87
87 30
87 49
13 16
33 3
28 73
9 94
3 86
81 15
72 67
80 18
29 83
82 90
38 92
44 75
7 6
72 5
35 66
39 90
31 36
65 9
3 100
38 40
16 20
31 39
4 65
79 58
61 25
99 68
74 47
5 78
14 4
88 66
52 37
21 96
25 98
41 85
45 75
12 64
24 52
93 75
78 63
25 20
77 56
80 30
55 71
44 31
35 75
7 20
12 41
57 81
16 8
13 42
39 78
60 93
29 90
70 15
11 2
88 80
86 84
53 6
82 42
32 85
15 66
12 43
94 57
9 37
35 40
75 65
39 76
92 24
92 33
43 63
12 89
17 84
55 5
15 27
13 89
99 4
20 22
42 49
26 86
11 29
29 38
14 86
9 30
12 58
89 101
44 69
36 59
50 91
72 8
12 37
25 42
18 34
80 99
14 10
48 79
58 61
60 57
18 10
100 65
77 88
82 69
37 5
77 8
86 47
33 99
63 31
66 56
40 13
48 4
62 95
3 35
92 84
19 15
38 83
37 55
5 19
96 33
84 30
81 6
82 52
101 19
58 86
72 30
96 15
31 17
97 3
1 32
60 6
82 93
27 80
59 44
24 99
96 55
2 12
83 16
13 87
28 92
83 93
57 74
97 4
90 38
3 36
49 27
55 20
56 1
2 82
97 77
32 86
6 26
82 20
93 9
72 23
34 74
101 57
51 90
44 1
62 5
26 42
19 56
74 10
28 86
63 71
16 51
65 14
10 20
63 68
27 48
82 55
48 23
45 7
9 22
93 40
7 86
75 61
15 79
59 57
48 92
74 67
73 11
75 25
14 101
67 87
78 35
7 54
83 57
39 29
8 67
72 94
71 39
57 49
1 48
2 15
69 27
8 76
92 70
63 69
81 32
6 5
88 98
90 59
83 41
7 85
99 95
96 30
6 43
1 12
25 16
66 84
86 1
71 2
2 6
100 51
50 19
63 93
26 73
99 22
8 51
17 20
72 3
36 47
62 66
4 62
11 60
16 97
14 84
39 56
17 49
78 40
33 65
8 45
45 69
14 12
14 77
76 55
56 100
52 85
15 45
48 68
34 17
52 86
90 72
36 46
65 34
66 37
42 7
32 73
39 88
95 100
96 65
96 24
83 99
91 98
68 27
35 72
94 46
86 35
83 59
65 94
41 25
50 39
71 97
30 2
58 22
71 18
47 88
34 24
83 11
72 87
42 62
14 93
84 81
39 68
13 19
71 87
77 33
56 57
49 59
67 1
59 101
76 67
1 33
67 53
42 6
80 35
69 34
95 52
72 78
45 25
42 56
88 56
58 1
71 78
72 39
95 13
56 91
70 82
23 8
7 25
94 82
12 57
35 89
38 14
77 82
41 77
61 5
47 80
29 86
89 1
72 37
65 36
97 60
10 98
74 61
93 94
31 67
33 72
41 95
63 94
33 17
84 27
93 81
18 61
66 8
73 90
22 18
96 4
80 91
96 57
101 33
74 17
21 82
5 11
86 48
57 92
7 97
27 46
88 20
22 75
69 94
43 94
73 85
88 83
67 6
67 56
93 22
41 22
97 64
80 11
50 93
25 66
37 13
85 27
31 37
92 47
37 32
41 92
74 99
8 89
51 17
48 70
41 97
76 53
3 101
38 82
25 78
36 90
79 59
53 100
29 89
21 50
25 43
2 14
2 37
57 55
64 50
30 55
28 36
77 28
75 13
13 33
3 54
67 69
39 92
28 101
70 24
100 25
61 49
49 58
81 95
46 64
84 85
16 39
45 67
66 38
29 99
4 51
52 98
14 79
22 64
90 44
101 18
80 55
8 36
26 67
81 36
6 23
74 76
18 35
40 23
27 42
40 60
6 98
15 16
26 75
78 98
65 47
57 22
52 50
43 1
5 76
100 44
9 92
72 101
15 63
69 23
32 92
98 55
22 13
58 3
87 52
71 32
25 47
35 28
80 49
58 56
35 51
41 87
39 66
68 53
17 78
7 16
72 14
81 66
7 50
43 68
16 79
30 79
73 20
11 96
44 23
64 55
8 65
37 86
39 75
29 34
62 86
96 5
17 8
92 99
61 21
12 84
9 43
98 46
77 84
2 54
35 84
22 46
94 67
32 15
56 81
47 32
88 22
30 62
27 82
87 69
44 71
39 3
89 79
37 26
16 60
62 72
88 76
50 30
95 72
43 50
16 73
28 61
65 23
43 13
56 89
24 39
23 29
1 49
63 81
41 54
13 4
14 27
56 36
16 47
13 93
2 46
84 28
83 86
100 37
27 52
56 97
72 86
16 54
56 38
44 85
22 66
48 44
17 73
34 32
26 83
10 72
66 45
28 60
8 41
32 67
32 23
40 51
14 45
58 74
88 2
39 57
86 34
58 9
9 17
34 4
38 44
93 37
68 24
81 25
93 39
98 5
58 57
58 31
36 98
100 16
80 60
6 63
80 23
80 66
41 38
17 89
66 51
58 100
37 75
25 54
38 33
37 65
88 58
90 42
77 38
47 46
69 90
16 59
31 62
6 9
64 4
83 81
6 94
54 63
7 98
38 22
89 48
81 10
73 40
7 27
24 14
42 66
65 87
34 91
17 80
8 90
66 31
22 5
75 7
2 96
92 79
12 3
35 36
63 21
69 20
17 67
84 89
80 21
21 89
47 67
47 100
5 64
3 77
73 88
46 83
63 74
3 46
1 55
90 98
67 33
72 64
34 41
87 98
95 63
101 66
36 44
77 2
4 85
15 65
81 68
36 83
4 100
63 79
65 57
98 9
71 56
33 32
7 32
12 73
40 20
99 100
68 95
53 71
8 97
28 4
13 27
20 42
20 77
68 47
14 15
80 71
27 60
34 2
33 40
61 77
17 90
66 13
30 46
99 75
86 95
15 94
78 76
6 51
87 75
63 96
38 79
15 43
65 88
38 94
83 24
23 11
28 66
62 12
48 61
54 9
41 101
80 57
63 90
10 88
99 49
5 23
33 28
73 65
36 30
64 75
59 54
46 101
101 26
58 16
71 27
38 46
71 57
51 11
9 21
33 59
38 12
47 75
94 1
31 46
87 101
18 89
27 18
16 26
48 76
54 4
98 8
42 48
33 54
72 13
67 91
64 11
83 97
75 94
34 7
85 49
58 92
58 8
70 32
39 7
87 94
61 3
53 49
30 44
71 101
90 99
30 65
88 38
18 33
83 94
47 8
29 85
69 95
7 15
46 11
30 38
40 36
27 101
32 64
86 71
66 77
94 11
70 94
17 40
33 56
43 41
27 9
5 53
70 71
13 5
87 5
26 11
77 86
35 9
9 13
91 76
39 2
21 95
32 54
46 23
74 2
43 66
26 84
77 96
46 92
76 24
49 84
18 79
83 63
11 12
63 37
86 24
3 55
51 73
24 28
16 76
47 59
85 93
68 72
7 40
79 90
17 52
100 33
8 43
24 46
84 70
64 54
18 36
35 59
5 93
23 36
69 91
93 55
19 6
57 89
9 1
56 8
17 58
75 50
26 62
21 33
87 9
17 100
81 89
12 65
98 12
57 3
97 66
41 32
15 87
59 96
81 43
82 80
89 38
7 1
16 35
28 62
13 76
91 65
2 21
69 13
91 64
12 59
24 5
72 70
60 32
67 57
25 77
33 87
100 60
66 6
55 101
91 54
33 70
101 31
40 99
51 52
61 2
84 53
85 68
95 47
9 55
77 64
22 34
36 42
84 94
96 79
49 97
39 61
10 22
6 91
97 74
50 3
50 35
98 59
72 88
26 79
30 47
47 15
52 96
50 97
41 11
23 96
11 17
98 41
87 66
60 88
88 53
25 1
3 41
48 98
39 64
45 42
79 81
65 51
35 49
36 54
92 78
31 92
48 56
87 79
51 94
40 44
29 2
81 22
55 38
14 85
43 31
2 32
35 88
73 48
38 91
68 38
36 77
70 59
85 31
32 72
46 58
64 41
6 50
65 18
2 50
59 93
41 37
90 5
100 57
48 22
60 54
5 77
44 47
75 55
44 68
7 72
62 85
23 20
54 24
10 77
46 25
71 19
16 93
13 58
101 37
11 87
94 23
19 31
61 70
3 17
49 101
62 44
25 96
76 19
15 22
101 17
19 55
40 68
75 5
85 47
34 30
49 10
1 70
33 29
56 12
64 100
91 101
24 30
48 29
85 80
9 60
24 38
46 66
96 35
37 24
101 75
76 43
6 28
97 70
5 54
84 8
27 67
61 26
53 92
26 58
40 52
6 1
35 82
63 29
7 67
91 45
19 2
23 79
3 31
78 43
70 57
33 76
73 49
12 63
27 56
48 53
98 32
3 8
97 79
13 78
42 65
86 94
96 40
31 56
48 6
38 76
67 61
53 86
21 39
68 20
93 71
90 83
30 53
2 55
69 35
82 99
1 45
90 93
87 1
95 56
11 75
20 80
60 90
37 25
26 45
1 21
1 22
23 84
58 40
20 3
20 41
26 33
41 24
33 31
48 65
81 101
37 43
35 30
92 10
75 78
88 3
22 43
92 44
13 80
56 96
44 20
14 91
43 42
22 65
69 33
72 83
26 10
73 94
1 50
35 32
80 77
92 30
77 68
8 80
41 66
34 61
28 85
33 89
61 17
10 16
94 42
19 26
88 25
90 25
63 55
9 75
81 17
10 90
95 23
76 71
19 86
45 22
68 7
90 48
5 79
30 70
79 60
15 72
101 44
12 81
36 69
21 8
95 82
90 97
85 59
59 29
25 58
7 95
66 7
50 11
10 34
53 56
37 1
100 35
73 67
86 8
26 63
74 75
22 84
57 77
71 41
30 42
93 17
29 44
78 18
1 74
2 53
62 21
43 69
4 94
6 70
82 13
4 49
96 84
36 52
61 46
96 50
61 76
73 59
15 97
46 39
87 56
16 30
37 92
59 60
97 10
20 11
46 54
71 43
42 4
77 27
44 15
93 79
99 44
55 10
26 24
21 73
34 62
86 38
81 7
47 94
96 71
60 31
45 85
86 25
81 91
43 89
31 48
16 74
45 37
65 71
78 1
21 47
21 20
45 50
58 27
58 2
88 100
54 58
85 26
63 56
76 52
57 48
25 39
57 25
36 51
18 5
89 61
82 1
51 76
39 91
3 6
38 7
93 89
82 97
32 101
46 34
37 79
62 93
92 35
63 22
69 88
18 24
32 21
56 44
42 32
23 34
72 9
70 79
77 16
8 78
77 65
81 27
37 36
12 24
43 79
72 42
64 57
3 92
76 4
40 37
92 81
42 23
4 53
42 16
1 20
98 13
93 74
46 78
21 56
33 6
55 12
71 31
83 89
90 52
37 18
97 96
2 99
13 99
100 101
33 81
4 73
57 20
54 71
91 4
36 72
89 58
75 53
80 61
15 83
15 100
2 75
29 76
87 48
59 69
3 79
6 29
88 43
87 24
40 21
50 53
41 59
22 52
84 19
84 59
2 98
27 23
68 19
90 78
77 83
45 38
24 55
26 97
17 10
83 51
74 31
56 55
20 76
85 36
67 37
99 50
15 42
52 53
42 40
58 62
90 91
84 56
64 19
57 28
61 98
77 24
15 90
74 79
3 93
11 6
93 87
8 11
20 99
31 59
90 40
18 63
22 12
64 29
22 26
100 96
39 63
59 4
6 56
29 17
101 62
20 13
56 62
30 78
17 92
100 93
75 57
5 15
26 3
56 79
34 98
38 62
26 50
28 16
84 34
4 47
18 84
94 20
78 87
60 81
70 35
53 80
10 29
7 87
87 22
30 45
67 98
19 92
1 15
63 73
65 13
23 18
8 73
61 54
84 21
79 69
34 70
34 15
33 7
88 36
59 63
101 8
36 25
94 2
52 46
83 27
46 70
53 55
58 72
10 84
66 69
26 69
87 31
85 99
7 93
92 4
11 97
26 74
87 80
96 60
30 11
27 6
19 43
64 96
41 76
101 20
22 83
20 15
100 5
38 95
16 36
33 60
13 94
60 23
37 20
60 37
72 46
24 32
67 88
22 54
34 83
10 44
69 21
80 52
37 51
77 21
81 24
73 23
61 78
80 6
18 3
25 79
55 54
58 11
97 78
89 75
72 16
45 47
37 89
11 39
38 78
39 47
66 65
61 53
17 53
63 33
69 71
93 21
94 41
59 25
8 26
77 47
55 47
78 42
2 73
60 61
92 20
98 38
11 61
62 7
20 46
89 10
8 62
63 89
88 8
55 60
4 70
98 30
75 18
6 75
14 68
28 1
89 65
85 55
77 40
87 83
13 57
71 1
51 5
60 85
42 99
24 8
3 70
31 55
90 65
76 36
82 3
3 83
59 65
41 65
48 18
95 46
29 56
1 11
15 54
86 9
81 48
64 62
37 6
57 91
55 91
26 28
96 93
52 99
14 8
31 80
6 77
42 28
101 35
7 89
56 18
13 26
5 82
78 89
80 97
16 40
28 13
71 7
6 18
83 58
91 41
95 90
37 98
16 75
12 36
92 87
30 88
12 35
99 38
91 30
77 92
6 46
44 9
74 73
66 36
20 71
46 44
26 70
1 46
46 90
26 91
35 93
56 14
68 2
8 68
95 8
84 69
10 1
29 8
2 89
83 73
49 64
84 33
76 63
71 84
10 57
46 40
77 99
31 29
18 98
20 31
23 90
70 2
90 53
101 4
45 36
28 72
89 54
50 41
36 49
58 50
27 22
13 56
41 39
87 89
48 59
8 69
51 53
80 72
30 7
77 78
45 17
3 34
85 46
40 39
87 19
52 20
94 98
44 64
50 101
12 77
33 25
3 14
40 22
54 19
76 31
100 42
79 100
15 40
99 73
101 79
86 69
72 1
64 90
65 64
3 53
88 86
97 13
27 39
55 77
58 45
2 60
29 70
77 32
46 50
6 31
47 90
74 21
83 62
10 13
38 57
19 12
79 65
85 37
54 20
66 89
70 43
29 94
63 10
22 8
21 67
6 74
36 53
1 3
94 79
20 60
16 87
46 76
65 16
27 44
83 20
21 41
20 78
66 71
91 68
101 82
95 36
91 95
22 30
3 10
1 98
16 9
89 11
35 98
91 72
63 62
84 32
18 58
4 2
97 37
101 78
65 54
55 27
1 29
35 94
21 5
54 70
62 9
94 7
55 100
30 4
62 92
72 22
84 7
100 70
82 54
19 73
69 85
25 13
50 95
21 22
67 81
58 70
37 74
5 56
96 47
41 27
100 77
62 90
94 32
33 36
91 99
41 16
99 98
85 16
97 81
36 87
10 8
34 56
8 6
42 84
26 87
14 18
32 4
29 60
6 64
90 84
54 80
53 8
11 79
13 86
63 4
20 45
68 31
45 2
51 59
95 24
74 71
54 6
34 96
3 52
18 47
30 3
84 101
14 70
4 69
28 70
76 18
78 23
17 63
62 68
5 7
3 16
57 44
58 93
23 81
60 41
48 54
15 60
36 10
18 49
63 87
24 29
96 61
38 13
101 85
86 16
5 92
35 11
99 41
80 76
92 45
97 85
4 6
88 75
95 28
21 23
42 85
70 88
8 15
42 76
82 8
98 76
21 94
43 28
28 94
51 77
53 44
53 43
14 39
43 14
16 23
79 17
40 25
78 100
38 48
99 78
89 20
53 14
83 61
49 45
30 19
61 91
32 50
73 29
73 68
62 71
69 49
13 44
3 29
86 73
47 56
1 18
83 74
96 81
61 72
68 29
32 6
99 89
19 24
35 21
90 57
93 30
86 101
40 18
15 31
52 35
55 35
33 57
52 34
73 89
69 1
94 50
34 5
78 57
28 93
100 36
92 27
34 60
80 9
91 27
45 77
95 35
48 66
57 34
30 33
58 34
18 43
42 17
9 63
23 1
94 80
31 25
57 19
82 46
40 80
33 19
50 57
35 64
9 84
44 88
32 91
57 32
88 41
72 79
12 53
77 39
63 92
49 12
13 91
81 3
85 34
39 58
18 99
74 27
90 28
67 55
89 74
6 12
26 38
63 25
4 66
30 89
91 12
7 61
69 41
79 45
68 55
43 44
19 21
16 22
11 13
27 86
72 54
97 93
87 97
51 12
90 6
56 43
24 82
78 50
6 97
82 58
6 36
48 36
30 21
50 20
74 96
101 30
43 84
67 34
15 86
31 78
53 62
58 47
96 17
91 5
77 69
31 30
45 46
28 74
16 88
69 55
26 21
86 20
60 66
76 25
50 48
101 24
50 16
22 50
32 63
44 55
38 10
67 41
74 59
98 39
40 69
22 70
62 1
60 26
12 27
8 70
96 68
4 31
59 75
19 1
3 98
101 47
97 101
5 12
72 84
29 30
78 7
14 99
101 56
32 88
93 91
93 34
64 82
12 48
55 78
52 26
19 81
62 55
7 11
58 78
60 43
32 43
25 5
11 25
69 96
61 14
5 52
8 38
29 22
50 15
11 57
57 82
41 31
95 11
60 47
46 5
92 60
57 6
41 36
80 38
17 97
77 11
97 30
75 33
64 99
47 83
71 15
75 52
56 59
35 53
88 62
30 90
54 73
85 86
86 93
58 15
88 55
49 94
25 62
98 50
66 91
20 26
17 99
6 62
1 92
65 3
66 95
23 24
5 59
3 96
22 23
65 1
65 56
51 69
12 68
20 95
43 20
95 14
43 11
66 49
78 37
52 44
64 60
56 94
89 31
79 22
13 47
2 23
65 70
64 98
44 61
5 60
13 53
9 97
46 59
64 86
43 39
76 15
54 100
1 39
71 6
82 51
8 31
100 83
91 29
54 56
11 44
47 52
96 67
40 3
24 74
98 44
10 4
54 38
55 97
7 59
50 18
97 23
67 90
47 71
28 67
96 45
100 82
45 60
37 3
81 41
43 16
6 69
22 17
37 56
26 9
39 54
45 100
95 54
34 37
20 39
43 99
43 10
74 22
63 72
6 24
51 33
99 97
74 8
71 29
24 47
53 1
52 54
43 5
52 60
97 72
80 74
37 29
83 9
27 63
75 83
47 84
37 47
67 80
13 88
18 77
46 86
61 10
11 99
74 69
14 60
7 69
20 93
83 5
39 8
59 10
94 33
60 75
80 10
38 51
6 59
78 28
60 56
77 59
80 75
83 17
52 63
13 48
85 3
11 31
10 37
90 31
95 29
80 70
100 81
80 65
51 1
83 18
91 37
89 41
93 64
64 76
13 6
86 4
76 9
72 18
30 14
58 95
90 77
28 99
40 4
36 27
101 5
86 23
12 25
15 25
2 95
4 83
30 86
10 35
29 57
88 84
23 4
6 41
55 99
56 50
92 83
64 25
25 80
1 26
99 5
93 65
5 84
100 61
39 69
66 64
68 1
67 59
14 69
55 92
62 20
25 14
52 78
21 90
31 79
61 57
86 70
51 50
94 10
54 37
81 69
45 12
85 81
13 83
54 62
94 92
59 50
30 95
31 95
57 52
18 95
66 1
39 37
54 98
88 79
42 60
53 72
8 93
36 4
29 82
88 42
7 46
60 44
26 34
17 14
79 95
10 71
83 7
13 61
74 77
31 2
28 9
50 54
70 38
23 47
52 71
44 34
51 84
68 6
100 72
93 25
82 81
49 86
95 60
84 40
85 76
92 12
100 39
79 85
1 34
66 27
61 31
79 21
85 77
2 93
82 41
93 52
74 53
55 90
11 19
59 22
16 78
51 47
19 91
60 70
10 6
25 29
84 31
48 85
43 77
39 34
28 96
78 84
50 65
25 52
9 42
28 48
68 45
93 27
48 37
51 9
86 43
23 68
81 88
63 84
55 4
9 8
87 46
61 33
98 75
15 56
76 26
81 9
40 19
98 79
50 29
4 60
59 14
21 54
90 70
27 65
75 68
73 82
77 34
35 54
65 21
95 76
52 11
87 99
45 81
26 31
54 68
3 28
9 19
57 98
77 53
43 7
67 13
15 51
57 63
17 94
97 59
23 39
59 30
39 33
17 77
58 48
83 56
9 3
33 27
94 39
83 30
45 94
101 36
81 21
42 19
37 16
100 59
53 18
31 40
16 19
92 26
64 30
85 8
19 48
11 70
81 5
86 44
89 69
71 22
11 68
56 45
2 3
35 90
66 63
100 20
57 88
4 74
76 72
97 25
45 24
4 9
85 67
62 13
5 65
66 47
17 95
100 89
50 63
44 79
96 29
61 56
19 22
28 8
59 89
39 70
45 97
28 91
44 97
51 41
32 27
51 95
17 24
40 53
53 87
80 24
28 15
71 17
85 98
70 9
21 66
7 13
74 78
59 34
52 18
33 85
63 45
53 32
22 7
21 99
73 36
28 21
3 90
44 37
16 80
97 92
91 23
83 6
19 58
31 49
88 61
87 28
16 48
93 48
38 5
46 35
8 100
69 93
9 39
55 26
87 42
77 9
46 79
30 20
73 46
92 23
46 42
81 52
61 4
68 41
25 23
87 35
2 90
81 98
12 70
89 51
39 95
53 64
60 87
88 92
50 79
83 44
44 42
30 1
88 40
71 98
89 6
10 51
72 55
90 56
101 69
51 23
96 90
55 16
10 45
17 69
37 83
26 78
90 88
48 62
95 10
25 89
88 27
27 30
1 95
12 80
48 5
54 69
57 66
3 4
100 94
42 47
23 63
91 42
17 15
18 20
91 8
78 80
43 34
61 16
51 54
15 55
1 17
3 24
6 34
41 29
87 76
10 91
13 30
59 3
2 80
101 96
50 44
83 45
43 55
91 33
24 100
88 28
84 50
39 18
74 52
71 33
96 91
51 71
60 101
92 43
85 74
89 26
39 13
75 82
23 87
53 29
80 69
49 5
64 70
95 19
75 28
88 68
55 94
10 21
45 51
87 14
29 67
40 76
20 63
43 46
13 2
39 30
82 11
43 3
45 19
8 7
70 20
34 87
59 9
2 44
23 45
49 52
100 32
72 38
35 81
69 30
47 19
98 33
34 8
51 88
12 7
57 2
71 58
85 9
6 84
32 11
78 2
10 100
49 54
68 82
81 42
43 40
5 4
22 44
28 49
34 78
99 63
69 5
25 70
15 4
66 5
84 4
24 57
7 88
17 32
7 77
90 74
52 28
77 89
90 11
48 26
1 57
70 96
27 72
90 34
2 1
42 98
4 78
68 57
79 35
10 69
68 94
31 69
74 72
76 96
87 70
18 55
66 100
65 29
85 30
38 75
37 22
41 62
39 12
70 83
71 67
82 36
52 89
72 89
85 71
86 90
81 28
70 77
46 74
38 18
50 24
79 71
34 55
1 38
16 69
55 11
66 40
39 26
34 94
9 69
88 95
80 15
33 16
58 75
36 75
70 74
25 83
101 99
44 93
86 36
11 14
15 12
74 54
57 16
40 8
99 66
48 47
84 75
31 18
25 34
49 95
76 32
90 100
24 58
21 48
68 5
24 1
92 50
37 77
19 74
81 40
46 91
98 62
61 69
62 27
80 32
77 101
39 73
19 28
86 31
24 20
49 44
49 47
32 22
9 78
71 77
72 99
85 95
91 43
11 37
64 18
73 45
2 28
3 44
47 63
43 24
49 93
20 34
31 70
27 21
13 3
52 70
44 65
51 22
36 62
73 62
37 80
17 16
59 68
88 29
78 53
30 15
96 20
79 99
39 35
10 56
53 23
22 78
52 58
6 21
98 92
15 61
34 36
1 59
32 78
91 73
82 10
6 61
36 63
53 82
68 69
60 68
76 7
97 24
98 63
64 80
95 12
34 33
59 17
50 40
75 85
97 2
73 50
63 44
5 31
61 37
73 60
3 67
15 62
98 21
64 42
25 84
1 61
16 52
42 73
35 47
81 13
53 47
78 88
53 41
86 41
4 25
63 86
79 57
62 49
75 90
34 27
18 97
1 16
59 23
90 94
93 66
17 72
26 72
37 21
14 29
60 39
35 1
23 57
91 21
94 71
82 63
20 49
94 81
42 53
86 54
67 97
82 79
3 62
69 76
99 15
70 17
87 84
101 74
49 30
70 49
39 48
19 75
11 47
42 89
24 78
98 69
8 33
61 81
81 65
46 4
68 100
24 93
64 56
73 37
45 33
1 47
32 36
83 67
58 80
54 85
45 99
97 34
44 35
71 45
37 19
72 71
2 24
10 32
81 20
14 78
58 97
69 78
60 94
11 53
7 92
99 88
19 59
99 36
80 83
83 79
17 2
71 59
89 28
92 76
91 47
33 47
2 83
64 3
43 4
38 39
46 99
61 12
41 57
96 19
85 70
16 27
91 18
24 66
49 40
69 72
7 18
39 44
36 19
21 70
33 83
65 26
60 91
101 92
85 58
55 83
34 35
58 77
93 54
63 88
48 9
57 85
78 86
56 70
86 80
45 18
51 32
67 52
61 42
73 72
51 98
27 11
38 6
40 64
59 13
9 15
98 11
10 78
72 98
64 13
62 51
38 42
32 25
23 75
43 62
85 64
84 44
45 34
29 13
74 14
2 65
9 61
32 3
72 21
89 98
34 31
11 15
48 77
84 60
11 33
52 6
58 94
13 23
53 83
11 56
40 82
52 94
30 100
22 24
11 54
101 52
54 12
98 95
32 14
68 3
51 86
92 49
98 24
100 34
8 96
81 53
12 32
84 61
65 45
59 55
83 35
77 54
87 43
55 41
49 74
27 4
73 7
101 93
101 68
54 29
51 13
25 51
69 38
35 17
79 33
49 96
64 94
19 3
23 85
56 98
46 17
14 90
92 86
51 7
50 72
68 84
45 86
51 80
4 35
92 64
62 52
47 28
38 11
38 61
44 87
92 11
25 65
95 73
59 81
63 60
6 15
84 15
81 74
42 57
46 21
86 59
9 68
90 13
46 77
64 73
17 39
73 24
45 61
5 44
48 72
10 73
97 95
57 15
91 16
11 3
98 20
51 99
60 78
77 94
21 43
51 39
15 23
21 14
48 35
14 19
62 37
60 3
67 36
48 94
9 20
32 83
89 64
75 32
90 49
27 53
31 57
24 16
71 37
1 52
66 94
41 56
88 94
74 35
35 42
62 65
30 57
55 7
76 70
69 64
80 101
26 12
82 48
2 66
84 41
15 75
96 12
10 96
97 63
40 101
61 62
26 17
25 74
54 44
93 78
75 69
16 49
53 54
26 94
52 73
9 95
36 21
4 41
80 1
65 84
82 67
72 66
51 3
28 97
52 91
73 78
76 54
65 31
71 12
73 93
64 101
50 60
3 80
9 50
101 29
47 34
15 52
73 87
62 89
81 54
82 60
43 65
78 19
96 43
33 95
8 19
84 74
46 56
61 63
67 79
37 46
55 70
27 100
76 21
14 58
12 67
7 19
27 89
93 18
17 50
72 31
87 40
100 76
84 73
27 19
61 30
28 54
11 9
51 56
96 6
19 20
79 4
84 97
67 2
68 52
95 40
65 101
71 64
4 19
28 100
49 71
96 46
50 14
65 28
41 26
75 70
47 7
9 73
100 6
76 23
47 70
36 39
30 51
11 21
93 26
24 33
42 58
13 31
56 52
64 34
14 75
40 86
73 30
84 39
34 19
85 96
79 32
8 49
66 85
30 5
8 57
11 22
14 49
8 42
30 26
63 100
68 49
32 49
88 45
20 27
44 7
49 55
68 10
28 25
19 52
17 75
42 21
19 97
37 90
89 19
81 26
75 62
63 30
16 53
38 21
12 72
76 75
28 55
37 87
14 33
84 20
14 13
89 94
82 45
60 58
79 12
97 57
60 89
100 71
40 34
18 70
9 88
96 22
35 15
12 97
45 80
92 74
98 16
74 13
50 71
54 79
48 96
70 91
67 101
42 51
50 69
22 6
47 31
3 78
84 98
96 32
64 67
61 66
99 23
9 96
8 71
60 53
43 27
46 65
88 33
66 86
2 42
45 16
84 24
68 78
73 34
14 7
5 20
62 16
67 15
36 14
46 57
26 23
95 61
27 87
61 20
17 47
59 26
95 15
90 85
83 66
92 34
47 73
71 99
65 58
36 22
1 63
33 90
39 19
54 34
76 73
68 32
38 4
87 86
49 75
40 55
81 18
6 93
46 68
31 50
52 31
18 26
46 13
89 71
59 80
18 85
10 7
98 86
89 9
97 100
92 80
44 76
87 95
93 19
11 24
31 96
72 25
94 24
9 29
99 69
44 74
21 51
77 42
20 97
77 1
32 87
23 89
82 56
5 2
5 50
16 95
40 2
26 100
16 84
79 47
31 75
24 60
84 82
87 82
80 43
64 7
63 38
15 78
19 29
14 89
62 94
7 31
32 13
64 47
73 98
44 96
85 21
17 13
51 28
5 16
88 1
85 53
48 84
6 14
47 82
29 100
1 40
13 34
94 95
61 22
25 44
33 23
59 11
78 6
68 28
77 4
42 97
85 51
31 99
17 21
55 6
55 36
30 71
16 94
69 58
97 39
79 75
39 10
100 2
89 76
31 16
64 33
99 54
79 7
80 46
7 80
47 50
53 91
29 46
8 50
80 89
41 47
20 32
94 59
42 11
67 18
52 77
96 88
47 22
61 35
58 67
48 43
73 55
81 80
24 40
55 58
76 14
30 74
54 101
81 78
84 1
10 24
5 32
90 54
55 66
19 99
14 44
22 60
92 72
99 30
78 36
75 71
85 83
44 81
59 62
27 28
75 34
53 15
15 59
67 42
40 29
75 66
7 2
23 88
80 62
53 69
74 11
28 22
29 61
29 79
16 92
37 96
74 62
64 1
30 81
101 83
23 62
8 5
74 29
90 45
85 78
89 90
98 27
36 96
19 79
96 89
27 47
73 81
97 89
48 41
17 38
16 18
52 42
17 28
7 96
45 62
66 68
39 5
2 56
30 8
17 76
54 57
41 18
27 38
2 36
96 41
71 38
67 40
27 90
25 60
68 33
51 68
73 80
70 66
64 23
46 71
18 68
63 7
97 43
77 19
50 36
26 27
6 88
74 3
43 74
18 94
10 93
35 71
101 53
41 28
10 83
27 70
26 56
9 31
57 36
6 49
75 63
11 69
72 59
1 73
3 5
50 10
73 22
97 88
21 44
74 18
2 87
98 14
25 55
41 52
32 59
41 45
81 72
91 94
88 71
2 9
35 73
9 71
70 36
40 91
14 23
69 73
99 70
88 48
26 90
20 2
38 60
52 2
95 37
36 11
17 68
55 95
31 53
52 100
41 33
85 40
2 69
76 30
12 30
21 29
22 4
3 7
57 95
63 51
16 11
101 63
74 48
59 64
96 42
56 78
68 35
43 73
3 21
26 35
44 51
97 54
88 64
84 46
29 28
76 28
60 17
95 4
34 16
92 93
65 97
46 67
11 71
76 62
56 76
2 62
20 4
65 61
101 34
46 48
76 90
83 52
97 73
50 23
26 49
93 32
45 55
45 27
59 42
5 47
25 99
48 40
85 63
14 88
22 25
5 36
95 42
27 54
89 36
93 98
89 16
44 17
56 92
17 86
12 50
80 19
55 21
21 78
80 14
48 64
41 1
87 3
75 54
9 91
53 25
7 23
3 38
33 42
18 42
53 98
52 59
74 100
63 24
30 37
7 82
1 90
79 84
40 62
27 29
25 9
42 54
2 51
47 69
47 12
55 89
1 79
29 84
57 84
94 53
26 15
11 48
101 11
55 87
66 67
8 46
99 76
50 83
87 91
41 61
23 93
96 87
93 45
27 96
33 78
21 45
14 83
27 59
65 20
61 24
85 92
26 36
5 85
90 20
94 22
48 10
66 30
46 97
72 96
96 82
85 11
43 90
82 50
49 67
56 23
46 41
78 51
72 56
65 7
98 77
43 30
99 59
71 4
6 65
18 73
1 81
84 54
50 27
77 26
51 14
70 81
56 35
1 99
9 82
39 59
47 81
18 25
31 22
78 44
62 47
15 48
97 69
65 86
39 42
44 77
63 64
35 24
43 61
72 57
20 14
23 35
80 79
75 43
52 14
4 67
53 73
50 86
34 9
7 57
79 10
96 98
13 12
97 48
50 100
8 4
20 72
5 14
28 64
81 71
51 74
9 38
74 5
45 5
30 68
8 54
12 75
40 56
29 80
73 96
58 64
27 94
59 24
33 55
36 74
77 87
81 39
27 78
42 79
48 25
59 21
67 24
39 52
25 94
32 95
85 43
86 68
20 85
78 59
65 74
65 85
14 63
37 94
26 80
24 91
81 38
91 79
22 55
97 29
27 79
22 95
36 92
70 7
82 26
8 25
54 96
78 95
94 54
62 60
4 44
57 5
65 60
51 26
49 46
14 71
12 29
61 27
99 57
19 61
44 19
90 9
22 3
100 62
80 39
35 20
84 58
23 66
43 35
96 86
6 45
86 55
63 42
85 38
46 9
5 10
50 68
78 62
57 17
95 89
16 101
40 54
15 85
32 69
22 89
88 17
59 2
88 91
75 96
7 41
26 98
57 27
79 66
81 49
89 24
16 12
45 89
1 93
14 28
7 99
33 5
24 79
79 52
36 84
85 35
29 42
60 35
44 67
31 51
92 15
8 37
89 91
32 30
52 45
21 97
84 11
40 45
7 74
41 74
98 31
91 74
9 53
10 12
94 30
79 6
18 4
2 92
22 56
101 76
39 101
63 49
26 96
42 75
34 72
64 87
25 27
89 92
93 68
83 68
101 88
76 84
85 17
4 50
14 37
72 40
70 23
1 83
4 33
54 18
52 38
40 26
95 96
37 99
91 11
75 29
40 79
99 3
42 37
41 63
64 43
31 27
98 45
28 83
20 12
50 49
12 87
74 39
52 72
22 42
29 66
14 67
82 15
71 3
52 23
5 95
54 14
88 15
49 83
91 86
34 95
67 93
10 101
79 39
8 55
61 97
12 99
88 46
39 67
91 15
62 87
33 80
11 40
51 81
17 27
97 38
14 73
23 31
10 19
13 101
75 48
11 81
66 58
39 15
28 58
85 2
101 2
77 30
46 69
4 81
57 37
50 87
31 94
98 60
40 57
68 64
54 43
82 43
39 55
32 62
82 78
32 89
17 6
13 1
49 3
28 32
29 55
3 15
21 52
9 100
11 4
49 79
71 48
18 100
83 82
23 55
95 64
20 29
100 46
31 14
82 92
75 77
40 71
14 40
49 89
91 75
94 19
76 22
91 44
80 42
19 83
101 90
10 25
34 63
86 99
38 47
19 82
86 11
56 17
79 78
32 58
76 60
61 59
87 8
2 86
60 8
58 90
24 48
38 96
29 43
86 12
67 54
72 44
20 58
1
7 91 52
