101 5050
37 84
79 68
18 39
22 27
95 32
94 13
35 96
81 91
29 11
19 29
24 78
64 60
82 15
30 52
2 16
5 43
22 16
10 36
72 66
55 91
13 9
31 47
51 47
80 72
92 61
51 50
3 29
101 65
75 54
18 50
17 27
27 101
19 74
30 33
41 60
42 6
3 44
61 31
27 29
53 86
16 49
101 23
32 9
17 92
60 80
72 61
62 2
67 61
88 24
33 26
17 75
24 13
79 75
96 84
45 89
32 11
55 49
45 54
53 90
51 26
46 92
87 72
5 3
65 60
63 14
91 22
16 66
26 16
39 66
64 44
77 2
12 83
99 64
79 49
25 50
96 12
70 10
80 82
92 56
36 43
15 66
57 20
4 34
69 24
39 62
47 32
79 32
68 10
64 72
70 67
46 86
60 27
73 21
35 80
45 40
46 5
51 76
31 89
15 9
15 10
77 91
31 7
1 64
48 47
26 37
15 56
98 39
37 25
76 22
23 86
69 92
94 23
5 38
36 78
98 28
64 93
8 97
46 37
22 73
57 99
9 54
11 41
74 79
18 30
29 66
29 43
92 18
29 78
6 3
25 56
46 8
101 46
27 24
94 64
84 31
2 29
78 8
84 71
57 25
12 13
54 66
72 32
50 7
69 54
74 6
19 26
95 56
59 7
7 66
64 71
78 71
47 55
60 1
40 70
20 35
23 21
17 48
22 13
4 12
5 23
35 78
21 45
34 62
94 96
20 60
84 78
17 50
59 79
78 76
45 77
54 40
78 15
26 96
94 62
71 94
77 86
37 56
92 41
81 5
83 34
13 52
45 100
41 82
40 63
40 4
86 31
43 77
19 50
76 41
35 13
69 13
36 22
54 100
7 51
28 45
56 32
50 72
77 82
14 69
51 74
31 51
84 70
1 36
67 31
87 89
14 32
24 43
16 100
29 35
15 11
25 52
35 7
28 49
55 52
100 80
25 31
92 26
73 19
30 20
45 44
91 83
51 29
57 5
29 69
11 91
22 81
82 31
72 18
66 67
5 28
21 33
50 28
33 98
70 50
25 4
9 75
44 42
33 73
30 43
48 88
95 28
97 69
96 34
98 10
71 88
3 101
79 54
54 36
80 27
90 96
23 57
100 7
39 96
52 9
24 80
61 3
85 80
25 22
93 54
59 92
27 6
28 12
36 73
71 15
18 10
31 32
44 84
29 81
44 38
7 70
58 15
99 89
36 66
12 34
31 58
63 69
40 6
65 92
52 93
9 76
100 89
53 32
77 3
69 64
76 37
55 60
14 44
1 20
84 41
72 43
33 92
45 93
60 83
73 8
37 94
60 94
71 54
5 66
59 42
100 61
99 79
1 26
98 41
81 98
77 72
93 6
22 29
91 32
23 29
47 85
49 89
8 79
12 61
70 65
59 29
86 61
30 3
23 48
12 63
5 1
28 72
34 50
43 19
46 64
17 4
30 27
24 89
52 92
15 39
48 96
56 47
44 76
69 36
61 83
4 15
27 20
90 41
94 58
55 95
34 25
93 56
59 25
43 76
86 15
32 16
27 86
29 65
94 2
74 44
11 82
37 5
16 50
73 42
80 57
95 71
34 51
47 15
26 42
41 68
37 32
97 72
79 60
33 79
37 17
28 30
38 7
46 38
64 58
17 54
100 20
57 54
15 62
89 41
20 68
2 90
42 68
68 51
50 54
8 1
49 31
65 85
23 68
4 65
39 55
69 77
70 12
20 93
25 55
42 12
47 44
47 62
34 88
77 73
14 11
85 32
34 85
28 43
70 80
89 58
99 59
56 99
99 36
95 92
53 2
52 7
54 88
48 50
51 55
99 53
90 28
46 57
18 19
53 81
45 17
12 22
34 65
23 50
58 87
6 72
70 92
55 43
58 68
24 93
69 78
82 88
91 10
15 72
101 40
27 79
39 25
53 27
97 40
19 57
78 21
51 72
35 61
24 28
12 14
4 5
13 14
18 23
18 4
66 17
58 26
28 9
60 18
96 53
56 82
15 35
21 89
98 66
35 88
37 50
32 62
89 98
54 84
8 24
10 23
47 24
53 100
40 46
40 67
22 60
58 72
93 36
15 1
97 26
77 93
99 84
96 95
47 79
40 16
96 89
94 20
75 11
75 38
52 3
36 4
67 35
94 50
68 88
30 90
91 20
46 9
57 6
28 53
55 8
79 62
82 26
87 97
83 14
55 89
55 48
101 99
4 97
49 63
64 73
68 5
21 5
59 69
34 9
93 3
52 82
94 69
75 30
61 73
70 27
90 11
48 97
67 7
77 26
90 1
16 14
14 84
97 34
38 87
87 26
88 2
69 101
8 75
42 13
22 23
71 30
73 47
49 57
67 50
75 59
20 18
48 26
92 80
76 92
11 63
5 82
46 65
41 101
52 6
43 54
79 39
1 73
56 22
11 44
36 14
56 50
67 85
55 7
67 46
81 90
66 99
25 90
69 23
45 11
76 54
21 85
53 31
11 46
12 69
31 70
51 57
9 62
69 20
93 22
101 8
8 61
18 66
13 86
41 59
30 85
11 60
57 31
71 11
63 55
100 87
10 35
23 25
83 101
96 3
56 70
63 26
99 80
24 22
49 66
95 83
41 83
14 82
11 28
20 14
101 77
98 26
56 42
64 75
21 75
99 38
75 25
77 27
65 88
57 59
87 32
98 92
76 12
1 34
69 17
45 31
68 17
71 34
100 35
91 5
9 80
1 89
46 43
92 21
7 34
75 78
29 91
19 24
56 68
74 3
11 49
6 5
86 56
23 40
75 98
28 58
35 38
32 2
82 13
16 19
13 40
14 100
23 38
53 40
101 73
34 26
8 96
13 5
19 28
39 6
18 37
100 92
85 23
57 33
8 92
13 71
38 24
47 71
17 8
3 4
35 72
96 17
42 3
57 98
54 95
48 13
53 65
37 81
33 97
99 29
48 53
63 39
64 56
68 8
67 56
96 45
94 90
101 87
55 83
66 24
83 27
41 99
12 82
62 85
45 95
101 35
26 5
26 69
13 38
18 1
6 45
6 56
22 79
73 34
39 2
68 24
83 23
13 70
66 101
67 39
66 3
60 2
89 2
27 37
62 75
85 60
60 93
92 84
34 55
17 72
27 75
93 97
54 80
43 21
82 55
50 5
68 11
69 61
16 54
60 45
6 7
65 20
75 82
36 64
60 56
73 74
41 73
55 76
92 43
21 30
52 69
30 17
33 68
72 73
69 41
42 41
11 54
27 35
71 16
47 80
65 84
29 71
77 47
39 58
3 21
3 32
70 5
63 46
99 4
58 5
49 50
53 57
98 17
84 69
37 33
19 97
13 30
56 65
51 27
61 79
50 92
96 56
85 77
46 99
78 100
59 51
99 9
99 47
41 93
55 93
29 37
22 77
48 37
97 22
70 63
21 77
53 89
28 44
92 53
23 49
73 54
17 11
84 57
3 64
20 92
71 101
86 4
96 85
29 64
33 53
39 29
12 44
45 70
5 45
38 77
100 86
7 93
69 49
74 53
62 8
98 8
94 4
33 2
41 49
30 34
28 21
68 52
94 86
45 88
87 29
29 72
17 59
11 66
46 1
1 71
32 46
14 87
2 38
13 34
23 6
58 92
46 98
40 35
79 18
89 28
38 30
9 49
83 57
22 49
96 20
28 77
97 38
30 61
49 68
51 65
58 101
51 80
94 78
39 11
73 65
35 94
45 2
5 97
67 77
96 44
69 25
29 83
68 78
95 1
29 88
51 32
70 22
83 35
32 88
48 19
79 5
49 15
78 66
12 29
28 47
77 14
27 31
56 33
74 4
58 66
79 23
72 96
99 85
74 101
77 64
87 12
73 44
42 25
16 56
10 27
43 41
50 55
16 55
78 59
48 84
93 75
52 80
50 1
69 76
25 8
78 55
75 32
27 1
5 30
78 63
96 1
5 96
94 24
67 23
9 71
69 18
68 94
6 26
16 59
85 49
78 4
13 15
21 11
24 76
90 86
81 94
88 72
95 42
5 74
39 97
98 71
59 76
99 31
30 45
91 45
59 84
13 31
7 54
19 1
50 91
50 86
71 6
42 32
41 31
78 30
60 43
78 3
30 26
74 32
67 71
80 84
65 91
49 38
92 85
5 2
65 96
52 8
60 73
69 71
94 84
48 16
85 33
12 62
23 90
99 24
3 1
55 87
6 38
101 70
25 80
96 47
100 25
92 1
34 93
58 34
7 2
40 96
81 56
13 76
71 63
21 61
97 36
58 91
44 31
64 27
95 29
86 7
5 10
22 8
74 49
48 3
3 38
82 57
93 82
86 96
79 98
74 52
45 55
97 76
61 14
32 99
47 46
94 55
80 83
83 38
9 70
2 65
18 71
55 90
91 24
19 66
22 20
97 6
31 17
18 67
29 94
52 101
47 11
57 29
78 28
87 76
85 61
99 55
100 76
42 36
91 9
78 27
70 37
43 47
94 34
35 33
12 74
65 22
22 83
98 18
81 83
89 4
45 35
36 35
92 19
44 68
57 88
48 54
55 64
53 6
71 21
79 67
38 66
79 101
48 6
66 79
36 74
44 90
23 36
99 92
82 54
68 73
15 12
54 13
15 41
68 85
60 30
4 85
71 89
77 61
53 87
4 73
89 39
45 68
43 90
71 2
43 9
50 8
100 71
60 101
97 88
59 100
87 91
20 77
100 5
45 76
35 54
48 1
24 49
98 59
13 72
66 94
25 97
72 55
36 55
14 55
46 76
64 86
15 92
68 57
75 94
1 57
1 91
40 47
55 98
14 57
71 33
15 85
28 29
101 75
12 7
29 70
26 36
31 97
57 44
75 77
2 31
31 4
40 95
31 77
30 40
38 47
56 29
27 62
19 5
13 97
40 82
64 11
69 62
57 95
31 34
2 100
7 30
63 32
71 14
11 3
72 71
91 64
63 94
24 64
74 62
18 9
7 26
96 2
99 54
50 44
27 39
2 58
7 68
27 21
97 30
14 99
77 44
65 5
39 83
86 29
61 89
12 36
84 56
46 87
16 31
22 51
40 18
73 86
101 4
89 18
56 38
3 57
87 18
72 45
40 51
39 72
28 66
33 24
62 22
28 32
37 75
71 40
84 16
50 65
38 4
59 91
26 64
79 92
26 46
7 91
48 33
64 41
69 80
9 79
23 24
38 95
66 91
43 88
14 68
39 32
81 97
65 66
7 24
33 45
39 7
32 70
79 90
81 34
71 31
25 19
61 54
26 85
88 38
76 71
6 99
93 23
34 52
32 60
36 33
28 84
15 64
98 56
85 95
24 70
95 24
6 14
21 74
57 24
58 27
37 49
37 93
51 69
72 68
94 53
78 46
91 38
73 6
28 1
60 40
52 22
58 30
33 55
39 35
95 59
26 39
79 11
75 34
22 101
90 12
49 70
72 81
15 7
29 82
101 88
6 90
70 55
20 13
86 35
14 17
71 80
79 50
67 53
90 29
61 20
1 41
46 22
47 1
75 52
91 86
44 33
89 38
3 82
86 65
26 52
80 42
5 47
35 25
86 74
2 6
7 21
32 8
58 29
4 63
38 59
51 100
76 8
68 75
70 85
5 35
25 89
91 97
33 40
31 50
54 2
3 14
90 35
30 10
53 50
83 89
97 57
82 1
36 60
20 95
31 9
46 73
30 48
67 74
32 76
87 6
23 17
69 70
23 81
59 96
6 9
79 41
53 36
19 21
93 89
98 22
23 13
17 60
84 101
89 30
13 84
30 6
60 97
70 78
79 29
42 20
10 99
73 81
86 62
98 20
23 87
55 54
25 64
26 50
8 88
84 79
84 60
42 85
76 86
11 85
12 97
23 77
20 78
6 70
29 100
98 61
3 56
22 11
26 32
86 39
61 11
44 70
92 22
41 53
87 48
53 18
68 60
80 59
83 88
2 73
85 82
31 18
41 3
7 10
88 17
7 71
25 84
61 90
29 18
67 100
63 54
44 100
43 101
67 15
38 45
21 50
99 78
42 99
8 89
4 44
56 88
73 58
17 28
93 51
84 76
96 60
17 15
100 27
53 23
101 12
90 4
59 85
17 49
87 68
10 6
30 24
4 71
27 67
80 13
69 4
51 85
33 89
82 49
49 32
14 67
24 83
30 22
43 32
90 62
74 90
67 89
70 20
99 27
76 27
20 24
75 15
33 46
25 26
36 45
98 93
49 40
70 99
93 86
5 59
32 59
26 3
25 51
82 101
76 29
1 39
95 65
75 88
19 94
62 101
17 85
27 87
14 45
77 53
95 64
22 68
4 67
53 9
30 25
26 21
74 94
16 21
54 72
62 65
46 27
91 34
63 77
23 62
68 39
56 27
83 40
84 53
16 13
19 59
101 29
89 48
36 81
40 34
20 11
85 78
73 9
75 87
100 38
96 54
88 93
23 72
39 9
70 53
99 94
83 94
97 9
51 86
40 42
91 82
92 62
70 57
32 5
67 43
66 90
38 48
92 37
55 66
24 67
89 9
20 88
92 25
53 97
24 86
26 83
58 16
41 6
12 92
51 87
10 49
22 80
78 33
69 83
54 64
34 39
57 8
48 27
39 94
69 44
41 94
42 61
8 4
5 77
53 66
86 12
48 60
67 47
61 56
2 74
96 98
79 58
69 46
30 83
21 32
66 1
93 32
25 58
85 28
8 85
48 35
95 79
73 66
69 74
11 8
80 41
81 30
38 64
64 16
37 101
65 63
31 80
88 4
81 47
40 41
100 62
99 72
95 19
10 40
66 52
58 45
27 7
73 40
33 1
43 1
14 89
69 85
83 45
88 13
2 49
39 69
41 2
1 40
22 57
84 32
88 86
26 22
70 14
74 46
55 35
8 83
9 40
89 80
69 75
53 14
56 100
101 13
30 41
65 27
59 60
68 25
26 44
83 75
31 39
40 36
3 90
17 82
60 28
88 49
35 3
62 95
1 94
70 33
75 85
76 25
26 65
14 62
43 68
45 3
5 42
27 33
36 67
37 40
89 44
96 33
8 74
38 69
42 23
96 36
69 73
71 20
5 20
9 26
2 26
41 61
11 6
8 29
98 25
81 18
58 23
65 57
44 19
13 1
25 17
61 52
3 97
9 12
10 63
69 56
101 19
87 80
22 17
61 45
95 80
42 78
97 71
34 95
93 50
72 22
7 97
71 73
49 12
49 87
10 52
36 8
44 36
79 31
79 13
96 75
7 56
100 28
16 99
43 48
7 98
64 84
71 35
45 19
15 3
78 56
66 57
69 40
16 85
36 37
54 60
95 61
80 20
21 97
65 74
35 97
76 18
7 40
62 55
29 10
14 43
67 75
65 19
40 26
18 8
67 19
27 23
21 2
59 11
39 85
34 54
36 85
86 84
7 17
94 21
14 4
95 99
73 67
64 87
47 54
58 90
46 24
59 24
82 70
44 75
93 18
101 30
94 89
1 54
14 7
68 37
20 8
21 84
12 38
35 11
61 25
93 48
28 41
10 26
3 94
73 89
87 1
42 65
21 62
77 97
42 10
63 47
35 24
37 28
56 54
80 8
6 69
31 66
55 53
46 23
10 90
7 16
75 86
96 31
74 20
62 67
4 27
17 1
21 60
84 1
34 59
40 19
34 22
33 10
54 28
22 43
36 95
28 80
3 27
95 66
25 15
69 37
9 72
96 92
45 92
6 18
25 87
100 94
21 47
55 26
16 36
45 82
73 37
83 59
66 50
27 19
78 101
65 93
48 81
83 4
57 9
20 45
69 22
36 31
10 14
77 60
33 74
3 70
71 52
76 5
81 39
90 16
18 100
79 45
62 70
70 19
65 35
10 46
72 92
80 66
11 48
70 81
13 18
83 92
85 91
47 30
53 79
2 46
101 85
2 99
19 30
10 55
8 82
67 25
62 57
59 90
33 67
74 66
61 75
19 93
47 87
85 88
30 74
64 2
19 10
37 3
87 15
62 99
35 47
38 15
26 84
96 79
59 55
85 41
68 9
25 6
66 88
27 9
18 2
92 30
56 34
78 38
67 88
78 13
51 37
100 22
19 37
85 7
19 52
73 96
87 84
93 17
68 4
83 1
77 18
6 63
46 97
84 24
83 11
48 15
21 98
9 60
15 89
14 47
90 27
93 15
55 28
57 55
27 55
68 29
78 61
16 17
42 50
20 7
24 92
101 20
93 14
60 70
75 19
11 13
21 68
13 83
84 6
21 1
66 100
64 20
9 36
42 8
26 93
84 9
69 60
77 83
59 46
96 46
75 80
63 72
84 27
14 9
50 71
37 35
62 26
56 31
27 73
44 22
10 85
22 39
49 81
59 26
93 42
42 84
33 65
9 90
46 94
63 87
54 31
2 34
63 57
84 3
15 99
51 48
78 43
2 1
21 44
62 87
2 28
3 98
52 12
65 14
10 51
38 9
54 58
15 81
38 32
31 42
68 89
11 7
83 96
31 14
55 15
35 23
55 6
62 46
6 29
58 47
95 82
100 33
8 77
62 66
10 77
39 92
30 9
29 92
100 50
96 99
91 63
19 31
61 33
35 42
32 81
27 25
40 57
20 53
38 31
66 4
13 58
61 19
36 24
90 24
4 98
82 39
30 65
76 83
34 57
71 93
90 19
16 70
32 33
66 48
85 12
93 95
43 56
4 13
37 88
1 59
11 52
57 26
58 60
51 45
79 57
21 63
96 13
82 69
69 91
96 80
3 51
73 62
80 90
25 101
15 40
37 58
22 48
39 100
86 19
39 30
48 68
79 55
8 12
54 25
6 78
86 68
93 38
26 70
76 3
6 34
1 16
71 43
54 51
58 99
12 56
70 79
72 41
88 30
92 55
81 54
65 37
47 12
57 61
6 100
50 68
52 99
79 28
58 55
22 40
96 37
17 81
70 42
62 98
78 49
3 23
38 76
1 72
16 82
19 96
81 19
79 83
94 52
9 20
37 14
71 27
3 49
50 58
59 71
25 3
23 20
70 23
49 51
76 96
42 62
31 48
43 81
91 39
86 11
36 38
91 17
70 36
97 68
19 71
46 83
76 36
81 27
72 34
79 82
18 34
2 101
58 56
64 30
8 60
94 80
47 37
8 56
95 30
22 75
95 2
59 44
5 24
35 9
99 69
97 85
22 19
38 53
70 95
76 79
19 77
33 28
28 59
29 38
72 14
96 82
42 28
53 68
40 91
1 37
39 50
23 97
78 34
17 63
64 40
60 63
14 49
96 27
69 93
68 101
75 90
76 77
52 59
98 76
11 56
40 99
68 19
14 52
85 63
56 91
73 39
36 65
88 62
99 82
93 11
11 50
28 36
9 22
9 59
39 42
49 36
31 83
52 57
63 29
13 36
29 44
67 29
47 68
51 30
4 59
21 82
92 73
43 94
69 27
69 35
89 13
78 88
4 50
36 94
96 57
94 61
19 9
90 42
88 100
49 42
48 67
45 4
82 89
61 62
101 55
50 41
57 10
77 54
58 51
66 87
45 66
68 84
39 38
40 61
8 95
91 49
85 3
24 37
48 101
11 69
10 66
17 73
46 91
34 33
68 28
53 13
88 27
49 65
81 25
44 83
64 65
64 10
28 87
59 30
84 40
98 51
34 98
37 78
99 30
46 88
74 64
71 45
75 47
40 93
16 37
60 50
43 73
61 38
61 39
74 41
28 14
26 66
28 3
39 65
86 45
91 44
74 45
50 52
97 37
41 81
31 22
50 96
63 97
69 68
51 83
45 56
90 32
75 81
45 16
30 84
69 32
60 12
49 56
44 60
98 53
5 89
45 25
14 73
21 6
71 10
20 67
88 5
19 2
44 86
60 47
17 47
22 37
71 79
33 4
12 5
21 83
20 97
80 53
66 76
20 16
7 61
40 3
9 64
16 3
62 20
12 71
28 23
32 23
77 84
28 93
91 90
90 40
101 90
4 72
40 2
92 57
46 60
92 35
45 27
83 73
52 83
66 34
8 34
53 63
7 84
85 73
76 57
43 51
35 19
65 12
19 6
60 16
30 50
73 90
19 4
80 5
76 39
67 16
3 34
61 55
27 52
86 34
88 73
73 82
46 72
47 2
71 68
36 11
8 21
45 64
24 31
59 39
33 49
10 44
20 87
74 61
59 48
69 98
89 79
28 71
83 17
1 86
26 78
72 60
74 14
65 11
9 94
58 17
32 55
7 74
4 60
38 86
61 32
5 55
22 7
56 5
90 70
7 92
39 23
34 53
83 67
65 48
2 42
65 38
91 92
93 31
47 100
12 35
9 101
38 58
84 90
6 8
64 37
66 60
43 8
3 55
25 10
63 83
87 16
33 101
95 12
35 85
81 44
29 75
24 77
24 55
47 49
32 36
79 42
50 27
1 12
5 75
32 96
86 70
42 7
7 46
100 41
68 18
32 7
45 75
93 10
4 37
20 46
95 23
91 72
8 91
35 41
56 35
58 20
5 99
22 1
85 29
2 68
75 7
17 36
76 94
52 96
4 1
85 100
73 52
9 88
56 53
65 28
92 71
19 55
82 9
12 23
88 31
92 97
79 44
19 82
90 56
19 87
2 15
80 50
20 2
60 82
37 95
85 93
77 95
70 2
18 65
39 36
41 36
75 48
93 12
16 52
80 34
58 3
40 29
37 38
92 36
64 17
1 74
68 54
68 36
74 96
67 5
96 30
4 32
51 90
2 12
44 7
89 65
46 16
63 15
73 11
51 101
79 52
67 11
95 68
71 49
2 17
37 34
21 24
80 67
75 41
91 16
8 65
4 87
92 89
44 61
53 52
95 46
33 62
9 5
3 91
59 56
81 31
60 3
95 98
61 81
59 22
28 39
20 52
10 39
65 15
48 7
13 55
31 43
65 58
67 99
68 40
60 39
33 8
43 87
63 101
57 30
78 40
81 8
44 49
52 97
43 99
34 63
47 41
62 49
11 53
13 92
85 48
60 75
13 6
92 3
53 45
67 2
25 73
47 42
44 80
69 72
62 17
75 10
7 33
62 91
42 48
19 3
73 79
74 78
56 41
1 97
62 82
61 80
30 12
43 57
19 34
24 29
86 48
27 74
92 47
36 34
53 10
6 12
35 21
3 2
34 32
47 20
84 58
82 42
4 57
38 33
9 56
40 72
7 8
53 15
85 86
84 50
25 77
1 29
48 20
75 56
84 12
46 4
71 24
99 74
43 95
48 2
31 29
34 87
66 84
76 49
9 63
54 74
46 81
64 57
79 48
28 7
75 51
87 40
29 25
18 35
37 7
93 61
11 51
84 29
20 28
66 64
62 97
58 67
42 60
27 2
52 4
69 21
63 42
25 28
53 51
36 59
43 15
66 85
33 19
23 51
70 71
31 37
82 7
75 31
88 7
16 47
24 2
82 81
21 17
30 68
18 95
72 85
71 42
18 62
33 88
12 19
95 26
96 15
41 27
62 71
18 45
69 10
44 88
66 56
84 34
18 78
73 55
41 95
85 87
13 44
42 4
17 44
28 52
18 28
92 10
55 65
18 94
44 23
97 95
99 48
87 31
101 24
70 74
78 14
35 14
19 17
100 3
54 62
92 93
58 63
72 10
77 58
68 100
3 7
34 45
42 17
36 83
65 79
43 59
96 61
55 67
15 59
63 38
75 66
83 47
74 60
99 86
28 46
42 19
25 86
20 63
81 76
55 68
20 12
44 27
58 74
9 55
49 64
18 44
85 1
12 18
57 89
4 51
90 36
75 89
91 54
97 70
93 72
50 74
43 13
45 48
3 79
13 10
79 2
18 99
14 66
100 101
20 50
57 86
67 28
9 42
23 64
6 24
63 79
100 19
65 47
55 86
66 33
25 2
1 68
84 61
14 22
94 12
90 100
49 18
83 20
12 50
26 80
18 56
67 86
41 24
18 91
10 54
95 51
9 2
97 27
29 46
16 43
78 89
83 97
52 36
78 98
48 21
5 86
23 11
46 39
7 53
35 89
82 90
63 81
8 5
18 43
15 34
72 59
11 84
50 10
43 69
38 79
28 35
5 52
83 2
33 75
62 89
93 90
28 16
71 77
71 55
5 78
35 93
23 100
67 54
9 65
19 51
1 51
68 34
42 29
87 99
35 99
38 84
21 90
61 65
68 27
88 10
85 79
45 52
87 59
89 10
76 30
87 82
38 21
56 1
88 98
97 43
53 29
95 48
70 18
56 71
29 52
30 80
82 76
55 75
69 28
32 15
98 42
5 22
62 43
101 91
75 13
97 74
58 100
95 73
40 77
35 44
69 48
59 50
47 78
13 68
95 44
26 35
7 78
93 96
70 30
69 8
18 75
86 101
96 71
35 31
45 65
34 24
26 28
96 51
33 31
21 40
79 46
72 48
90 31
77 36
25 66
16 6
72 79
35 57
46 68
5 44
40 14
68 6
88 92
23 92
6 47
88 42
29 98
89 90
98 19
24 58
20 75
47 97
60 5
88 63
48 90
71 99
88 19
17 9
79 43
36 50
69 3
1 30
18 36
48 40
50 61
15 94
29 77
50 98
17 76
32 41
20 19
73 18
64 33
86 36
39 84
89 69
41 23
97 29
92 38
75 24
41 62
97 15
14 51
27 16
66 92
19 39
26 90
55 20
99 22
30 55
70 47
38 71
80 29
64 43
100 24
84 45
63 7
53 5
5 62
46 15
14 86
101 42
4 30
42 27
43 40
85 2
62 45
51 67
12 75
58 93
48 14
78 41
57 21
37 45
96 10
78 58
18 64
47 98
2 14
24 56
92 4
32 52
24 11
91 43
19 47
45 50
21 96
31 76
47 25
44 66
77 92
49 80
57 87
33 59
11 9
25 94
26 23
74 39
15 51
16 68
15 100
98 83
87 81
4 49
54 46
49 54
16 96
72 100
26 75
37 82
60 87
11 74
76 99
18 57
74 34
100 48
39 80
31 74
15 79
38 27
16 25
14 42
28 101
23 54
2 59
19 69
30 67
26 38
30 32
60 49
1 25
82 4
11 5
20 99
66 81
100 99
36 98
6 54
81 2
71 58
95 72
27 57
81 7
10 43
16 80
33 14
14 96
52 85
62 72
49 72
88 39
81 86
17 13
41 39
46 13
9 96
101 14
17 35
55 23
51 64
69 34
91 31
8 70
51 5
66 68
46 48
96 88
21 31
11 98
47 57
98 52
41 87
95 76
59 53
72 70
7 43
90 33
84 35
48 39
51 21
79 40
86 66
81 101
70 75
95 7
85 58
43 58
81 35
49 92
45 13
87 37
28 76
86 92
26 29
33 16
85 20
47 9
7 96
3 22
31 94
12 39
92 64
89 12
66 61
57 12
62 78
17 34
42 54
56 63
90 69
36 2
74 75
14 23
60 89
25 32
30 79
35 59
90 88
29 55
83 72
93 70
68 70
81 50
8 14
79 56
98 64
68 26
23 73
79 78
42 43
14 91
95 11
97 82
66 8
49 98
62 11
17 26
36 21
82 64
57 67
14 27
10 2
58 4
62 36
28 62
6 33
1 88
89 59
73 57
93 33
90 18
32 66
16 10
93 79
76 14
61 34
15 19
65 16
4 76
42 76
99 17
47 89
82 67
12 72
49 19
70 58
66 83
52 38
74 87
73 10
32 29
16 29
87 56
14 64
26 61
82 22
83 99
61 49
34 46
67 101
34 11
11 70
22 4
11 87
81 78
69 42
44 92
52 77
53 25
97 64
24 10
54 22
83 74
1 61
19 63
63 16
8 37
60 92
26 56
51 44
6 81
79 34
57 17
62 44
96 100
97 11
24 14
41 67
8 72
82 66
21 41
48 62
93 74
15 77
59 68
69 81
1 38
16 95
99 75
98 91
6 50
96 49
53 1
5 25
23 2
38 18
2 8
84 82
4 96
76 21
37 61
34 27
63 92
35 63
12 25
89 11
96 68
85 38
24 79
17 65
101 95
42 74
1 62
15 84
61 99
47 95
54 41
45 101
80 58
76 35
52 89
79 16
67 21
24 51
3 9
44 101
30 91
64 39
43 25
5 7
36 63
24 45
97 86
32 35
52 65
31 72
13 57
84 46
74 48
41 13
71 75
90 87
33 47
32 13
90 47
91 57
50 62
74 92
45 87
49 94
14 18
55 88
39 71
15 90
10 58
73 51
32 22
8 9
22 18
17 43
90 65
5 63
53 60
35 49
37 12
79 94
98 1
91 42
52 44
28 56
3 10
28 92
81 84
44 53
48 56
82 18
20 56
81 13
20 72
87 77
60 31
95 33
21 100
62 63
18 83
76 58
15 70
36 25
20 36
80 97
28 10
16 93
38 55
43 45
76 70
80 98
47 36
15 45
30 44
34 90
85 40
71 87
72 27
51 62
60 38
84 85
51 28
93 101
33 54
85 25
48 70
84 83
40 50
19 83
4 2
19 36
18 59
36 89
61 101
74 88
71 22
53 95
17 89
22 28
93 66
101 56
100 69
34 38
33 77
52 1
14 75
67 3
33 94
77 66
21 79
91 94
83 50
63 66
46 42
13 49
97 78
65 99
61 97
59 49
54 92
81 59
64 4
66 30
89 66
48 10
79 97
79 10
42 34
58 14
81 88
16 72
12 79
81 4
49 77
32 94
90 92
98 63
49 58
53 76
51 81
69 53
19 54
17 70
91 84
68 92
2 51
77 57
81 99
55 69
71 83
26 49
43 34
15 21
77 39
19 14
49 84
30 8
7 45
88 59
9 48
37 99
100 43
58 40
79 80
100 11
62 7
51 13
4 43
12 51
63 100
49 46
85 50
28 64
15 69
13 63
89 27
92 5
10 81
10 101
92 11
46 3
97 14
1 63
36 91
6 66
54 78
40 39
84 55
13 50
38 51
72 84
10 4
88 23
89 76
62 80
31 65
16 78
85 9
93 63
81 3
96 91
47 13
95 63
40 5
6 32
98 82
89 56
67 45
7 73
22 95
7 58
94 44
41 48
13 95
70 88
50 64
46 55
41 25
37 86
22 96
64 96
89 42
7 60
30 46
68 38
17 79
44 9
52 58
47 26
14 15
33 50
73 63
16 53
10 65
12 78
28 57
69 57
94 51
30 93
92 101
39 47
22 47
55 12
12 31
67 44
27 15
45 29
72 33
20 25
28 83
90 17
10 97
24 17
40 81
12 45
16 62
80 37
1 70
75 36
61 28
66 12
62 19
80 6
59 66
9 7
2 61
71 37
12 46
58 69
41 91
23 45
24 53
60 29
84 98
62 35
32 40
60 78
58 22
2 63
61 6
56 23
72 42
81 21
79 25
80 73
80 48
83 86
68 64
101 96
99 11
32 101
99 25
13 7
64 35
92 27
94 40
7 18
37 91
86 40
87 24
75 42
91 21
45 8
16 8
15 101
2 22
22 50
101 16
26 14
87 95
96 24
91 25
89 23
5 87
63 80
101 72
44 25
87 92
45 41
76 88
29 17
82 43
39 99
33 86
42 97
65 98
85 14
95 69
77 13
33 51
51 39
93 47
57 38
96 6
50 75
52 24
65 25
25 49
35 79
89 74
83 48
94 38
14 46
47 8
60 35
78 96
32 77
84 67
65 83
98 100
49 73
76 62
79 14
30 62
58 57
16 86
27 12
54 38
58 42
12 59
2 86
60 91
74 100
80 93
77 7
52 15
21 14
9 51
93 57
56 30
55 44
32 78
51 20
51 89
79 4
8 35
16 98
81 52
15 23
88 53
72 86
52 84
101 11
68 82
82 47
46 51
16 9
68 32
94 95
53 71
5 17
32 48
44 82
68 98
51 97
99 93
85 64
73 75
49 39
53 37
48 71
48 57
27 54
97 100
47 101
85 27
49 83
71 66
6 82
67 26
20 54
9 29
70 73
37 6
58 8
44 72
5 54
61 59
74 9
83 3
20 90
14 60
81 45
40 88
13 98
65 100
38 41
65 72
53 72
22 88
76 91
43 23
47 66
32 24
24 25
94 42
81 60
45 1
19 89
91 100
7 65
17 61
89 16
24 54
68 76
101 21
50 24
98 94
61 91
16 73
20 66
90 52
30 86
23 8
59 31
75 40
22 63
55 81
72 36
4 9
54 85
62 60
41 17
59 101
31 46
96 66
23 84
24 26
94 65
76 20
57 81
63 67
34 47
61 63
100 34
94 5
73 93
91 27
90 60
51 52
63 8
60 24
21 66
63 86
5 33
82 58
89 40
35 2
19 38
48 8
11 30
17 87
7 25
62 31
64 22
29 96
67 72
15 83
19 79
63 89
72 5
85 37
33 58
84 36
81 71
40 11
44 98
78 95
46 6
72 78
18 54
84 19
1 77
101 18
5 41
47 94
65 80
2 37
68 31
9 1
60 86
12 100
12 16
2 84
18 41
98 45
8 90
98 24
82 51
1 69
16 81
100 9
87 42
6 28
27 43
59 64
86 10
10 83
90 64
77 70
88 25
14 88
18 88
30 98
18 84
7 101
13 29
75 63
64 100
10 17
89 86
5 101
76 1
3 86
86 82
86 78
53 30
85 22
13 8
91 71
80 76
28 38
31 52
36 27
91 12
83 82
93 44
43 37
80 19
58 41
57 37
92 94
89 77
77 4
86 22
41 9
4 91
55 37
72 98
62 96
14 50
3 31
92 78
2 43
87 93
97 94
29 15
6 86
19 56
35 66
97 28
44 43
77 30
46 25
99 3
93 76
64 12
39 37
59 94
65 41
5 15
45 46
2 91
47 69
52 64
56 14
74 77
82 48
35 51
51 88
24 85
91 51
34 16
87 86
15 18
50 78
52 48
5 27
8 71
47 10
6 92
73 99
33 9
27 18
81 96
78 67
31 5
4 93
91 99
9 69
69 50
100 84
56 83
86 95
96 87
66 9
26 91
32 44
41 26
98 86
21 10
73 48
64 5
91 19
16 76
35 68
101 80
95 52
19 11
84 20
98 37
76 10
66 41
97 89
65 44
59 14
98 90
70 100
2 76
32 12
43 66
41 29
49 86
53 3
57 7
100 55
55 85
83 53
82 36
100 31
78 31
8 100
67 95
94 22
101 94
67 94
80 18
91 95
52 18
10 84
32 97
3 24
75 72
23 30
8 31
92 40
18 24
45 99
32 71
60 15
101 53
86 47
72 25
49 100
53 64
71 60
27 28
32 18
40 80
49 52
55 2
91 28
1 100
33 20
25 33
10 38
42 38
93 84
94 26
54 90
8 3
23 91
36 58
7 29
60 51
25 11
39 87
15 98
1 6
67 1
82 32
37 42
57 56
70 21
49 97
34 21
83 54
85 53
74 15
95 50
26 45
83 16
2 75
13 27
24 9
44 46
82 53
90 67
99 34
8 44
51 41
77 9
47 76
60 13
18 47
82 23
59 45
15 76
26 74
11 57
71 57
11 81
9 23
93 29
100 42
28 86
47 52
41 97
52 33
47 23
57 36
13 87
81 33
47 53
64 48
41 88
61 76
68 83
27 11
67 81
4 39
47 64
77 41
19 76
64 7
32 98
43 80
33 69
98 12
6 79
56 62
98 27
16 97
18 48
87 73
81 9
100 46
17 74
78 73
72 3
15 28
18 96
43 98
58 44
26 79
26 20
75 57
20 73
35 73
98 85
53 54
39 8
26 27
25 60
98 73
80 91
77 81
36 56
83 100
23 16
57 78
1 49
83 33
42 16
25 18
66 51
99 77
15 22
64 34
13 25
74 35
86 69
60 67
39 44
47 27
37 79
75 43
16 77
61 46
10 82
68 67
54 30
41 8
10 78
75 39
30 36
74 38
67 22
82 20
54 14
29 62
53 39
9 78
1 80
18 42
38 25
52 17
93 13
86 54
64 88
18 58
96 43
79 86
1 35
6 85
99 21
99 8
85 46
30 16
94 70
99 88
36 51
89 32
49 90
15 91
88 11
90 85
26 73
31 92
48 24
77 37
50 32
85 5
63 33
97 55
51 63
71 65
33 41
19 8
97 58
71 74
19 60
62 93
89 101
62 83
61 51
94 88
48 98
28 4
51 56
89 46
33 43
93 9
80 45
41 86
100 75
22 61
94 27
92 42
89 34
67 8
98 31
42 1
21 59
19 64
3 71
32 67
96 41
10 41
67 10
44 78
55 56
90 46
30 15
4 62
75 58
99 98
65 54
20 6
18 63
17 95
75 92
82 2
14 92
63 52
54 37
32 64
62 24
88 28
49 45
17 46
60 88
56 72
81 12
85 71
67 69
18 3
52 78
49 43
1 99
26 11
2 66
16 51
41 55
40 12
80 23
67 87
80 14
80 4
13 73
24 97
101 39
81 64
19 53
20 10
69 65
14 90
35 4
13 56
34 23
8 51
90 71
74 55
80 2
31 85
97 54
100 77
33 42
34 14
13 39
63 30
91 6
3 80
13 59
19 46
13 26
15 37
45 97
29 4
48 78
41 44
29 21
30 14
6 62
6 77
88 36
17 56
86 52
68 62
28 81
89 85
37 52
67 9
43 70
71 41
17 39
18 86
76 60
60 26
99 97
73 76
1 93
10 37
98 97
1 101
82 59
73 45
15 44
32 45
51 77
92 81
59 74
22 6
25 62
91 68
26 99
95 27
88 16
52 60
24 16
57 85
15 8
75 23
38 16
81 26
35 70
40 27
70 4
74 56
46 80
13 90
88 47
64 89
94 82
5 93
58 96
36 48
53 4
63 68
84 5
64 62
45 22
86 32
61 47
32 17
91 89
58 9
86 26
31 64
75 53
81 24
26 101
26 100
6 17
94 14
40 74
10 32
1 24
87 21
12 26
65 59
37 59
96 23
52 43
54 12
22 89
95 75
70 34
22 41
99 50
26 76
89 29
74 85
91 13
82 25
19 58
87 44
16 41
21 42
34 28
74 76
49 5
35 30
33 13
70 91
30 69
68 3
75 84
59 54
51 99
7 4
49 34
33 17
79 51
49 30
83 25
92 82
15 33
53 91
25 96
40 56
95 10
81 80
54 4
38 96
63 76
90 97
75 28
72 52
39 93
34 48
22 74
39 52
34 10
101 57
38 70
10 8
83 78
37 9
3 59
72 89
99 60
80 38
20 43
49 27
43 3
88 50
81 65
35 77
4 47
30 94
50 29
12 41
42 83
67 13
92 16
37 60
56 46
29 36
86 59
33 39
76 67
7 79
19 72
101 97
17 86
40 25
94 85
59 62
54 44
88 69
58 86
76 6
57 45
99 28
25 63
100 81
10 61
17 97
64 70
9 45
11 37
89 26
43 11
22 55
90 38
80 68
88 21
24 39
31 55
79 36
29 54
11 2
61 29
8 59
1 14
45 94
8 86
93 46
81 58
34 82
57 15
5 48
24 74
62 40
63 50
36 80
23 52
22 21
23 31
42 81
62 37
4 56
63 28
64 101
77 34
89 3
52 100
28 94
80 78
39 43
64 67
58 6
95 84
13 64
24 61
18 46
67 52
9 25
88 12
72 11
10 11
53 61
15 42
61 58
58 48
2 78
65 21
46 71
16 4
93 94
39 45
83 32
12 17
2 92
80 77
3 33
86 20
58 88
52 21
36 7
49 101
62 58
65 82
75 46
5 71
20 3
63 59
32 20
53 8
38 11
67 92
41 57
95 49
87 69
19 41
60 61
52 62
32 92
39 3
26 31
64 79
57 94
47 50
74 18
90 83
76 56
94 6
69 31
43 53
55 96
34 101
52 70
30 31
87 78
59 93
88 61
12 73
95 58
73 5
94 77
80 88
61 27
3 62
33 84
67 17
13 19
32 57
24 4
2 72
20 4
26 8
76 33
50 82
29 33
21 55
12 53
90 99
31 63
38 98
20 79
62 84
97 96
24 72
34 35
95 5
25 78
68 99
10 74
94 11
82 33
69 7
21 54
30 42
22 38
61 70
96 42
15 24
100 10
101 38
13 100
36 15
42 51
10 80
82 30
56 80
21 80
47 29
94 72
86 9
35 16
18 61
95 74
61 48
101 76
77 46
13 37
16 11
3 65
8 94
54 101
80 55
50 2
12 43
23 63
18 51
3 36
88 52
5 14
20 29
1 65
9 98
54 94
18 55
42 67
25 21
48 28
88 6
66 22
89 84
30 29
95 39
97 73
89 88
8 40
67 91
6 31
75 35
44 85
77 78
87 10
25 48
89 54
76 40
11 4
57 72
77 50
87 33
32 100
99 12
65 97
52 56
66 27
58 11
60 98
39 14
54 8
40 17
2 98
97 50
15 50
83 43
12 3
19 23
1 44
58 1
5 29
57 39
44 37
42 45
101 31
95 88
46 53
52 54
95 9
58 12
12 10
10 45
48 76
84 73
43 61
93 49
13 62
29 34
59 6
47 3
37 72
81 93
71 26
65 76
23 1
13 65
43 84
86 43
41 20
5 69
88 3
58 32
27 82
71 17
5 98
22 53
98 14
13 28
78 11
74 47
32 27
57 100
84 22
76 11
40 59
61 87
41 52
78 53
8 28
77 55
76 72
61 4
87 79
76 23
54 3
21 46
85 43
39 21
26 88
38 50
2 52
68 61
54 15
20 21
3 17
7 94
8 49
40 44
6 65
24 12
23 61
45 47
50 89
35 91
18 26
94 73
62 53
67 93
85 81
78 39
101 50
66 70
77 96
53 49
58 46
10 59
95 14
21 86
80 33
27 93
74 63
100 37
50 57
90 68
34 5
98 23
16 39
24 73
61 9
95 81
31 11
4 26
3 75
87 83
77 79
4 21
37 21
21 13
68 74
88 79
91 79
85 13
34 44
63 99
38 14
18 33
87 35
38 17
84 63
24 65
95 25
41 46
7 76
75 1
70 39
55 1
2 97
89 37
80 74
90 37
78 82
75 16
22 33
99 23
85 18
44 56
17 94
67 6
78 22
71 25
41 37
35 43
3 50
47 91
97 59
20 40
11 96
101 17
84 97
59 67
76 50
1 78
18 21
72 90
59 73
96 67
39 54
34 92
13 3
81 68
91 88
74 98
35 58
65 68
6 83
15 61
91 75
38 40
21 56
55 4
3 95
30 87
43 89
10 22
60 57
77 98
38 62
83 5
61 5
27 63
15 16
63 64
71 51
58 83
43 50
93 91
64 6
24 63
80 12
90 78
5 36
27 8
21 93
60 6
95 35
56 97
29 49
31 15
12 21
51 6
83 85
90 39
82 63
58 21
97 67
8 38
35 46
29 14
6 75
84 47
69 96
17 84
12 33
20 49
16 44
37 83
94 48
95 4
34 76
76 90
23 33
35 98
49 75
98 40
42 11
44 20
93 43
70 59
82 46
63 45
7 19
41 70
87 98
6 89
66 13
76 75
11 18
85 45
40 66
74 57
20 17
95 100
57 42
90 95
23 7
74 29
101 98
35 50
84 74
50 9
38 82
81 74
14 25
78 64
90 22
73 32
3 63
64 83
50 90
48 63
14 41
7 49
12 68
84 88
72 74
15 6
74 91
22 35
15 20
16 69
48 77
67 49
99 49
37 30
70 96
93 2
57 2
20 39
41 63
39 5
35 6
36 6
35 53
56 2
22 87
33 60
15 73
87 9
2 87
34 60
38 73
70 87
1 10
28 82
32 19
66 23
100 60
41 7
44 99
7 47
72 30
100 30
83 7
79 69
42 22
28 73
70 89
5 90
77 12
8 84
32 1
45 69
93 78
72 38
25 70
62 81
100 79
44 2
1 31
98 54
12 48
51 84
36 87
87 52
77 56
66 46
34 41
60 23
7 87
21 53
63 90
78 17
90 77
16 94
65 78
30 73
82 35
11 1
87 65
87 88
29 73
19 99
16 61
76 52
13 61
51 92
36 100
56 85
13 74
1 81
91 33
9 10
13 2
56 94
65 77
48 29
59 20
81 79
44 71
74 16
101 6
64 42
100 82
73 53
73 50
15 26
23 74
20 38
4 100
21 72
87 54
71 82
20 31
99 13
43 63
75 4
93 25
12 11
93 53
97 44
11 80
54 26
61 82
91 73
50 87
65 43
49 48
56 39
6 98
37 23
74 28
8 93
16 57
89 20
44 48
92 48
40 100
80 64
67 65
78 19
7 1
2 69
77 88
65 32
49 21
73 100
96 28
40 55
74 82
43 38
99 7
72 26
34 20
95 89
42 24
4 41
47 72
86 80
28 70
31 40
93 100
52 46
87 8
6 49
24 40
46 70
55 11
77 59
40 28
64 21
40 52
98 70
2 30
68 77
53 26
67 37
7 72
10 31
54 32
15 68
89 7
37 74
83 70
17 18
4 6
82 72
62 77
80 32
95 6
65 23
68 93
6 44
42 53
3 87
19 85
44 63
95 15
70 54
18 16
52 42
67 34
77 11
63 37
23 78
66 42
37 66
25 74
42 77
80 7
44 24
59 58
52 35
43 26
99 33
62 10
43 74
16 5
33 11
65 40
8 64
91 48
7 90
3 73
61 64
71 36
48 4
59 47
90 45
70 51
61 36
76 85
17 51
64 76
97 75
24 82
6 43
23 71
56 73
58 53
4 23
42 55
42 86
67 12
61 71
59 23
69 66
28 31
36 101
80 17
84 4
78 45
78 51
93 83
14 81
18 5
18 97
87 94
17 55
17 100
37 20
83 9
78 91
89 81
67 38
10 60
46 50
92 9
17 77
66 97
10 56
15 80
31 73
95 31
81 38
90 57
20 81
95 21
1 79
98 67
71 86
95 60
88 15
10 94
9 21
17 53
65 75
63 96
52 91
58 98
46 36
27 59
1
10 68 72
