101 5050
27 76
26 22
67 34
37 54
68 99
101 13
42 97
101 9
52 33
25 82
80 11
91 43
55 10
71 85
64 72
2 26
15 94
15 83
52 30
63 77
67 46
76 10
24 57
32 13
40 48
14 12
55 80
39 79
25 32
11 13
43 31
27 83
78 88
33 98
33 4
7 20
46 16
50 41
77 2
72 48
22 5
5 18
62 74
79 50
39 67
92 94
82 1
78 55
64 82
1 4
85 54
34 85
72 1
69 71
33 2
80 13
44 91
39 56
19 49
82 30
60 28
29 48
93 51
36 2
25 60
81 53
35 16
67 84
74 60
74 27
80 20
18 71
21 57
52 85
17 72
2 53
35 20
41 14
2 74
58 6
67 93
60 13
74 84
52 19
96 27
6 76
35 97
55 48
11 100
6 9
99 77
50 87
53 89
15 52
57 36
28 82
34 25
56 44
85 30
6 77
25 31
24 98
61 37
51 58
80 46
9 88
7 88
9 39
3 66
25 68
71 94
70 44
6 88
98 92
54 19
51 38
87 51
15 88
56 69
18 62
39 20
42 84
38 28
95 22
78 36
35 82
91 22
35 36
79 32
92 31
27 12
78 89
30 50
76 79
85 95
55 39
59 49
17 46
38 78
96 34
38 72
49 86
89 20
93 85
86 94
53 43
58 92
5 6
84 51
45 61
81 63
87 29
1 96
68 77
60 76
26 75
35 2
62 7
8 61
4 71
13 56
78 18
69 54
81 41
11 31
21 9
36 13
34 77
79 18
88 58
93 29
83 80
57 4
76 13
1 97
36 7
62 78
30 78
77 19
90 22
92 59
9 10
3 47
63 49
50 24
77 10
1 95
31 80
72 43
22 48
21 90
1 12
64 16
90 29
88 34
4 65
11 93
98 21
18 70
4 7
21 72
70 87
70 34
8 83
67 95
93 61
2 40
65 79
53 20
84 6
70 93
57 16
10 52
94 43
7 97
45 49
22 55
35 83
11 26
52 4
14 18
69 96
31 96
26 46
101 11
93 80
56 10
41 56
63 19
87 13
85 80
86 44
18 77
72 82
36 99
62 85
44 52
16 72
95 27
96 3
92 57
20 57
68 76
24 13
10 78
21 2
45 52
27 32
45 22
80 7
74 31
15 6
34 101
75 83
48 8
65 91
63 25
55 100
63 78
99 44
59 10
43 96
19 101
9 26
28 66
16 43
63 31
22 23
6 90
6 24
68 31
38 65
68 46
27 68
17 80
32 35
61 89
70 53
70 63
36 16
56 55
93 74
43 83
84 22
4 79
48 18
64 9
17 12
65 93
13 53
34 12
100 14
16 25
50 53
35 52
51 36
21 37
71 64
34 38
41 6
89 19
43 25
55 73
43 84
7 66
72 79
11 25
65 10
89 26
24 20
64 98
86 64
1 26
48 10
7 60
92 84
66 9
4 43
82 54
64 11
14 1
89 37
92 35
12 90
23 85
68 87
25 85
61 66
31 27
29 7
2 22
101 1
78 3
42 8
54 58
1 51
33 76
65 45
38 14
74 1
91 90
60 40
62 6
15 89
74 45
92 50
60 85
3 24
50 54
4 93
49 81
60 91
97 10
45 20
53 63
4 88
18 39
6 40
83 29
71 32
28 26
62 36
20 43
32 22
31 70
91 52
28 52
49 6
27 61
5 51
93 23
92 83
83 38
13 89
60 27
71 98
8 92
41 22
100 48
14 67
82 47
12 68
88 24
78 77
8 62
53 27
35 71
38 84
83 55
7 43
21 33
10 57
5 94
48 87
98 55
7 2
30 51
26 52
89 62
70 41
20 14
36 64
73 11
85 75
34 86
59 90
32 42
59 85
36 11
35 54
93 49
25 22
20 54
14 59
73 3
46 100
87 15
73 45
25 59
18 41
63 95
99 32
88 3
51 101
58 79
25 56
68 33
57 88
54 44
94 91
61 3
39 8
20 46
92 10
80 69
98 99
26 41
57 98
17 67
101 29
72 50
53 97
7 72
25 100
97 30
30 72
18 80
61 98
46 55
100 3
73 44
60 45
48 58
56 4
80 27
31 93
83 88
15 73
74 70
96 56
36 95
51 43
58 37
28 18
33 87
26 66
85 48
25 65
37 97
18 38
31 95
96 97
19 33
19 82
16 93
95 42
83 71
34 21
21 47
31 1
93 88
39 100
48 28
35 58
69 94
13 88
81 27
33 37
66 95
63 55
100 86
72 84
20 56
38 27
28 72
39 86
56 26
47 84
2 90
94 96
41 100
82 34
44 24
52 14
1 93
90 83
21 96
33 30
80 53
63 48
9 94
11 82
98 75
3 74
57 14
59 16
55 70
8 99
61 49
38 47
66 93
97 38
67 68
99 53
19 30
48 35
83 87
54 73
21 93
74 18
17 61
72 31
32 28
53 45
41 5
8 31
31 3
80 100
62 68
89 28
63 61
69 13
27 48
51 26
52 81
35 12
76 5
64 29
47 54
96 41
6 35
73 74
23 25
3 11
25 15
58 70
97 13
3 79
33 38
46 40
12 98
59 56
81 96
79 35
32 46
23 39
30 4
74 99
67 28
35 88
15 8
86 51
42 67
85 3
59 94
59 88
88 82
13 100
14 63
8 17
60 9
58 18
41 44
19 92
98 18
40 96
87 100
33 17
31 34
10 60
91 45
93 72
48 91
94 12
52 23
44 71
5 61
18 16
87 30
81 92
5 47
31 18
55 8
41 11
96 28
33 18
59 50
82 89
83 91
42 10
61 23
38 76
15 97
89 81
14 23
66 87
71 36
100 94
17 44
48 56
94 28
61 87
77 84
32 15
55 60
53 59
49 72
78 29
81 26
97 71
15 64
86 16
19 42
83 20
5 65
42 74
49 10
55 24
20 90
23 2
46 42
53 62
75 79
63 18
74 21
54 39
22 19
76 52
73 91
19 94
91 9
46 12
17 41
93 59
92 67
69 83
50 37
90 5
27 19
10 71
18 64
18 7
30 74
80 14
20 28
51 70
72 41
8 13
71 19
41 4
97 52
2 64
46 29
79 69
90 65
69 58
33 91
29 98
86 25
3 28
91 53
43 86
92 82
97 50
93 97
50 14
29 25
58 10
15 58
2 100
16 1
51 75
25 67
86 17
79 45
53 9
56 35
36 94
33 80
34 76
62 16
76 15
37 71
78 91
67 86
18 88
72 15
48 78
15 5
50 57
8 93
11 44
9 62
101 68
32 69
27 1
36 98
60 30
75 6
44 6
8 11
6 2
70 50
54 29
56 100
50 1
42 21
44 78
60 42
30 36
14 16
51 79
83 82
49 44
54 43
49 18
16 76
89 90
101 5
50 75
36 54
84 50
22 13
69 74
91 66
85 51
36 44
92 56
54 4
32 68
86 72
63 30
77 27
37 74
22 85
69 12
34 52
36 8
2 19
30 73
39 33
43 79
13 67
35 91
73 37
45 90
35 78
4 66
82 71
20 10
38 99
69 93
34 81
43 95
9 8
17 54
8 86
100 64
55 61
32 83
77 98
65 98
97 82
48 67
66 6
12 67
37 83
85 99
48 46
27 41
19 32
50 18
47 73
66 5
14 37
50 28
49 26
16 70
100 24
23 26
2 65
9 1
8 80
2 59
101 60
97 31
1 8
21 78
69 89
78 53
93 55
91 12
33 56
32 56
59 81
90 47
85 79
6 37
20 95
78 101
96 78
42 9
1 37
66 49
83 48
33 85
95 17
25 87
74 58
30 86
33 11
84 66
44 72
22 34
14 30
77 23
9 100
35 49
77 36
45 31
71 67
21 79
58 63
89 85
95 47
62 57
16 101
52 69
5 31
16 19
14 81
43 34
24 12
33 28
13 78
74 101
11 57
74 6
13 41
99 79
25 51
47 92
93 7
35 84
73 89
72 59
31 59
93 25
11 78
63 62
45 18
15 80
28 83
73 21
74 24
24 31
5 80
50 101
5 43
56 93
24 76
34 18
76 75
95 75
94 82
14 62
34 93
39 19
73 90
28 56
23 46
87 58
97 14
47 80
31 62
82 38
88 47
23 13
32 36
66 39
74 55
98 47
39 87
45 12
32 37
30 68
79 6
76 17
82 48
75 53
88 49
95 55
8 101
50 58
13 66
87 56
5 30
31 6
5 83
20 3
25 41
27 100
97 54
51 32
4 37
61 33
63 3
5 39
39 64
51 96
40 66
66 41
47 63
27 82
44 2
94 27
42 76
34 83
69 70
8 33
46 98
17 60
28 65
62 61
90 54
2 18
76 3
44 34
100 57
29 16
39 74
20 79
39 63
83 10
43 69
17 29
99 81
99 12
57 32
32 38
88 89
61 85
91 46
23 97
92 30
16 23
100 74
58 13
91 77
40 38
71 61
40 14
47 69
12 15
79 8
45 88
26 96
15 68
47 67
36 45
36 65
86 91
59 23
81 8
60 57
15 35
48 26
66 72
87 59
37 22
42 18
58 45
8 24
84 32
70 35
46 53
73 27
100 59
99 65
47 74
96 87
65 62
73 79
17 62
40 1
85 87
25 52
14 31
53 28
23 88
1 92
80 42
72 6
32 77
17 92
91 55
10 53
13 49
9 49
68 35
95 88
75 32
62 44
53 36
99 25
73 60
76 101
96 72
95 90
4 46
13 62
92 51
36 87
4 60
86 11
84 55
65 20
19 34
37 17
101 57
3 60
33 40
7 63
101 85
71 88
55 76
50 3
96 65
41 60
65 77
87 81
74 75
97 16
13 52
33 79
2 5
76 81
30 26
76 19
23 67
32 67
74 16
53 29
84 27
6 46
57 68
61 42
96 62
51 83
62 43
29 61
46 9
32 87
89 74
22 30
40 44
18 67
93 60
5 19
16 21
61 67
72 35
90 94
73 95
39 70
22 80
22 83
40 78
48 39
98 60
24 87
11 83
50 62
65 86
30 11
21 30
27 98
38 1
16 20
4 82
19 17
42 79
16 61
69 61
77 15
2 12
48 96
89 95
11 98
2 45
69 82
95 62
66 62
73 98
29 55
59 39
49 62
36 33
39 12
44 15
37 30
18 56
32 18
44 88
87 67
27 97
85 49
30 16
96 46
51 82
21 22
26 16
91 47
18 46
78 34
99 14
4 31
19 79
40 87
15 31
92 95
58 64
62 69
73 5
23 75
24 42
88 77
5 12
28 44
51 41
89 55
35 50
4 80
45 78
54 56
16 69
36 18
64 90
12 33
51 49
99 21
3 53
84 48
58 53
8 89
67 83
70 47
55 97
71 100
93 14
80 59
17 100
71 31
28 37
40 63
76 59
20 78
6 36
62 24
4 34
92 20
87 3
84 16
55 30
42 69
76 99
76 46
94 39
35 44
23 64
59 35
46 61
29 20
86 69
22 100
33 48
1 67
33 31
59 68
80 43
21 39
99 64
72 89
22 59
3 36
17 1
54 31
90 86
26 101
68 14
11 50
39 41
7 41
98 19
99 4
44 26
2 98
28 92
82 57
40 43
88 36
97 44
7 31
9 36
20 6
72 9
46 101
12 16
52 86
16 78
10 39
84 79
93 18
15 46
55 27
79 60
49 41
70 56
79 48
32 92
8 40
42 90
96 7
4 19
74 88
71 99
64 5
27 45
49 46
101 72
47 97
14 42
67 27
68 64
97 94
23 38
71 16
91 38
36 93
22 96
24 85
10 50
28 62
41 12
69 28
57 95
88 26
22 17
19 62
56 68
75 60
45 46
76 2
58 77
17 52
77 24
54 49
73 18
71 40
20 91
37 85
48 2
23 101
77 22
76 95
52 31
91 71
100 82
36 101
29 100
16 13
99 89
24 32
13 4
18 97
10 64
51 17
85 17
50 42
28 25
89 93
1 55
65 95
55 47
94 31
54 89
79 30
47 22
12 8
94 38
99 23
85 31
79 41
24 75
3 9
46 60
57 38
63 36
34 46
79 83
51 4
44 58
13 57
22 43
50 46
47 13
2 54
70 6
86 81
14 82
74 72
84 26
54 98
50 16
90 77
7 85
40 70
33 81
19 95
64 93
94 18
92 29
81 43
83 78
87 10
36 55
26 73
56 53
8 26
89 38
21 41
79 66
55 72
87 73
39 15
18 96
50 6
49 97
16 88
70 88
100 10
37 3
81 45
91 7
18 81
99 42
17 5
55 62
91 3
92 97
60 38
43 67
75 27
88 75
72 67
68 79
49 50
31 37
11 9
57 30
9 83
87 38
63 43
99 39
1 56
1 88
31 88
1 2
36 22
65 100
57 5
73 49
53 39
56 16
57 51
28 11
22 20
30 90
66 18
99 96
95 13
27 33
60 6
13 38
51 76
69 66
92 68
34 98
85 18
27 16
39 65
68 3
15 50
50 69
99 66
4 95
2 96
45 41
97 81
83 40
38 44
59 51
53 42
17 9
35 99
26 55
16 79
67 41
90 100
26 91
43 45
27 69
34 100
31 78
30 32
58 47
73 28
62 91
79 97
12 101
16 99
97 4
3 55
24 56
72 78
18 22
38 100
12 57
10 67
56 2
77 83
95 25
92 88
76 67
61 83
60 61
52 64
81 2
83 85
7 23
8 28
29 65
9 84
90 81
2 9
61 2
44 7
71 76
85 64
58 89
62 73
96 50
7 11
85 39
3 101
45 97
65 67
18 57
81 21
12 71
54 75
79 23
36 15
94 3
55 45
67 4
21 66
28 68
35 5
88 79
91 80
41 20
20 40
4 47
21 32
56 58
50 48
91 70
53 82
19 44
91 57
66 63
50 80
63 52
86 57
31 23
9 68
40 28
87 90
76 20
8 54
53 64
45 57
20 73
12 55
45 51
52 87
16 6
50 39
78 99
99 93
61 21
84 63
47 20
67 22
86 70
82 75
66 64
35 62
37 62
23 10
86 77
14 25
91 10
72 76
31 38
92 87
56 97
96 38
63 45
90 13
18 21
70 78
43 77
78 52
7 6
64 101
17 84
93 37
9 59
84 59
38 69
98 5
14 47
50 12
78 81
53 86
10 94
53 38
63 21
62 88
91 54
40 75
9 79
37 87
10 82
86 7
87 43
71 26
53 25
19 84
54 88
37 63
22 89
33 62
41 42
17 18
78 97
33 73
18 65
49 69
1 60
11 5
42 3
43 30
6 29
71 49
19 7
32 78
11 92
15 85
36 100
28 58
68 86
29 26
24 94
25 47
75 44
69 19
4 8
92 3
95 35
70 19
30 58
37 15
34 68
31 83
3 99
31 9
73 61
11 10
3 14
82 98
16 24
69 15
85 6
21 49
99 101
14 74
19 100
100 37
82 46
83 7
5 58
49 52
21 75
96 95
60 44
28 99
53 68
12 54
78 39
59 66
87 28
5 63
16 10
63 73
25 44
7 101
79 96
26 100
85 13
19 47
32 64
74 96
61 58
70 60
30 67
94 46
36 89
9 74
99 33
28 34
21 83
77 14
69 100
44 37
66 44
64 3
46 85
11 1
100 70
19 1
36 28
39 36
27 59
81 22
30 29
15 2
8 45
55 88
84 61
75 67
82 67
45 64
16 65
63 92
10 63
101 32
42 54
1 49
7 67
56 37
12 85
3 4
57 64
93 81
3 34
24 60
35 29
52 11
64 1
11 32
99 17
35 42
90 84
95 81
31 39
44 93
95 52
12 65
57 67
96 60
21 54
53 1
77 57
39 25
48 64
7 77
74 5
27 21
82 24
10 5
98 62
49 95
74 67
64 28
84 10
89 91
78 8
19 91
90 75
58 1
51 18
88 67
29 74
60 35
69 41
29 38
79 7
20 33
18 12
82 84
24 22
78 87
82 78
38 77
7 38
31 75
7 14
23 83
15 57
31 60
15 30
1 80
4 59
1 33
81 88
33 101
77 95
49 76
23 90
75 4
98 80
91 95
3 19
64 79
95 69
56 94
83 62
91 81
75 10
59 21
82 6
85 53
90 49
27 64
45 40
52 92
40 94
1 59
23 87
85 67
11 14
11 76
5 81
98 17
36 97
41 40
70 20
87 9
11 18
11 47
52 71
29 27
47 94
36 76
59 18
11 89
75 56
89 50
35 1
48 75
30 10
37 45
40 18
22 70
101 89
31 66
34 61
91 92
52 54
48 12
57 3
12 89
81 4
73 51
60 97
28 59
13 31
48 4
67 35
91 64
85 66
73 36
23 21
92 39
2 52
99 82
41 1
51 46
71 57
40 5
33 55
69 76
72 47
15 78
48 69
66 22
100 23
78 95
74 59
81 32
1 45
60 56
43 28
33 93
27 11
43 92
52 93
9 96
80 35
78 71
64 62
97 29
35 9
54 62
95 38
91 1
27 30
58 2
31 67
44 46
42 31
37 59
77 31
90 1
42 12
96 68
18 10
34 51
22 51
87 101
48 5
87 93
49 25
41 84
65 46
88 42
57 31
73 70
3 70
25 94
3 23
12 3
14 8
98 78
54 78
88 99
43 57
58 81
76 48
75 81
14 48
54 24
69 39
47 37
12 79
11 90
15 27
81 28
30 77
32 100
62 30
96 98
63 11
86 95
10 74
38 79
69 59
43 42
21 101
2 75
19 8
68 78
2 38
24 35
75 84
63 65
50 82
60 86
40 97
53 48
29 32
79 92
48 77
76 26
10 47
77 82
10 28
26 39
14 95
41 101
38 22
20 27
16 82
66 55
101 54
57 17
32 60
40 52
96 8
95 79
97 9
54 64
5 49
3 51
55 81
87 64
67 78
33 70
3 56
32 12
3 72
33 3
68 7
96 4
42 82
63 46
79 1
78 49
66 27
25 78
5 53
92 5
33 95
42 62
45 101
17 38
5 93
40 56
63 86
64 8
46 92
10 2
8 53
94 76
27 26
58 14
7 10
81 80
28 91
46 78
93 71
59 15
77 1
46 5
78 60
33 50
19 40
33 82
50 93
8 30
89 65
38 73
8 84
33 72
43 27
98 30
78 94
20 21
87 80
42 96
24 7
99 20
67 29
18 54
3 40
75 96
54 68
56 77
48 52
92 25
44 69
98 89
41 38
98 38
91 50
66 65
59 61
92 24
68 51
79 86
75 77
61 56
60 2
51 39
96 37
80 45
8 6
85 44
76 93
64 42
74 79
50 7
19 13
14 39
87 18
76 54
81 19
97 6
70 57
99 13
25 8
39 96
71 73
78 17
35 90
17 7
52 58
79 87
85 41
81 12
81 17
75 22
91 29
90 62
6 28
15 90
57 52
62 79
36 60
36 34
73 50
23 51
86 48
1 100
74 97
99 2
76 65
24 65
65 13
11 35
83 24
76 89
40 57
34 14
31 56
17 89
10 24
70 77
24 38
70 15
32 59
36 74
13 18
37 90
42 98
100 89
41 78
48 90
52 75
17 94
68 4
44 10
81 47
35 14
43 19
86 80
38 25
6 71
82 15
56 22
49 60
72 4
81 73
78 5
72 68
75 39
97 95
64 63
39 1
58 101
48 9
23 60
18 68
27 99
80 57
100 68
52 43
51 11
100 78
47 27
38 54
27 36
6 78
16 44
90 50
54 1
37 57
6 52
69 53
97 28
20 36
27 54
26 38
15 96
45 14
62 11
46 97
71 79
38 81
86 28
50 26
22 58
68 73
12 29
59 29
5 68
30 95
2 34
35 31
83 89
94 34
79 53
28 95
61 14
72 94
59 95
77 17
96 92
31 16
1 98
15 11
59 60
98 95
68 41
72 69
43 39
77 61
83 44
68 95
48 45
15 79
3 7
33 41
30 65
87 98
49 8
54 93
38 74
40 27
28 5
10 15
96 86
2 51
27 25
52 96
77 45
57 63
69 88
23 58
58 29
33 9
95 11
50 45
36 72
9 57
87 19
80 19
57 26
19 24
92 18
88 5
71 23
18 37
33 83
62 84
76 63
43 93
42 2
46 70
94 67
48 66
84 12
21 71
25 46
20 12
4 69
101 4
66 23
35 81
6 1
70 10
20 75
71 89
94 53
45 30
13 92
65 8
64 55
23 42
44 94
35 101
21 82
53 37
51 66
70 49
89 27
48 32
24 37
37 55
66 34
55 68
25 89
35 10
62 5
63 88
16 28
8 20
59 41
38 93
93 101
61 22
84 49
25 30
87 91
12 23
67 80
83 6
60 100
21 1
27 35
101 70
32 66
24 9
95 54
66 89
12 62
59 71
8 73
89 48
50 31
77 21
45 15
51 16
52 56
81 54
20 93
47 64
64 49
48 41
22 88
3 75
38 80
49 68
22 94
9 92
26 67
95 94
34 26
96 47
11 38
46 88
85 57
75 93
42 16
3 93
57 22
69 55
31 44
77 64
47 15
14 83
86 10
88 32
62 21
4 94
90 101
76 53
75 8
29 40
71 45
61 88
60 48
43 46
101 52
22 49
37 78
9 71
85 10
83 58
92 42
32 96
37 29
84 13
70 25
14 22
36 52
49 30
100 12
11 29
101 14
55 82
10 37
85 4
25 73
72 70
40 26
37 26
55 7
79 67
40 61
92 45
27 92
40 76
84 60
87 82
32 85
3 59
91 42
89 64
69 91
86 92
65 26
14 70
40 84
35 22
27 93
3 26
5 72
28 2
32 61
55 41
89 68
56 90
6 32
19 14
7 69
99 30
92 21
73 31
68 44
100 33
81 64
6 14
14 49
68 58
88 85
60 19
85 9
56 86
44 87
82 68
73 94
22 53
35 3
86 31
23 35
44 74
89 10
33 77
4 84
71 48
13 54
45 11
42 11
50 86
92 26
84 95
92 61
98 35
68 36
99 62
3 65
17 15
13 64
64 56
16 68
10 13
17 21
85 11
95 61
35 43
101 48
28 9
83 74
35 51
17 64
78 65
59 30
75 18
12 36
23 19
42 52
45 94
44 101
72 32
85 69
46 77
7 27
83 17
35 21
18 26
7 22
13 1
42 58
13 28
99 63
32 44
49 57
89 31
62 48
92 73
60 94
48 74
15 16
7 65
89 34
52 70
62 70
53 33
80 101
34 87
57 73
22 65
69 51
7 99
2 93
18 19
55 21
7 92
16 4
50 81
11 99
55 77
84 64
38 6
16 8
25 80
93 24
34 91
33 29
100 50
43 18
15 29
80 44
21 89
49 99
91 58
32 31
90 24
93 47
54 74
30 80
88 50
89 44
71 56
65 21
27 86
12 61
82 12
61 50
15 75
21 6
39 37
84 31
48 21
16 32
70 42
35 94
39 44
48 99
70 9
63 51
57 27
32 14
72 22
19 57
97 59
33 44
81 74
41 80
71 22
67 69
4 6
9 50
48 7
67 52
50 21
91 13
73 7
75 29
1 46
79 70
72 23
7 58
84 81
81 40
65 57
55 49
23 81
74 23
82 80
62 100
85 14
35 40
61 53
72 63
25 79
5 24
99 97
40 9
68 11
79 82
89 96
14 17
98 53
74 64
77 8
52 37
21 3
68 65
88 28
15 62
29 18
65 58
64 21
4 76
72 88
25 62
83 65
26 93
81 10
20 94
82 44
82 40
10 36
89 79
86 41
95 5
15 55
18 101
68 93
81 24
11 74
101 31
36 91
97 58
53 24
98 13
32 52
17 50
20 11
20 51
21 51
16 73
90 70
83 2
74 92
92 2
83 66
11 69
72 53
10 96
30 47
7 26
77 74
87 63
30 35
79 36
37 12
83 72
1 89
6 61
72 57
12 78
7 81
74 46
63 4
34 63
17 65
94 32
13 34
26 45
10 61
71 47
57 29
85 86
14 46
43 37
34 29
63 83
72 80
60 64
46 87
90 25
70 95
81 6
101 17
92 15
1 99
79 61
91 85
71 80
51 33
8 46
51 95
56 101
1 83
82 18
88 101
24 11
69 45
98 83
14 71
80 36
71 2
34 84
101 86
49 24
29 99
27 17
90 69
90 10
58 71
30 88
86 73
56 84
76 77
61 35
41 54
41 65
91 5
24 52
8 74
12 51
90 8
57 46
82 20
59 52
98 7
49 94
58 94
84 57
66 37
96 49
47 34
89 3
87 84
85 100
5 84
10 46
37 101
14 75
52 100
10 25
32 23
100 79
42 7
58 33
20 44
73 14
3 8
100 47
34 55
73 9
59 46
74 19
47 66
86 61
75 63
87 6
4 64
41 29
37 9
72 27
24 79
92 76
77 42
8 57
85 35
54 25
33 71
64 20
86 35
48 47
11 96
8 52
63 2
98 8
57 54
62 101
68 71
63 80
31 79
64 26
32 7
38 92
34 17
95 74
45 100
9 52
70 98
23 27
40 25
37 42
8 95
23 30
86 97
76 8
66 50
22 10
35 39
20 97
97 68
6 63
60 68
80 40
94 50
30 81
11 39
51 7
54 61
84 76
41 43
41 3
63 28
41 71
8 47
20 13
48 15
82 66
17 53
96 61
90 88
8 63
41 74
87 11
79 46
94 16
48 1
10 62
63 27
54 14
83 96
17 56
10 6
100 97
51 50
27 8
7 90
28 22
81 37
90 31
24 71
87 17
53 12
52 21
46 19
32 20
13 9
91 41
5 100
41 93
69 101
50 4
43 90
65 48
94 6
7 28
33 46
89 77
20 34
89 56
80 39
88 8
12 77
48 51
31 22
26 95
5 99
58 27
18 89
95 6
9 45
53 73
34 65
86 29
29 81
18 20
26 47
53 32
34 45
54 59
64 35
66 80
78 43
76 70
101 97
30 48
45 86
80 51
6 39
52 22
15 38
56 27
84 86
5 44
19 12
82 37
8 38
43 44
73 83
81 39
28 24
13 81
78 42
50 38
70 36
4 23
97 69
62 94
16 90
15 74
26 33
100 98
61 101
40 93
9 67
97 72
19 53
48 23
97 32
4 87
77 97
24 15
33 43
50 13
65 88
77 39
73 42
33 23
100 8
52 80
42 56
19 67
77 81
74 66
54 46
5 34
74 49
7 78
23 40
84 68
76 37
76 25
10 32
90 36
22 29
88 56
87 94
50 77
70 29
73 39
94 89
79 56
35 100
32 50
23 41
11 53
70 82
29 82
58 82
47 36
3 52
25 97
82 49
5 85
97 5
72 40
81 61
44 95
77 40
91 21
38 68
87 31
84 54
45 96
89 23
57 97
36 56
51 94
83 86
68 23
72 2
98 25
38 20
50 22
58 26
57 69
64 37
73 72
82 52
12 64
20 30
56 99
99 10
3 39
49 40
43 47
32 9
70 30
17 90
93 13
13 70
54 45
85 65
8 56
30 71
88 94
2 16
48 31
84 89
73 13
17 49
43 55
84 73
44 79
77 11
14 96
30 66
23 65
27 85
15 100
87 42
84 93
57 34
39 22
25 58
49 100
38 45
52 53
49 3
59 75
71 84
92 54
43 61
89 49
46 64
7 84
43 89
67 54
8 60
77 25
47 24
45 21
78 79
34 90
15 49
32 91
5 96
58 66
3 62
44 98
31 26
62 92
59 20
46 2
71 25
84 11
91 63
89 40
88 40
53 16
65 72
8 85
17 20
98 90
29 85
4 26
41 34
93 63
5 21
71 87
86 5
6 26
96 55
31 2
86 4
48 54
30 6
39 29
92 80
76 14
57 76
56 14
46 22
66 86
24 18
56 63
67 90
6 45
101 25
5 27
83 50
47 56
92 4
37 91
56 7
27 78
86 40
78 73
38 12
7 52
63 69
48 25
57 83
43 100
55 38
48 94
13 33
7 64
84 28
64 41
50 20
25 13
1 85
74 12
87 7
101 2
23 9
72 42
51 14
34 50
23 43
44 96
8 22
84 20
66 15
19 26
18 91
47 79
79 55
99 60
28 49
79 52
99 86
34 33
98 9
93 95
15 14
77 94
46 39
40 99
90 79
31 12
54 10
30 31
57 42
26 35
93 94
75 30
45 75
23 86
97 61
21 31
33 69
65 33
57 56
36 4
93 86
61 47
81 65
66 101
82 65
101 20
55 85
73 96
4 18
80 65
94 29
75 57
12 9
98 26
49 29
84 69
13 46
91 24
28 17
66 100
73 48
12 13
98 68
42 5
72 81
86 3
64 33
67 91
4 53
38 9
98 40
53 57
23 69
47 78
53 83
72 34
19 38
43 88
91 56
89 80
19 99
83 36
73 67
8 50
29 76
52 12
63 60
38 10
88 87
55 23
28 15
52 51
65 27
34 8
90 39
48 93
39 13
4 22
44 9
34 69
56 11
77 3
58 73
90 4
32 63
48 59
13 55
61 82
97 73
94 26
99 15
13 61
70 8
53 35
51 56
82 13
13 79
97 22
69 9
41 58
70 17
7 33
80 94
36 96
40 39
85 50
3 69
11 12
63 29
66 8
45 16
47 2
74 53
80 6
63 15
22 74
17 16
32 5
64 92
85 36
4 73
83 47
50 40
26 62
83 54
50 47
4 45
2 14
8 37
8 41
11 65
71 39
80 68
101 6
98 67
9 86
43 59
35 55
17 68
82 31
83 93
52 20
81 71
91 76
66 10
23 78
46 89
66 53
66 36
93 92
29 36
51 27
40 62
91 74
2 95
63 94
53 100
70 7
32 58
90 96
13 6
81 16
8 71
93 28
100 42
36 41
100 7
83 4
82 3
79 81
63 96
44 92
88 37
96 25
80 95
64 80
89 16
76 22
82 86
43 48
99 46
51 24
65 50
8 7
77 44
96 70
77 96
50 74
28 39
39 4
4 14
62 67
97 76
23 15
33 88
34 9
69 75
19 68
60 39
26 61
6 43
74 80
20 81
34 10
90 53
101 75
64 50
51 61
18 95
30 94
27 70
69 8
89 14
29 89
7 49
76 88
41 16
84 1
65 71
48 98
73 41
42 47
40 90
51 77
69 14
82 85
36 21
53 77
89 92
76 12
43 76
25 35
86 24
80 3
65 53
34 62
2 49
57 87
67 101
37 19
99 54
79 10
3 58
83 45
47 40
97 26
83 30
62 82
55 6
25 88
99 80
88 51
55 92
32 41
33 96
34 56
68 52
28 4
8 51
49 77
65 56
19 58
21 85
82 93
86 59
48 19
11 43
58 78
97 83
61 74
46 72
60 82
38 52
24 59
43 58
1 30
76 32
75 7
82 23
23 49
59 70
57 59
64 67
96 91
56 21
16 34
28 80
71 3
65 32
51 28
93 35
29 73
2 70
57 58
55 50
37 48
31 91
83 84
29 4
79 26
63 68
35 7
58 39
23 36
80 77
68 10
46 62
29 80
46 86
74 76
87 20
32 93
61 36
52 46
51 74
44 51
33 54
63 82
26 72
7 25
55 16
38 70
19 55
85 28
53 93
53 92
2 30
35 96
58 12
87 62
82 91
25 66
13 42
35 47
95 16
63 54
72 45
6 89
87 86
99 24
88 2
94 68
95 23
59 64
94 8
29 13
14 79
89 41
70 28
43 36
86 6
99 31
68 91
90 19
42 36
100 75
24 95
76 86
95 37
11 58
8 68
23 20
4 98
97 12
78 28
37 40
93 79
101 53
71 63
100 81
46 69
21 26
45 68
80 48
92 101
83 39
21 24
58 9
6 96
87 12
4 11
79 22
69 65
35 87
32 62
60 18
47 7
57 96
86 13
25 1
62 4
101 30
34 30
90 55
98 39
49 101
71 5
55 65
67 20
58 93
31 64
10 17
70 92
42 86
72 62
69 98
11 55
64 94
47 44
88 60
94 42
17 26
81 62
80 21
47 49
74 87
75 70
33 94
1 94
63 23
80 37
55 94
37 35
93 45
9 51
47 99
99 61
91 99
56 95
76 18
98 85
84 99
66 35
58 90
97 88
91 72
65 52
5 69
45 29
60 43
66 20
47 18
24 89
75 36
83 42
26 86
15 54
24 17
75 38
91 2
60 37
56 62
24 58
95 15
16 75
24 29
59 67
32 95
88 98
67 21
4 78
85 76
24 48
45 39
92 37
16 5
60 51
86 89
33 92
99 92
85 58
82 73
64 6
16 38
83 41
25 18
40 92
8 32
22 98
24 2
39 34
98 28
33 6
12 56
80 16
41 9
2 4
1 69
15 13
25 24
56 50
55 59
31 28
30 3
67 8
59 5
90 61
24 67
77 87
70 21
70 99
94 99
90 57
92 69
61 48
66 24
50 25
51 54
76 30
95 41
37 46
91 59
73 34
57 47
51 97
70 85
27 4
66 42
20 77
49 43
16 48
86 32
29 77
72 52
93 39
38 85
25 9
96 64
21 76
44 23
23 8
47 31
83 64
86 2
59 36
75 37
65 75
12 60
70 65
45 7
78 66
76 35
86 47
10 101
92 60
75 78
54 77
25 61
57 81
89 97
47 6
79 28
58 36
63 24
77 73
1 87
86 98
40 95
81 44
38 86
40 58
97 98
4 91
54 6
61 52
98 3
24 30
78 33
42 26
32 47
65 42
74 94
100 92
79 98
35 74
39 49
57 28
30 13
91 79
66 11
35 4
47 12
10 29
46 24
27 10
3 38
39 95
20 68
34 79
53 55
59 58
51 37
84 88
21 84
52 60
43 82
1 44
5 3
27 62
46 84
9 89
82 96
72 99
87 54
21 25
24 39
6 17
45 24
48 6
33 45
63 1
99 75
69 18
95 72
65 14
61 65
42 59
79 17
80 79
7 95
71 11
89 39
40 31
19 93
66 57
40 22
11 23
71 74
36 37
20 60
40 12
71 90
80 10
94 21
55 52
12 7
42 27
28 30
23 80
68 85
97 66
85 63
58 76
100 44
20 19
27 87
45 35
57 99
19 36
74 25
81 60
86 1
33 25
87 5
18 44
100 99
22 101
9 16
72 100
11 17
49 33
5 14
14 21
100 51
44 59
88 10
37 38
33 90
6 53
3 44
37 72
6 99
91 15
51 65
59 26
88 38
19 83
71 72
4 100
66 29
80 60
48 42
73 10
13 3
91 51
59 13
54 71
45 19
91 11
7 71
46 41
71 70
48 57
45 70
70 43
49 92
17 59
79 94
26 53
5 56
57 2
29 2
73 80
16 100
22 12
79 27
19 88
31 81
3 67
67 2
54 9
28 42
22 3
87 16
20 61
93 46
47 60
65 31
84 65
99 43
72 77
57 79
15 3
37 84
45 3
53 54
35 33
77 62
49 67
101 42
70 48
25 4
73 19
44 65
64 75
90 93
32 98
60 66
88 64
42 40
13 51
65 49
64 69
7 13
43 1
21 13
82 101
38 58
11 97
76 98
21 88
11 2
79 37
62 80
29 31
82 76
39 72
96 53
62 86
40 64
52 41
93 100
18 30
76 23
100 21
29 9
88 80
9 90
70 1
52 39
68 13
39 57
48 81
55 71
42 45
92 14
26 12
64 61
87 21
54 22
18 100
58 46
24 43
22 15
31 10
87 75
86 75
95 82
27 91
60 62
66 96
28 55
29 95
47 101
69 99
17 71
35 17
98 43
13 44
14 66
18 27
8 5
91 93
14 26
70 5
39 88
83 12
47 85
96 24
98 58
92 41
35 89
74 98
59 40
54 23
48 3
46 66
22 60
32 90
88 91
2 94
41 99
57 6
89 63
58 75
52 5
90 63
8 97
34 59
21 44
60 87
23 24
52 73
28 1
37 94
73 76
50 27
58 80
27 28
19 29
16 47
81 83
70 37
34 54
67 51
52 1
34 95
6 27
77 16
61 31
80 12
3 2
99 37
54 7
101 59
37 20
15 53
19 56
30 64
1 66
14 24
24 72
89 67
74 34
52 94
93 12
1 36
77 52
2 85
89 60
63 38
96 84
48 97
19 35
2 17
73 40
31 69
29 8
46 71
29 21
78 14
15 65
59 96
77 41
48 88
72 13
80 76
51 47
85 97
43 15
21 38
73 88
76 28
5 89
12 43
96 30
96 80
92 48
69 10
58 86
1 3
72 56
78 24
54 16
71 27
47 68
41 10
65 101
19 10
56 74
89 32
93 6
5 82
17 40
13 96
59 63
27 88
58 60
38 36
69 24
38 35
55 9
101 55
70 54
75 43
45 13
4 10
34 11
41 62
79 59
24 26
54 60
78 64
2 8
44 61
71 43
20 49
25 81
40 79
44 48
42 51
84 18
7 9
18 90
79 77
18 23
63 100
30 40
75 73
97 41
11 61
40 7
30 39
32 4
77 85
14 98
41 37
42 15
78 1
12 96
54 55
23 17
50 2
54 65
49 56
99 95
86 33
66 81
77 59
32 43
13 27
93 10
64 97
19 61
54 94
4 9
69 73
81 36
14 55
36 46
25 3
64 70
61 70
80 84
51 90
73 85
25 20
4 5
75 91
43 26
1 22
81 94
59 73
2 80
69 87
20 4
93 57
68 2
97 3
53 67
88 20
28 54
95 100
92 71
61 80
3 90
61 68
30 56
9 95
10 26
47 33
43 9
14 86
64 14
6 51
55 57
89 51
77 35
101 95
71 60
44 76
40 4
27 24
77 5
14 94
14 9
8 43
24 4
61 38
55 20
30 38
32 70
45 66
99 45
10 72
7 39
51 10
27 90
1 61
59 83
42 55
100 40
21 8
24 41
98 23
79 29
70 97
46 7
97 62
20 96
49 42
13 35
67 45
101 77
2 39
2 25
52 90
81 3
2 13
72 12
56 98
9 99
28 90
97 84
66 38
101 98
94 7
47 45
80 97
47 29
46 11
14 88
34 7
46 3
71 1
66 52
19 6
64 95
40 101
13 74
38 39
40 34
11 16
69 37
15 7
46 56
51 64
53 88
98 45
97 33
58 96
69 22
33 32
93 77
65 92
80 34
90 14
70 12
78 93
97 21
2 87
20 72
9 75
15 61
9 5
62 58
86 36
83 70
5 29
5 26
85 72
19 72
74 57
15 4
63 42
7 74
17 25
14 36
68 40
53 95
52 16
4 70
32 34
84 25
92 78
9 30
71 15
63 17
44 57
31 20
1 34
41 90
7 37
61 28
56 82
76 7
77 37
96 54
6 3
81 46
40 10
88 52
43 101
17 13
46 75
45 95
24 73
57 61
42 89
89 7
76 50
41 63
95 10
3 95
24 70
15 33
9 22
17 30
98 41
70 89
68 74
63 22
31 53
92 66
86 15
22 64
85 81
84 53
94 65
35 46
79 63
65 64
99 52
71 38
25 72
72 18
11 49
2 73
57 78
55 25
20 2
85 56
59 82
44 4
61 30
32 3
47 89
82 8
39 17
60 11
35 8
67 70
50 52
77 4
48 34
32 74
3 54
49 36
60 29
64 76
2 79
81 70
15 34
45 89
46 38
98 49
63 101
83 60
85 74
90 82
38 67
90 76
84 98
72 51
24 61
35 65
12 21
57 89
87 53
99 51
18 86
91 6
19 25
98 31
48 49
17 31
23 94
70 23
68 83
93 98
16 96
24 80
59 7
52 83
84 52
56 81
54 26
28 74
34 49
19 31
78 85
43 73
91 14
75 71
37 98
59 33
19 97
40 24
36 50
39 61
18 15
56 6
77 92
65 47
94 84
12 4
96 100
11 94
10 33
81 51
45 10
78 22
21 60
17 91
67 44
99 90
90 68
8 87
45 82
2 89
66 98
42 6
90 46
60 77
43 29
1 29
50 95
76 39
46 95
6 34
51 31
91 61
22 92
29 88
42 4
13 83
72 75
98 20
47 46
69 77
84 45
55 17
91 97
5 20
38 5
66 70
37 25
60 72
4 89
18 6
39 91
49 75
9 61
71 34
43 64
20 26
84 85
81 82
95 12
82 36
1 20
62 47
29 96
40 36
70 26
33 75
50 68
26 77
75 61
25 26
78 80
49 27
46 73
40 67
36 48
45 17
73 64
67 50
91 40
76 47
74 86
38 49
9 77
78 19
97 2
101 73
5 55
96 88
24 36
55 87
14 33
101 39
77 100
84 70
49 58
2 37
30 89
75 47
12 63
85 96
10 8
69 17
25 12
6 59
33 84
14 10
31 55
25 57
11 72
5 79
44 30
42 34
56 23
67 33
40 85
25 64
86 12
72 90
59 78
55 32
45 59
11 59
7 1
91 30
27 44
52 74
59 12
62 39
73 1
26 13
12 73
71 28
99 26
11 6
51 55
59 8
12 92
94 61
43 50
19 21
51 98
43 68
63 74
68 81
23 37
7 57
18 3
56 29
48 20
40 53
51 78
23 1
85 45
78 2
4 61
22 68
75 94
62 20
67 99
6 12
67 56
50 99
21 7
82 41
6 100
32 1
35 57
6 25
81 42
15 1
60 90
100 28
40 21
59 62
55 86
19 96
88 12
41 28
10 98
16 83
16 33
56 9
38 42
1 76
71 77
78 86
71 13
43 74
26 80
68 1
69 6
48 17
33 5
13 94
29 71
28 29
28 46
18 61
101 83
42 44
25 45
54 40
86 20
91 101
82 17
29 84
50 19
62 52
58 16
100 30
12 66
57 94
9 47
68 29
53 18
42 93
101 28
86 22
22 93
63 16
28 45
87 65
78 56
86 88
1 42
15 20
45 76
11 88
32 54
60 33
82 26
29 44
62 51
15 19
50 98
63 33
27 9
55 67
76 31
87 97
97 67
95 21
31 46
97 24
9 81
99 83
39 16
5 75
23 28
66 67
68 66
54 72
67 81
57 1
26 87
66 16
85 92
62 38
88 66
84 44
6 65
65 19
62 71
66 71
52 47
82 32
94 85
30 46
75 12
99 22
76 96
73 22
2 62
40 55
49 32
48 95
8 44
1 62
37 68
52 98
39 32
54 5
87 47
66 90
54 79
30 42
99 58
17 74
84 2
40 13
36 25
34 24
92 23
101 71
33 89
84 100
13 77
77 28
75 42
76 87
17 93
38 48
27 101
12 30
101 94
30 7
34 23
96 71
53 7
67 60
41 35
75 35
75 55
62 23
39 97
66 43
84 39
82 9
19 75
37 67
23 53
75 62
101 81
61 72
100 58
19 59
63 26
3 27
18 83
13 37
1 81
71 53
41 88
35 69
60 16
14 72
20 100
69 30
89 59
64 19
85 42
8 58
60 5
58 95
64 34
4 55
9 80
43 10
68 48
100 73
99 59
54 30
64 38
23 73
56 38
68 21
30 53
45 44
24 1
86 37
41 53
55 2
13 14
48 13
68 26
31 41
74 33
41 15
92 34
89 52
68 75
91 8
11 70
84 58
5 36
1 5
54 86
39 68
69 26
23 5
52 27
66 17
76 41
32 26
80 54
73 99
92 72
2 27
20 42
59 65
22 87
17 97
47 77
95 83
98 94
13 43
44 50
63 20
26 74
51 19
43 65
8 18
94 41
66 76
9 18
45 32
60 26
53 14
1 47
82 22
21 28
45 5
90 38
6 98
42 68
43 2
4 49
24 68
43 14
35 28
80 56
26 78
95 60
69 20
10 12
74 82
49 79
13 5
34 60
42 25
5 25
29 51
43 3
25 83
100 67
46 83
27 46
43 85
37 16
85 26
37 11
67 6
34 58
34 75
65 37
19 9
55 44
36 26
74 40
65 40
66 75
22 16
15 9
3 84
84 24
95 87
49 31
58 17
11 79
16 40
30 93
100 101
53 47
33 42
101 38
14 29
21 4
16 7
74 4
26 90
82 2
33 22
83 49
88 68
69 68
6 23
97 75
50 60
16 91
52 18
95 71
47 23
18 99
84 14
29 69
78 90
97 34
84 101
86 71
71 51
75 11
25 75
40 32
20 74
16 98
20 71
54 100
16 92
42 22
36 17
99 55
31 36
47 17
66 56
78 9
15 93
89 87
73 65
1 75
36 84
11 21
66 33
67 5
73 32
19 66
100 31
15 101
57 41
73 6
27 34
36 67
11 67
44 12
77 67
53 49
61 78
30 84
27 37
11 22
78 74
50 23
28 75
38 59
27 14
56 73
100 61
98 91
65 1
64 24
3 17
8 72
53 34
4 38
96 93
87 45
50 29
91 100
67 96
1 18
28 19
83 56
9 65
7 82
87 41
81 11
79 101
60 69
75 17
3 83
92 90
17 96
14 44
76 83
4 17
18 55
69 81
29 23
28 14
64 44
34 99
56 76
58 67
63 13
63 67
34 37
28 12
93 73
7 61
90 74
14 87
63 97
22 27
82 39
91 23
15 51
98 63
69 2
5 50
44 22
42 71
90 44
47 59
72 98
98 59
70 80
58 72
20 9
85 20
83 26
16 49
53 21
11 48
26 15
65 97
10 3
21 69
61 76
15 84
78 76
27 39
75 80
30 41
15 40
72 29
36 92
47 39
88 100
19 85
2 32
91 25
19 86
40 69
10 1
98 15
96 23
83 100
35 73
15 67
13 75
15 60
45 62
35 34
68 6
73 66
63 44
97 43
66 54
44 53
90 80
9 76
57 23
21 10
15 81
32 17
77 66
17 73
54 11
85 90
94 83
3 16
15 21
63 35
28 47
50 63
29 62
91 84
52 29
49 80
70 94
45 56
32 80
69 25
39 42
46 21
43 38
75 89
92 6
65 60
12 49
49 87
56 43
33 57
71 50
4 58
21 58
23 84
78 69
16 85
17 88
9 63
18 35
76 62
65 74
51 53
43 21
36 69
7 5
84 78
24 101
21 86
23 45
75 41
31 58
20 58
41 47
2 41
98 81
60 14
101 96
41 19
56 15
62 93
11 19
17 43
53 60
99 87
42 17
66 2
61 41
42 29
58 55
78 50
94 66
91 49
37 5
93 9
76 100
40 51
70 68
40 11
90 97
67 16
92 75
49 37
29 3
72 87
6 22
24 33
62 22
1
92 69 101
