4000 4000 4000
142 864 3060 884
455 902 1488 3251
2512 1666 3550 1888
484 606 2215 1351
321 1494 1964 2632
2466 1005 3183 1432
2748 1518 3760 2214
1166 39 3235 1929
239 303 2885 1926
2930 124 3939 1481
3428 526 3766 1046
2176 738 2699 2541
637 1037 1381 1801
604 359 3747 3881
2909 3407 3255 3553
1743 2694 2316 2732
3074 1463 3798 2770
1688 2466 2360 3907
28 2234 1610 3247
1249 1953 2095 2226
1931 909 2065 2567
1528 1558 3377 1651
328 1341 3577 2243
271 215 3354 2599
1731 433 3372 1459
2455 56 2583 949
1336 407 2532 2621
2569 2869 3524 3885
3671 195 3940 3947
2596 1034 3209 2494
2185 1271 3779 1449
438 624 1914 2056
381 1551 2646 3256
645 614 2201 2562
904 1661 1651 2358
2203 2338 3958 3330
2576 2510 3523 3957
1970 331 3782 1542
402 891 2298 3589
56 2353 1259 3977
698 527 2610 3407
2017 2057 3378 3612
1465 295 1803 1993
723 2549 1350 3838
2023 1980 2548 2243
1739 1827 3148 3081
684 1695 2215 2756
1754 1471 1889 3811
556 3355 1138 3875
343 434 2169 3363
1413 79 3129 2598
2865 569 3189 2312
2551 2641 3238 3280
164 1337 656 1756
1319 1786 2841 3444
1691 3648 1868 3742
1010 3108 2815 3366
1943 1006 3055 2162
129 2409 3614 3552
105 1827 2734 1837
1199 1331 2546 1782
883 1004 2596 2516
1730 2906 3874 2931
1335 80 3288 1545
1336 1525 1899 3271
1835 3089 2995 3453
2119 2683 2869 2802
1715 2696 2636 3443
2859 471 3243 901
2311 1137 3532 2757
332 2981 1133 3642
2290 2706 2973 2797
2868 2053 3026 3990
1431 605 3108 2650
610 889 1931 2781
1361 2214 3028 2755
583 1692 3027 2628
1970 1627 2915 2072
1382 1262 3601 3464
2012 3201 3846 3593
3364 24 3792 2967
1265 3052 3172 3928
45 1168 477 2213
225 161 494 2852
1411 921 1495 1628
4 455 3859 2396
1014 432 3259 3369
163 585 1436 1963
2850 1228 2961 2001
2806 2036 3363 3134
365 514 3867 814
1955 74 3673 836
2025 2798 3962 3162
1775 3024 3563 3142
1913 849 1967 2718
571 2779 2445 3853
284 1473 1263 3912
1282 261 3799 3299
511 3142 2996 3150
1862 1355 2750 2455
1489 318 2384 2613
1413 516 1899 3714
2673 178 3097 3830
812 1174 1576 1288
1095 178 3935 2388
1985 991 2744 1738
1006 2993 1194 3089
2138 1205 3262 3640
2546 2025 3564 2036
1622 1175 1696 3863
3868 2812 3945 3880
2044 1873 3507 3563
2950 2262 3337 2379
127 2160 969 3213
2968 1830 3607 1998
1006 1025 3524 3774
1330 685 1692 3194
3397 764 3634 3868
2715 3198 3805 3315
256 1908 3371 3507
3053 176 3343 2753
2581 1893 3093 2242
722 247 3394 553
43 1912 1812 3524
1568 3191 2015 3701
2288 766 2355 3122
974 384 1067 3135
873 924 2608 3046
491 968 2202 1905
1333 1805 3656 2515
856 295 1624 2444
168 459 3340 3902
811 1716 1817 1917
2751 3320 3570 3737
175 908 3804 3699
2896 1984 2987 2638
2658 1592 3943 1934
509 1498 1059 3856
667 1021 2636 3346
116 1639 202 1766
129 1429 3542 2509
2130 2180 3179 3807
1973 694 2048 2713
1025 1355 1362 2563
3011 1329 3492 3148
1620 2496 3564 3692
593 2075 2170 3890
1145 2273 3184 3989
16 1045 3241 3899
1509 2 3847 1555
2988 906 3456 1908
1844 1268 3736 2655
791 2448 2938 2998
1440 712 2642 2132
80 2661 1263 2839
2048 3466 2802 3621
2363 540 3044 3191
2380 922 2413 3373
1037 1555 1074 3740
818 545 1625 2917
1931 469 3713 2673
2549 1684 3065 2347
2807 2706 3526 3461
1195 1434 1730 2356
487 1765 784 1949
221 2208 3151 3414
1164 567 1379 2824
1784 141 2323 330
2238 2708 3213 3337
1638 1754 1786 3512
2005 1814 2123 3685
1706 774 3436 999
133 703 527 2027
527 3044 3326 3105
786 858 1944 1683
2669 689 3457 2178
860 2230 2800 2550
907 2077 1737 3409
2121 1190 3633 3510
2315 758 3951 2310
819 1268 3029 3133
2017 85 2780 1278
2328 1705 2772 2608
2870 2896 3922 3275
3758 2949 3875 3861
1687 124 3993 3183
1013 1707 1680 3109
461 1933 1488 3080
1074 1116 1480 2963
298 3475 3579 3580
1801 2463 2021 3621
840 1378 1781 3270
2407 2020 3534 2387
1493 94 3347 3483
2019 3028 3827 3960
1567 2721 1783 2856
741 3729 1278 3937
483 205 2537 1870
70 820 1455 3841
81 143 1217 777
2541 2734 3465 3818
278 2707 2377 3806
758 1792 1606 2200
2220 1077 2379 2539
121 1437 2143 1976
1295 1599 2541 2897
1707 1849 2662 2673
1839 2972 3416 3679
680 1579 2775 3383
1095 3611 1380 3690
1868 1112 3193 1703
1451 488 2443 3854
3335 621 3801 2877
33 3632 787 3891
603 2618 2316 2969
1493 1406 3920 1863
107 1680 967 2796
1178 1807 1727 2497
628 3339 3967 3381
2328 1765 3521 2000
1946 855 3927 2751
572 224 1053 302
3665 1490 3744 2543
396 1506 869 3969
1059 443 3015 2458
1967 2851 2088 3586
971 2834 1995 3164
2544 2118 3569 3000
378 2850 3703 3420
2486 3496 3776 3502
59 17 962 826
364 580 1916 599
2985 305 3369 2826
152 1179 3603 2253
1979 994 2247 1761
422 2625 1572 3368
68 1460 1739 3103
1426 1712 1460 2920
699 1613 2323 1755
1796 2201 3369 2948
932 696 3165 3853
2681 1089 2689 3931
861 1989 1973 2813
2482 1182 3755 3811
2119 79 3237 1825
2445 205 3614 1081
370 1044 1614 3108
165 1093 2338 3045
819 1599 2019 2665
18 243 3208 1957
1228 2790 2245 3850
2816 2584 3612 2720
433 2822 2202 3094
3036 3736 3302 3890
47 1964 2074 3631
642 120 2032 1818
1568 550 1953 1050
1369 3113 3077 3443
1637 2278 3660 2371
456 936 508 1478
956 386 3256 3502
3507 1087 3803 3992
401 2611 1958 3413
1840 678 3787 1392
1979 1554 3853 2655
1695 165 2987 3196
1323 363 3034 3308
1843 1445 2694 2368
2853 977 3777 3351
1747 1444 3747 3631
1378 176 1408 2374
549 2234 1606 3730
1896 2245 3359 2624
1135 1258 2292 3144
109 349 2937 2610
388 740 877 3884
2544 1376 2671 2543
421 705 3487 1429
1923 1164 3081 2385
588 2560 1144 3482
1111 1529 3280 3490
2779 1807 3036 2858
1299 430 2332 684
2361 1132 3414 1747
866 101 1428 789
2189 292 3493 3264
2277 1681 2743 3428
723 920 1036 1028
1714 402 3820 1919
929 2729 2079 2961
846 981 1383 1564
1615 171 3609 505
2055 2264 2242 3509
2322 719 3051 2814
2815 1356 3025 2186
418 876 3160 1229
1479 1062 2628 3241
1530 2035 1852 3380
3251 289 3375 2320
1527 163 3459 1277
2288 1091 3831 3502
1849 1261 3960 2076
1249 57 3045 2572
3328 1844 3544 2861
162 2361 522 3230
2274 421 2306 883
558 3304 3349 3804
2140 1689 2569 2669
118 1309 2400 2383
2134 1951 2261 2327
729 1371 2156 3202
1749 272 1777 1955
1073 779 3704 3209
185 374 2524 443
3175 2735 3283 3536
183 926 1588 1384
2331 117 3644 1043
1455 396 3263 1443
1331 2468 3340 3648
216 787 2665 2232
811 1335 2626 3397
2777 2464 3180 3854
2136 952 2966 1378
569 2145 1036 2187
1692 535 2184 1474
756 1560 3823 1620
1586 2163 2428 3230
691 2437 2477 3544
141 330 1733 1294
2703 1940 4000 3051
3129 2594 4000 2925
792 493 2579 2049
474 84 989 3296
115 275 2989 1662
1502 1631 1709 2406
1125 1718 3575 1863
1743 2217 1831 3012
281 1287 3821 3705
862 2002 1249 3241
1132 2166 3740 3092
1265 2103 2645 2460
24 1790 3225 3872
531 2404 1878 3296
2583 253 2628 745
1674 1683 3939 2274
724 983 3330 3827
2916 205 3742 3657
1723 1086 3603 1687
1426 464 3854 840
2484 520 3872 2318
1250 2146 2596 3464
2167 2290 2785 3100
345 578 3527 3860
1377 1158 3582 1592
970 180 2395 1908
1880 2747 2443 3264
404 1788 2214 3870
592 210 3481 2324
1363 2143 3759 3952
2527 1999 2931 3034
3176 211 3232 3566
1295 227 1771 2101
1015 7 3003 2146
203 1715 1643 3921
651 100 2857 2535
338 573 1800 1754
2070 1851 2592 3497
759 2214 3245 2895
1942 1834 3849 3403
1409 1521 2862 1972
185 1722 3724 2983
789 1572 3869 2441
1550 1796 3509 2945
1403 2903 1582 3622
1570 495 2372 1016
2275 785 3090 2262
1973 1513 3407 3840
273 196 3398 2201
534 3062 2479 3256
657 306 904 3361
1172 46 1883 1007
254 2612 3461 3544
417 828 906 3386
439 147 2108 1464
2639 3813 3048 3839
2382 693 3324 1471
336 2437 3199 3051
1088 329 2173 2570
942 1408 1462 3673
1430 1300 3944 3902
1134 207 3758 1863
2485 606 3566 742
1737 2342 2182 3330
2237 3207 2603 3802
183 2563 1408 3340
1212 407 2105 1549
517 386 2312 3422
817 1337 3091 3533
550 920 1913 3732
834 1435 1139 3584
1616 2540 1818 2803
2189 2203 3135 3369
3149 2070 3666 3028
1455 933 3738 3094
1689 906 3878 2862
678 2213 2923 3625
2086 1232 2581 2441
718 2206 1910 3025
683 982 3364 1275
194 1411 3641 2445
593 1248 813 3297
2053 2326 3967 2968
484 2183 1457 3223
1011 753 1938 922
24 825 749 3752
173 1875 885 2810
1352 49 3131 2292
884 873 2412 1568
758 2189 3070 3463
1530 2693 1945 2820
920 564 2948 3446
1204 1083 2550 3552
819 499 1288 2912
309 1173 3547 2182
395 1640 2250 2460
937 3209 1930 3789
104 1230 2719 1547
2607 965 3693 1942
1655 1351 1773 2612
7 956 3047 975
1323 1450 3229 1746
3177 45 3665 2048
633 889 3806 3874
443 1550 3179 2038
2442 2088 3105 2482
936 218 3689 2345
1746 1807 3990 3507
1958 2302 3110 2359
1629 1856 1801 3392
3224 1013 3502 3799
1193 1473 2760 3842
1131 3732 3715 3971
1030 1225 2957 1555
275 2252 2093 2729
511 1703 1429 2109
727 1228 1908 2257
483 546 2771 2712
51 671 3835 2628
1670 1670 3778 3535
3318 1800 3410 2843
938 637 3601 787
240 905 3638 2400
395 1772 1948 3457
1087 1138 3580 3032
1527 3434 1885 3930
1661 273 3094 3840
1232 83 2607 2216
938 2537 1398 3002
2569 1126 2963 1608
198 142 871 3825
1603 1472 2846 2686
133 645 2619 1924
2083 264 3488 1917
294 162 593 1356
1226 1492 3739 2633
3413 819 3488 3997
1533 2603 1546 3034
1142 811 3633 1578
2091 1124 2444 2137
625 1413 1037 2970
491 1339 1560 2345
1046 397 1400 429
2156 3404 2358 3487
556 2915 995 3711
2668 1766 3692 3749
952 785 2081 1404
286 2218 3428 3180
1128 2446 3793 3348
584 135 3915 3595
158 1131 1984 1182
1321 721 2106 2160
1936 636 3453 1585
1441 2957 3961 2973
924 1038 2451 2147
1348 897 1873 1720
946 798 2773 1161
588 2240 1668 2343
171 406 2664 2184
2594 2046 3684 3981
2967 600 3823 1303
486 908 3440 3573
58 1939 2351 2166
2215 1261 3539 2801
2580 1836 3887 3921
687 40 3282 462
1821 886 2589 1255
1058 1920 3699 3455
3676 2073 3845 3118
309 77 2438 2496
1409 2451 3204 3837
1437 380 3111 3313
22 779 268 3627
3275 2389 3533 2416
3244 781 3939 3767
1000 2243 3434 2824
864 326 3727 2882
289 429 661 1380
3068 2727 3796 3586
763 321 3258 2897
390 757 1084 3880
565 117 3416 2370
3287 3168 3880 3190
3349 2208 3499 2488
886 2118 1795 3572
3244 1189 3475 1647
1253 1383 2470 2283
1468 982 2918 2102
753 3421 1342 3575
1740 812 2658 1025
3341 1982 3879 2896
1042 2576 1414 3617
1625 2289 3025 3953
3218 371 3791 2490
2582 2424 3138 2781
292 386 1829 2257
1766 1826 3087 2727
2806 4 2853 3989
1260 1669 1969 2653
687 1554 3352 3322
241 1007 1540 2347
3503 1717 3957 1965
1182 923 2434 2725
1372 1593 1789 2140
2655 2902 3234 3980
44 350 1130 3231
1489 773 3870 3835
1003 1684 3404 2592
2444 1097 3063 2565
381 466 501 586
1061 2569 1916 3080
1859 707 2886 2089
1248 634 1565 3049
849 1596 3892 2993
1237 1085 1384 1952
1771 1382 2999 1760
1840 448 2852 878
42 3871 1564 3878
3623 2542 3640 2634
420 108 3564 2191
557 3292 1957 3849
90 1827 1412 1933
1930 3279 3707 3728
379 1070 2775 2909
680 1514 2148 2288
249 2155 2954 2629
1237 3179 2393 3896
910 1490 1005 3413
185 2226 3039 3640
3227 1925 3951 2253
3115 1828 3746 3424
981 617 2396 3402
998 621 2838 771
532 875 3533 3819
400 1232 3397 1398
1522 3119 3216 3173
2255 1010 3931 2400
415 2698 2684 3007
474 2522 3019 2973
58 1589 3586 3350
574 1394 1999 1867
1987 2329 2953 2863
1978 2726 2460 3419
3950 74 3957 1745
1751 566 2422 2994
932 2566 1815 3072
1118 252 3759 3436
1864 618 2933 3358
1604 1147 2242 1740
274 2842 3947 3579
1276 1547 2345 3558
1854 699 2743 1318
857 2181 2128 3625
986 2005 2039 2984
2466 2706 3799 3788
407 305 1909 3449
3472 111 3609 2650
1310 2147 2868 3770
2921 2180 3106 2732
1194 2077 3611 3735
653 1683 2949 3681
2707 359 3526 3815
303 103 1453 2148
961 1898 1150 2725
630 3244 2238 3795
2022 420 2901 2816
1892 952 2105 1128
391 591 2772 1419
3384 489 3681 3323
2979 811 2994 1400
3796 486 3936 2695
2438 902 3707 1699
1223 527 3692 654
3119 2301 3188 2706
2378 871 2382 1775
1353 1732 1404 3049
1737 1040 2129 1810
985 447 1010 1881
1347 1967 2730 2280
1941 2585 2442 3518
1158 1463 3287 2298
277 950 1888 3484
1046 1750 1332 3586
1021 413 3351 733
3407 565 3644 3677
154 2883 3388 3909
1349 66 2089 3636
343 1806 929 2489
434 1922 3185 3409
50 246 3968 526
1215 1508 3989 2105
1706 1701 2143 2181
558 868 2553 3177
1700 446 3576 3626
1335 872 1616 2551
482 130 578 3681
727 989 1693 2574
598 1183 2624 2315
1724 2777 2796 3790
3905 1222 3920 1473
2870 383 2981 1854
29 2004 1794 2637
2004 254 3045 1347
3495 3335 3812 3811
1586 2348 1665 3170
51 222 2322 2223
2065 495 3572 1438
2609 1431 3685 1851
403 163 3907 1054
3101 1196 3753 2323
2636 423 2714 2170
813 2427 1355 2766
1931 2026 2075 3929
1244 2005 2291 3324
1003 162 3200 1309
3291 500 3685 2158
713 1987 966 2485
637 1615 3416 3772
532 2316 3903 3859
852 38 3265 2819
2544 2567 3024 2889
396 3212 1667 3598
308 169 3135 2982
1164 631 1553 2419
3315 90 3623 2307
775 1411 859 3858
1318 225 3215 473
1957 1269 3897 1767
385 142 748 152
985 114 2609 1968
1997 2132 2338 3001
1493 666 2353 3146
3484 1252 3554 2621
249 2080 2407 3279
1510 188 2994 1626
282 2358 1632 3323
1528 129 2757 774
873 3163 3606 3670
903 2339 1958 3742
1198 1907 3527 3026
468 1911 1132 3663
891 2145 2943 3566
354 607 573 3247
2592 2419 3042 2430
94 197 2340 1386
1157 23 3171 3725
999 1761 2700 3358
264 2141 1902 3259
514 618 2596 3128
421 2107 1715 2481
836 1189 2503 1844
1023 1285 2522 2721
655 268 3874 1648
1327 363 3198 784
2817 801 3617 1757
2325 2734 2686 3289
2509 2709 3747 3800
513 722 805 917
1510 1815 3505 2906
2086 1750 2960 3063
142 568 2800 1916
760 270 2764 931
533 2313 3212 3908
2367 315 2743 1283
477 2119 3902 3659
135 1728 2151 3128
2891 1229 3505 1628
971 1264 1425 3383
1316 2726 1674 3191
288 508 3240 2151
585 893 3393 3393
2511 330 3973 1763
1511 1428 3552 3613
463 679 1990 2363
682 194 1231 2615
3366 1346 3839 2242
1407 1951 3906 3097
926 1120 3098 1352
399 1504 3741 3896
1593 3352 3321 3506
336 2206 3500 2639
1946 1088 2360 2006
1710 631 2173 1315
2178 384 3197 970
2091 409 2840 3430
2719 263 3530 584
1022 985 3431 1912
2823 1202 2884 2313
2373 352 2397 389
1769 793 2098 1786
1014 515 3113 2452
1014 2613 3646 3984
1230 1388 1892 3524
1056 524 1957 3304
1943 540 1990 3236
52 1686 827 3190
1442 1886 3340 2696
1525 2050 2731 3103
1841 2800 3161 2923
173 474 3483 2682
1143 129 3485 220
2720 381 2956 1451
3255 1209 3879 2808
116 462 2926 1272
2863 568 3569 2527
1064 537 2708 1565
285 923 1711 1569
2952 1958 3660 3514
452 2579 486 3461
590 2681 1495 3249
1963 123 3107 402
835 613 1294 1722
646 2692 3570 2960
1580 3335 1678 3662
568 2646 2494 3176
2664 673 3637 3558
140 568 1479 867
77 1954 1671 2864
20 1122 3299 3676
96 662 3915 2332
1160 822 3041 2156
541 1304 3649 2817
1155 2736 3627 2979
2895 1042 3680 1984
345 2660 3539 3890
2206 1350 3461 1671
1611 3043 2833 3120
1497 3578 3668 3692
906 622 2949 2369
659 1239 3701 3653
1038 3181 3317 3662
561 896 2197 2890
1799 1421 2042 1438
1340 1024 3398 1870
46 2043 441 3858
1125 781 2530 1592
1052 1064 3232 3924
1220 1165 3629 2345
905 1432 1790 3990
1857 1448 3324 3564
734 3236 3918 3536
848 208 3751 883
663 604 3339 2956
1155 1811 2411 3778
1061 2016 3823 2363
168 1026 3819 1781
2693 520 3639 3201
1191 178 1923 2734
360 1369 3295 3914
353 541 1770 3425
795 1128 1779 2530
244 934 3615 2637
661 3384 2526 3987
3410 362 3999 1899
213 1037 3063 1806
2256 1392 2751 2797
63 1450 770 2676
204 2654 2615 3731
844 1634 3403 1896
631 2441 3420 3718
923 239 1857 3486
1868 3119 3180 3802
2755 1112 3422 1464
1431 1736 2633 3712
2029 989 2966 1769
2132 1303 2946 3818
125 1337 485 3939
1765 309 3551 395
887 1146 3818 3724
181 1080 2263 2360
1107 1182 2872 3802
18 1202 3753 2133
2386 680 3723 1141
960 2265 1513 2689
2483 2594 2491 3510
807 181 3391 2648
346 3175 3740 3607
2049 1269 3150 2078
2304 1260 3546 2049
1794 679 3415 2410
60 338 2644 369
209 2043 1123 3525
699 1013 1312 1313
1262 1271 3456 2618
696 696 1400 1581
158 1674 970 2602
526 1978 3513 3160
353 2708 1357 3047
1608 26 3005 3402
441 34 3484 1489
1334 60 3133 245
3504 2325 3917 2696
1236 1847 3170 3971
1682 907 3879 1363
1086 916 3564 1400
1558 1572 1685 2170
2786 3192 3450 3638
502 1387 1862 2096
2652 691 2731 2778
287 2940 3800 3606
1096 1492 3720 2369
3078 251 3992 1369
1720 750 2670 1555
1084 2391 3320 3503
528 157 1636 3665
1758 1348 3833 3078
2114 840 3258 1199
36 698 1742 3938
1353 834 3775 2936
1731 3003 3248 3435
3270 2907 3610 3502
1894 2104 2356 2391
3043 314 3392 2102
792 118 1924 805
717 1132 3698 2578
1186 5 3422 3544
531 2594 2481 2929
1803 791 3913 2889
3549 2423 3758 3295
1811 257 2669 3763
21 81 525 1101
2035 1679 3948 3947
1690 68 3650 1416
2030 208 2632 1038
1427 1008 2972 3534
1157 2446 1533 2824
912 856 3622 1239
1011 1590 2126 3659
1821 919 2172 3213
947 810 2496 1471
1517 972 2347 3304
2110 1090 2588 2473
2208 5 3931 1499
184 2646 2274 3710
824 569 2381 1873
262 911 394 2290
2136 908 2619 2505
2573 66 2919 3869
93 3081 772 3464
2264 2816 3562 3039
1098 467 3208 3302
2259 1539 3345 2078
1718 968 3436 3983
1886 254 2715 3236
1173 913 3493 2822
340 615 3447 1390
158 2626 3443 3698
2034 838 2620 2080
2720 180 3707 1681
3563 205 3817 442
1279 1998 1381 3143
787 1963 2424 3666
1136 3760 3865 3908
3248 149 3259 2145
1095 210 1567 1070
33 234 2322 482
256 3221 3500 3590
1794 2892 3402 3491
345 557 1845 1355
1682 1145 2560 1645
1329 3180 3388 3280
1406 1248 3334 3240
1159 913 2197 2689
476 1891 3302 2232
883 221 2996 2006
1784 2512 2302 2861
2627 3106 3677 3873
3305 470 3745 2660
869 1002 1803 3261
308 539 2297 761
218 2462 2510 3467
2635 2264 2828 2370
359 269 3083 2116
204 1865 2081 2145
2645 814 3845 1524
888 390 1738 3355
2253 1877 3079 3847
606 358 2454 2666
364 665 1419 3020
850 285 2217 3923
3096 2715 3696 3790
1063 710 3511 3784
869 436 1958 800
1944 762 2793 3273
941 57 2219 3059
2067 2424 3464 3951
3103 279 3351 1234
595 2675 3511 2704
2828 359 3381 952
975 2281 1919 2679
2923 979 3063 3367
177 1964 3309 3270
1509 2222 3720 2309
2460 646 3401 3972
1105 883 2663 3868
425 1927 1331 2600
2504 2537 3139 3096
1198 2486 3247 3034
2453 551 3866 1748
558 3099 2625 3566
1940 2264 3431 3650
1288 251 1727 1660
72 251 2888 1331
823 14 3343 3601
2874 2142 3329 2536
15 726 1155 1862
43 279 300 1074
678 703 2772 794
1750 222 2782 3954
1854 287 2621 754
2387 570 2460 1043
2612 2329 3054 3541
1538 361 3324 607
342 3131 748 3564
468 213 3213 2411
3503 310 3576 2468
1995 265 3877 2240
1567 1925 3639 2584
3097 2244 3501 2910
866 1898 1473 2597
1024 157 2334 1317
951 3193 1617 3884
1466 1314 3639 2167
2150 1760 2453 3374
732 1621 1857 2672
2092 718 2532 3342
2051 2942 2841 3295
2104 664 2410 3144
1869 1465 3841 1862
1670 297 2989 1837
1659 1014 2016 1668
1215 1193 3447 1239
499 2699 3892 2852
169 1022 560 1869
1092 861 1526 2036
760 469 1733 2692
442 1952 3054 2147
952 2512 977 3685
604 1964 623 3701
30 1394 431 2324
80 2183 965 2601
491 2443 3633 3067
1361 1320 2968 2392
2767 3229 3835 3710
1746 3053 3954 3960
1880 1325 2594 3112
1600 2954 1630 3346
1336 111 3479 2872
2608 635 2953 2255
1622 2280 2815 3111
657 762 2867 1258
2482 474 2509 2018
1884 7 2450 2658
209 1196 1953 3973
1810 885 3000 1136
280 999 2221 1794
168 204 1752 1145
989 583 3707 2723
557 547 1776 3939
2060 2504 3320 3700
1570 1208 3564 1832
1310 508 1438 1882
1569 1825 3321 3426
1270 2203 2013 2748
1089 1237 3894 2505
2746 1198 3030 3406
383 1920 3141 2592
1671 2582 3005 2844
12 198 2156 3030
864 631 1515 781
2077 1514 3430 2878
2073 143 2165 207
3040 1332 3565 3798
777 1085 2621 3378
237 1413 2207 2782
193 938 953 2778
2132 1155 3599 1625
160 676 3256 1738
3574 541 3859 3389
372 248 812 1586
946 1553 2278 3149
1213 5 3074 2010
1248 2336 2825 3801
2393 3444 3155 3597
1939 302 2036 3792
265 693 2739 3595
686 2504 844 2730
2415 2493 3825 3320
1757 2749 3552 3101
2095 173 2133 3115
724 1987 3605 3600
1455 1241 2297 3659
718 114 1350 2414
1173 1257 1274 1825
1223 3521 1432 3544
339 410 3638 1681
2005 328 3860 2041
1515 2797 2454 3161
202 2802 3750 3991
2603 1481 3088 3768
742 988 2335 3986
50 893 683 1559
2175 1615 3067 3529
225 2663 705 3455
1677 1232 3200 1671
2693 513 3275 1321
1105 2212 2120 3302
228 424 1136 1927
2063 1984 3953 3542
152 1297 3318 3300
533 3515 1071 3670
22 1873 958 3546
2454 2936 3445 3784
2422 1995 2762 2336
2163 1282 2450 3255
1082 1519 3625 2435
116 1541 1898 1671
1941 1366 3710 2872
3041 341 3625 2720
356 416 3130 750
1309 2105 1326 2329
1389 1063 2892 3434
2794 417 3122 2306
2164 2066 2794 3158
1320 1623 1705 3901
2122 69 2753 1528
2366 297 2971 3694
709 117 1703 2022
2479 2431 3263 2466
1101 924 2700 3911
946 318 3194 2812
1569 2875 2481 3096
1158 2636 2781 3127
2970 1729 3843 3819
270 3112 766 3778
3176 1682 3791 3066
305 2726 3794 3050
1864 1259 1998 3705
295 1957 2313 3922
883 2667 1581 3578
1695 1533 2250 1950
1063 200 1659 2848
912 1597 3218 3525
1375 1327 3523 1533
2049 2925 3011 3269
2897 3124 3074 3425
2337 1136 3232 3424
1311 1746 2278 3033
722 1555 2666 2831
1073 3073 2652 3768
1561 1506 2463 3452
3025 787 3582 2583
3578 2775 3778 3658
13 1132 2025 3951
3089 614 3606 2886
831 1003 1353 1638
3023 3132 3959 3610
417 627 1918 2499
1649 598 2685 1117
508 1195 1749 1860
1338 1779 2451 3076
547 634 2051 2623
1499 2248 3079 2547
1491 3009 2198 3553
822 2641 3968 3192
515 1363 728 1831
124 1522 2409 3381
3068 296 3576 1005
497 993 3571 3659
1777 733 3242 2570
1357 3141 3662 3402
754 3352 1146 3852
193 1007 572 3380
358 461 3088 514
711 3916 1667 3976
625 2914 3585 3876
931 2164 3510 3808
1351 729 3178 871
1012 181 1406 3351
396 560 2164 2534
1836 701 3570 1428
2330 5 3393 3061
38 399 3513 1798
95 619 2348 1192
983 1103 1758 1381
416 2363 3234 3046
164 798 3564 2662
2024 1447 2797 3511
599 3567 1696 3868
719 325 1839 3971
40 490 239 2096
1857 73 2020 2710
2454 319 3042 3605
41 1214 3657 3808
3342 2102 3680 3205
318 441 3755 3911
2048 1456 3186 2699
784 1539 2585 2909
430 1803 718 3800
468 2253 2404 3739
1741 1097 3910 3559
1109 209 1389 2399
2472 759 2501 2981
616 2756 2394 3330
434 22 916 2931
246 229 3092 1126
1510 554 2744 756
890 2789 3543 3334
484 1967 2135 3688
3375 1840 3637 2621
254 1051 2766 1461
692 1032 3836 3356
286 503 350 761
1534 107 3559 3324
312 2390 2818 2477
2054 2257 3521 3486
51 208 2956 2531
1560 521 3035 2773
1871 738 2751 3113
1383 2122 2888 2150
998 2795 2120 2958
617 156 3708 2505
3367 2688 3626 3951
1069 181 1867 2535
174 396 3445 1577
805 78 2293 500
146 2177 3260 3548
33 536 3887 2899
336 1989 1298 3104
449 23 3708 1981
1935 1264 3435 3819
2480 1435 3879 3201
1239 70 2771 1324
1723 1999 3002 3853
1028 1276 2136 1586
2216 206 3448 1922
174 1865 1445 3390
1350 3513 2623 3516
3547 1243 3792 1656
2505 53 3300 2833
1297 3874 2929 3886
1526 998 3494 2558
571 2359 3673 2937
2273 278 3582 518
1457 3751 2136 3794
5 1588 2829 2344
50 2647 3278 2746
1017 415 3048 2224
491 575 657 3681
1251 939 3150 3253
784 1678 1838 2601
378 725 2871 2070
845 552 3881 3656
2129 1968 3391 3428
616 1663 2065 1789
487 2841 2492 3554
2640 527 3821 1814
2411 3588 3056 3858
1624 74 2749 3793
1462 1425 2258 3776
110 354 158 3899
594 2542 2555 3901
771 132 1005 2123
255 949 1348 3133
1704 235 3198 3057
1811 2600 2316 3556
824 494 2107 3513
1178 385 2630 1525
1264 1156 2205 1550
866 1906 2941 1910
982 1785 3581 2082
476 2088 1034 2723
1585 2749 2253 3117
4 3381 1128 3806
2536 1506 2651 2679
1269 2555 3092 3448
1784 621 3532 3954
850 1841 1765 2003
2320 2028 2886 2935
2611 357 3968 1331
713 1528 2033 3722
653 2580 2981 3342
1103 460 2653 3066
582 968 2426 3103
1166 706 3467 3613
294 1044 1450 2098
1945 3308 2403 3348
1745 2125 2623 3915
434 1892 2011 1982
1201 2947 2421 2974
29 1677 1498 1992
784 1124 2231 1649
2245 1136 2369 1556
290 200 483 469
3141 2176 3925 2545
1635 159 3072 2114
929 1971 3964 3162
693 1118 3555 1183
3359 1582 3823 2284
2742 1764 3762 2514
732 394 871 2709
1205 999 1365 1691
793 2741 2173 2927
223 3660 2237 3841
110 839 318 888
340 2845 3769 3415
2233 1462 3856 3864
863 601 3181 2184
436 2030 2423 2755
628 1403 929 3976
2306 2255 2312 2582
811 301 3542 1435
1375 605 3358 2931
2500 290 2705 3797
1169 1763 3973 3229
9 1778 864 2746
1378 22 2458 2997
501 3456 2713 3985
1200 2094 3975 2773
2088 2316 2264 3144
1298 1109 2641 2915
606 2668 1259 3981
64 3883 2408 3955
327 2047 447 3561
2074 29 3302 178
114 41 1216 1705
2494 2747 3735 3556
459 1322 3207 3215
590 1994 2100 2105
718 666 2516 2812
585 311 2175 1798
1545 493 3051 2620
2737 873 3437 3657
179 2105 3623 2669
1935 1573 3189 3976
1915 725 2343 2529
126 1896 1413 3539
981 1918 1695 3982
1648 27 1726 3966
22 301 3334 2575
2607 3884 3704 3956
123 79 3840 2215
1159 538 2734 971
301 818 3732 1633
1 3496 2508 3987
109 3465 2553 3588
611 344 2598 3571
975 617 1056 660
524 56 1544 1565
1789 810 2780 1150
1814 828 2322 3217
689 1153 3571 1450
2115 1381 3671 1507
59 194 502 1999
587 366 2291 2784
777 287 2741 1384
732 1457 3842 2123
555 1257 3174 1602
966 2334 2034 2939
1105 1666 3953 2332
1919 1692 3851 2868
78 1046 3650 2091
2290 881 3045 1067
180 1749 2393 3512
181 2426 2120 3139
769 3510 3922 3820
2304 1229 2754 2395
1326 422 3334 1534
711 386 3709 1088
1532 123 1720 2347
108 281 3845 601
898 923 2713 1590
2708 1985 2910 3295
999 1668 3171 3132
1271 2452 2643 3041
627 1623 1289 3331
509 575 3565 3420
112 1099 3832 3931
369 2681 1129 3374
83 2513 2004 2665
398 1937 3926 3452
629 499 3204 2628
748 1782 3200 2834
1895 1680 2166 3330
2028 386 3081 2166
456 870 2921 2393
1483 995 3141 3196
2436 2239 3019 2243
1248 79 2213 2548
2030 949 3885 2866
1609 2494 1653 3377
588 989 2382 3270
1604 206 3690 456
1354 149 3286 3581
2602 2760 2882 2834
414 3549 3500 3600
2735 2644 2791 3931
1208 2528 2113 3359
2752 623 3054 2303
2881 1566 3124 3557
3059 431 3971 2476
2111 3174 2431 3643
2177 1314 3405 2081
309 335 3154 397
1300 638 2323 833
2268 47 3389 1279
3273 1566 3922 2131
522 2071 1086 2780
499 1413 1164 3329
1468 2083 3187 2516
3051 487 3237 1560
234 1178 3385 2652
1110 672 3770 1048
63 1999 1304 3790
3319 1353 4000 1593
673 514 3142 3834
357 1988 3701 3999
3102 3467 3512 3780
1775 186 3264 2704
2218 1156 3213 2008
1147 2127 3673 3652
1488 924 3663 3156
392 6 3189 1211
66 1239 1763 2025
3321 80 3507 2208
1631 157 3876 831
1603 2300 2997 3173
1074 392 3276 2468
2998 2036 3129 2972
773 1140 3285 3807
3181 3822 3395 3999
532 346 3997 580
2338 2212 2492 2368
2935 3505 3150 3861
429 2799 2041 2816
1275 674 1495 1157
1051 293 2882 3854
3732 926 3964 3181
286 2523 2081 3812
2494 3023 3652 3483
1794 2895 3494 3827
399 189 1515 3718
3569 1489 3761 3102
1274 1639 2743 3326
115 1675 3857 2334
1413 1098 3494 2662
1469 2514 2862 3491
2683 110 2724 932
2871 326 3100 2688
3052 1433 3710 2529
1119 148 1580 2502
1570 1534 1908 2140
85 541 1051 1123
1454 2625 2685 3050
1028 1810 3785 3783
797 74 3416 3789
1480 260 2471 719
221 3209 3994 3373
94 1227 467 2445
1202 895 3043 2208
861 872 2516 1878
232 1610 3159 3063
547 384 2126 2348
3907 937 3932 1682
2985 508 3406 3928
2034 661 3730 3883
3306 329 3744 603
1575 495 3435 2441
1111 926 3318 1372
2611 131 3804 2199
1689 625 3838 3294
3830 1659 3935 3862
1440 2443 3529 3916
249 1372 662 2644
1972 3274 3778 3470
1201 1489 3202 1605
1407 1892 3991 2789
1631 545 1878 1951
1262 1740 3939 3202
1346 778 3663 3314
137 1433 3405 2286
2063 30 2751 983
204 502 438 1813
768 1480 2134 3304
2156 1777 2496 3148
1754 1471 1825 1899
1049 590 1149 1880
3343 1362 3475 2081
1082 1405 2099 2303
1162 837 1751 3211
2456 2376 2520 2939
1424 3268 2539 3392
3431 1908 3931 2131
1574 1890 3985 2284
43 860 2021 3737
2846 737 3792 1131
928 909 3275 2895
289 2382 681 3449
1707 3352 3364 3613
3160 694 3450 2196
89 365 2412 2536
1221 2274 3739 3178
2478 1141 3588 2156
1933 1098 2412 2254
666 1609 2682 3562
1843 737 2587 2400
1120 251 1815 1376
3322 551 3605 3821
2114 2469 2188 2958
886 492 3954 3391
629 2136 2089 2440
2780 534 2939 2416
343 2167 2244 3880
1782 402 3688 3189
1251 1991 3576 2805
3251 1613 3725 3026
983 618 3569 2548
859 2501 2516 3167
2075 3124 3417 3372
2170 641 2745 1396
3206 506 3524 2963
704 417 1324 2095
429 1564 3625 3415
935 241 1478 3499
61 1852 2510 1993
695 546 1594 3826
1365 1222 3056 3290
489 2244 1067 2515
114 3134 3971 3976
1592 532 3235 2424
182 1621 1809 3479
1406 2982 3983 3836
826 226 2180 2851
2580 381 3786 3601
1131 1219 3974 3046
1287 118 3995 737
2514 1659 2542 3127
919 939 2456 2847
2068 2144 3462 2706
970 1774 2020 1931
794 42 3193 3850
2456 1275 3446 2941
2459 854 3056 1176
536 1711 3304 1788
3768 986 3771 3855
1905 1950 2160 2372
820 555 1136 1835
2874 1316 3669 2921
1071 582 1154 3411
2199 698 2844 2511
269 817 2090 2996
2871 1006 3634 1612
3771 18 3884 40
2420 2272 3439 2675
281 938 3272 1661
2686 70 3424 95
1889 1933 2659 3904
1271 1696 3857 1923
782 1373 3172 3128
1399 2763 3168 3042
210 2663 1368 2963
2265 2826 2673 2915
912 2031 2716 3396
347 201 1758 2183
846 2498 2754 3112
462 1878 1649 2196
336 3032 1977 3265
134 3456 319 3901
1064 2550 3672 3968
768 672 2862 3503
1078 620 2606 2001
2515 2822 2645 3394
3356 125 3678 821
747 2966 3458 3378
2748 928 3271 1375
732 678 2939 725
447 1366 3968 3038
579 909 2928 2268
3341 426 3601 1315
174 1133 1163 1482
82 1051 1955 3475
2605 412 3863 974
108 1530 3275 2844
216 56 2579 2519
437 1136 1947 1336
659 998 2176 3348
303 2349 3595 2470
1871 829 2635 2443
2734 22 3682 1532
3230 1947 3966 2343
76 2012 1648 3672
2289 97 3227 2098
184 981 3469 3070
2471 1545 3260 2091
991 1528 3963 3663
769 1324 1681 3938
2152 1012 2230 1910
3179 3644 3294 3963
292 2739 1003 3842
700 1005 828 2213
86 1469 1904 3682
631 1811 2714 2857
1594 2190 3406 2636
3453 1809 3868 3913
1709 1982 3335 3098
323 908 3794 3364
2817 1286 3230 2320
1710 61 3992 1603
1496 1113 1667 3355
208 1857 1737 3185
1964 1048 3573 3256
2129 64 2223 704
747 1607 1818 3855
889 1150 1601 3969
582 1768 734 2910
1193 502 1417 682
1097 1357 3909 3503
3330 622 3712 1606
1049 2690 2824 3791
2561 171 3404 2611
618 1415 1701 3530
329 2145 3069 3289
3046 2053 3048 3895
746 2596 1902 3269
2771 978 3841 2590
3684 535 3884 1103
1833 1538 3613 3790
310 502 2603 1727
239 356 3259 1570
1194 266 1528 466
2025 1907 2873 2054
340 1570 2190 1782
616 171 1594 2787
277 2599 819 3790
95 2526 1748 2958
1941 183 3890 3497
327 695 2814 3960
1773 691 2442 2577
2735 451 2738 1219
600 413 2660 623
222 1048 1712 1105
597 936 2059 2671
876 846 1624 1530
2820 231 3679 1375
2361 1110 2904 1721
3571 260 3694 3675
1449 3098 3015 3575
514 1450 2163 3906
2475 504 2861 2448
708 2401 2891 3404
378 1004 2894 3643
3279 2594 3637 3374
2531 2229 2857 2775
1512 3375 3898 3963
741 1013 1649 2360
244 1575 3595 1813
2982 824 3204 2073
35 577 564 3727
789 2610 3085 2959
60 710 3042 2522
753 2041 1256 2464
3069 526 3462 3351
1191 1855 3328 3985
533 309 2390 1329
98 3427 1394 3597
2858 396 3419 3025
1225 800 3629 2439
2326 1649 3127 2741
1715 1228 1761 1418
690 944 1199 3571
2038 826 2417 2058
1333 1250 3806 2305
643 1423 2660 3580
153 2726 2241 3816
1357 998 3052 3388
3673 3073 3898 3937
873 501 2317 3805
1466 2827 1899 3992
3500 1664 3838 3272
526 2003 1647 3292
1095 658 1253 2543
726 2200 1732 3847
1516 1916 1639 3676
78 722 3578 3775
1438 2567 1848 3225
768 861 2275 3364
3236 1115 3603 2796
752 2077 3040 3601
505 1017 2928 1573
1635 1011 2403 2793
1979 623 2824 957
2185 559 3738 2558
321 2379 2632 3060
604 953 3377 3566
1410 173 3380 2397
228 1356 3109 3631
409 2406 881 3828
2091 178 2677 1534
824 2034 1776 2269
492 2359 3118 3437
135 1002 490 3679
1147 572 1874 3048
591 755 1312 3945
2799 984 3018 1624
1867 1209 2099 2780
831 1093 2086 1115
2664 904 2688 972
1797 72 1880 1536
88 988 3926 2285
2835 889 2869 2207
1464 231 1991 3172
1791 861 2645 2726
1928 39 2478 3781
1126 2041 3815 3822
1086 1842 2038 1924
42 1198 446 3054
859 2320 3391 3505
1144 1137 2764 1401
2333 10 3188 1634
1049 1382 2720 3714
508 1029 3998 3313
2830 968 3872 2207
852 383 1960 522
1730 1075 1946 1867
515 555 3441 1421
48 2396 150 2966
1684 2181 2607 3371
317 306 2034 2148
3265 579 3400 800
1186 1620 1532 1728
111 2735 220 2936
1268 597 1513 627
74 1023 3969 3380
3554 1200 3600 1263
679 1021 3920 1626
495 3630 895 3690
454 915 1984 2496
1802 2370 2218 2451
2815 630 3697 3400
2231 1961 2662 3606
1050 1111 3051 3745
1257 163 3600 2424
1212 1206 3968 1231
174 1571 324 2200
1062 1897 3570 3337
1082 3068 3028 3245
1039 71 2507 3795
3904 1170 3912 3241
1748 77 3848 631
1102 161 1807 3770
381 410 968 2046
2063 290 3656 2475
721 1056 3257 1371
877 142 2988 3271
1668 799 2448 3932
774 1343 2991 2884
457 1874 2900 3724
2962 1013 3889 1329
2042 377 3254 2710
689 1381 2122 3573
341 39 876 1320
239 800 3922 1348
531 1305 3210 1771
1026 1693 2799 2107
1472 2458 3102 3591
1483 2059 2320 3619
2039 1656 3691 1991
49 292 2659 1066
903 1086 1483 2548
256 1599 3072 3990
1525 1981 3426 3081
1472 1350 3704 2098
2382 1542 3973 3877
436 3448 2108 3993
1990 849 2127 1224
1604 630 2655 3493
109 1458 244 1590
331 1804 3301 3741
1270 308 2059 1046
294 1705 2908 3237
1440 1115 2386 1753
3256 1246 3702 1471
1440 3074 1877 3208
173 2540 1829 2930
1785 571 2217 2094
1429 68 2037 2029
2656 161 3875 2978
145 1 1216 3761
692 364 702 2973
906 465 3395 3026
1361 278 2556 1931
748 3417 3698 3913
1232 860 1868 3561
3383 2404 3499 2617
1152 823 3737 2540
1853 2600 3367 3286
2258 607 3364 2134
780 252 3462 344
2083 1692 2119 2230
2303 99 3194 291
337 1166 3143 3982
1848 1599 3818 3672
379 1843 1740 3999
379 26 1396 1045
1823 1925 2712 2643
701 5 1137 2901
619 2620 2225 3688
626 231 3314 647
3008 61 3205 2263
1052 3041 2186 3162
343 523 706 971
1142 1974 2757 3665
157 998 2246 2911
576 2658 1989 3412
2689 1976 3776 3115
94 2397 2612 2541
1205 1284 3737 3643
882 583 3197 2554
1340 941 2045 1077
425 497 2621 3403
824 1388 2494 3562
1609 2154 1848 3986
276 2582 1253 3817
3561 1246 3935 2277
1605 1608 2108 2535
1518 1413 2026 2284
1199 1412 1852 3002
160 1241 989 3491
533 1092 1368 1817
1326 1516 1359 3101
659 1777 1114 3911
2303 1286 2998 3368
1392 366 3233 3822
594 3017 3499 3365
1397 1458 2444 1591
1477 1215 1845 1779
1196 2757 2694 3908
398 352 2970 1564
2964 1588 3852 2614
3675 81 3739 1360
2182 115 2872 2550
780 3453 3840 3678
1316 2346 2570 2370
1109 2114 1490 3170
2069 2313 2739 3669
2694 1027 2836 2846
830 2617 3712 3301
603 2311 2694 3983
1328 263 1831 1806
591 1073 718 3607
2341 2767 2346 2960
1180 2350 2547 2453
1333 52 3335 3838
1462 1338 3918 2953
1455 408 2701 1885
142 3220 307 3315
1397 1397 3049 1850
1847 299 1882 2114
24 974 1806 3341
1600 2602 2710 2936
1972 595 2477 801
1171 1423 3019 3710
1461 197 2499 916
1244 431 1934 2146
1734 1166 2605 1739
130 172 295 3025
2794 1382 2923 2718
1188 2346 2182 3374
190 727 2584 2650
2509 1722 2713 3508
2116 374 2216 3047
1249 2634 3375 3110
761 163 3847 3639
2250 2146 3047 2546
2266 2448 2426 3906
381 601 2528 3706
2058 647 2497 3775
2217 1094 3657 3333
1955 40 3329 3506
1072 892 1749 3491
2914 1471 3476 2771
780 1509 1352 3429
2930 745 3808 2911
3727 2192 3979 3123
1342 1615 2948 1816
1134 610 2058 1972
1771 937 3845 1589
1243 2047 1667 3834
233 835 2822 1816
209 529 1744 1828
943 1777 2497 2412
1215 1625 3696 3866
1059 115 1330 2451
1564 1564 2799 3697
1084 61 1645 2634
2364 2150 3736 2918
41 642 3210 1907
57 804 123 3214
1895 94 2279 3871
724 2453 3674 3585
3166 3561 3571 3574
1871 1519 3142 2665
1545 1160 3032 3932
408 902 3466 2704
2131 1463 3045 3055
3368 2923 3718 3568
2238 2718 2621 2865
204 1473 2110 2621
2306 2407 2615 3669
1372 439 2587 2200
14 326 215 3594
1795 1418 3644 2151
934 2314 1929 3216
2259 3549 2798 3702
2136 3010 3005 3376
238 160 3991 183
3593 487 3844 3846
3137 465 3211 3816
1306 251 2816 791
513 680 1909 1180
1723 183 3333 2310
810 2142 3553 3472
1938 2037 3700 3250
1144 117 1845 202
84 1544 3937 2001
1315 16 1493 1902
1879 2688 3446 3409
904 2218 2984 3788
989 1293 3078 2066
445 1474 3915 2974
1750 2023 3552 2440
1094 63 2800 706
3839 3072 3940 3163
1149 994 3377 3934
755 738 1644 3255
259 95 1266 1842
2846 507 3517 2250
1076 1915 3820 2345
412 65 1792 160
1291 2746 1310 3390
2754 1923 3843 3232
404 1730 1265 1904
661 887 3629 1758
179 1889 298 2391
2012 1023 2241 3615
199 831 797 3479
525 1604 2977 2586
1715 2759 2305 3496
2094 1727 2792 1861
190 782 3717 2760
2837 915 3415 3775
14 535 978 3064
1842 1942 3187 3966
2728 1137 3838 1688
1243 3214 2971 3380
1014 2154 2222 2326
203 2116 809 3666
1974 544 2042 3003
1165 1257 1980 2363
2146 1395 3848 2845
1722 374 3912 623
498 2744 886 3627
3414 70 3565 370
2455 846 2579 2827
161 3170 1771 3532
979 1474 3446 2286
342 2030 2513 3282
1362 15 2367 1907
2012 3038 2646 3088
1889 2781 1962 3519
1451 1268 3973 3653
2155 3528 2343 3726
427 569 1254 2213
617 3309 1991 3771
393 898 2193 1606
679 1364 1206 1515
285 2096 2701 3011
1633 1855 1772 3322
1267 3193 3588 3571
952 2081 2613 2848
2440 781 3322 908
633 939 3598 2065
1446 3381 3255 3903
3215 289 3910 2472
364 2299 2908 3163
2401 1096 2586 1589
3530 906 3817 2335
126 2840 802 3127
1175 1719 1579 2834
21 3554 266 3969
2744 2950 2774 3224
305 2787 1172 3132
2362 994 2708 2145
1539 1670 2082 2960
15 456 1619 3932
2901 1979 3621 2223
3176 3084 3347 3587
1786 1470 3685 3642
933 1458 1506 2501
2760 1920 3328 2640
2092 1690 2144 3018
594 461 3591 1271
1209 673 1403 2931
2353 3305 2409 3557
2346 2096 3006 2621
2415 1218 2573 2600
1289 2307 1433 2374
183 3224 1014 3683
2336 1270 3570 3120
3321 3729 3473 3942
1557 399 2793 3918
901 228 1569 1529
1442 1572 3532 2125
3342 41 3648 3258
2229 211 3755 2764
1584 1138 2700 2511
878 1229 3666 3658
1643 3341 3739 3673
1796 2464 3512 3944
1264 558 3493 3497
2385 1395 2958 3854
3057 250 3474 2592
3115 1109 3905 1644
1812 2791 2409 2892
359 1498 1624 2367
2609 3380 3370 3515
1622 39 1731 628
2731 1360 3651 3445
813 644 1230 1608
2356 955 3820 3692
1571 1734 1664 2562
1838 91 2228 3906
600 119 1050 3303
144 1188 3338 2760
2584 1466 3820 2084
2070 2760 3143 3513
1961 371 3676 795
620 1476 2010 2261
1698 332 3430 3755
1799 1406 3593 2689
3197 2196 3700 3632
967 565 3383 2196
1482 963 3741 1010
63 3159 1036 3337
1435 2075 3601 2380
1994 415 2552 1133
805 222 1720 2512
2541 2252 3953 2921
1012 603 3108 2094
540 499 1487 3672
1534 2405 3082 2810
2201 335 2407 3166
662 672 1505 1079
467 791 3338 2799
1383 1678 1873 3539
3114 1499 3743 3029
398 2118 1365 3370
1792 628 2963 1722
1969 561 3227 2679
362 1725 2196 3616
46 205 811 3582
2558 3092 3019 3578
2057 510 2792 1417
594 745 1575 2460
1120 3224 2563 3947
868 3158 2628 3672
754 3455 2556 3516
1129 878 2871 2630
1292 1995 1942 2567
3187 3248 3951 3885
2116 294 3984 788
740 408 2088 817
1140 1219 3596 3045
2268 1698 2376 3598
379 3348 2497 3992
301 2647 2756 2837
84 3832 2685 3863
391 1344 873 1535
283 3542 3436 3753
2538 950 3009 2111
1797 1699 2415 2649
196 1893 2332 3874
619 1452 1470 3334
191 1931 651 2411
1024 3706 2023 3809
2600 2689 3722 3572
2174 2315 3088 3488
1631 1666 2393 2307
2158 2046 2349 2987
608 30 3771 989
2114 1169 2297 1767
33 1501 2560 3726
2014 2004 3732 2898
326 437 2129 3102
2207 2935 2256 3043
1265 2420 3293 2979
2052 2333 3951 3865
1566 3063 3848 3614
1727 1860 2704 2851
146 2473 2859 3498
2192 421 3290 2023
431 2854 1683 3911
1715 1933 2203 2103
196 941 2308 3302
108 3681 3875 3684
866 77 2271 3561
118 1277 1554 3565
2022 869 2686 1060
3391 1666 3781 3987
208 1049 3087 1842
1462 725 1983 3102
3190 211 3947 3555
1584 1226 3471 1671
1512 1596 2368 1870
1004 674 3874 2469
823 338 2028 2868
558 1234 1576 1603
1188 1553 1955 3052
467 480 3353 2937
48 3768 1065 3853
553 1106 2356 2120
75 1721 3686 3762
450 616 1118 2618
2173 859 3287 1876
1277 1564 1375 2436
176 2130 1757 3342
3364 1895 3715 2155
641 58 1005 855
257 2871 1473 3151
1169 735 2150 1030
616 3519 3870 3832
2845 105 2925 2881
151 3255 3071 3921
606 2882 1927 3023
1687 1871 3281 3436
1565 156 1891 2053
277 1105 2317 1630
2371 1588 2786 2019
3334 118 3606 445
1153 3419 3869 3594
1387 507 2800 1554
1132 259 3323 3478
885 297 3665 2679
363 902 1112 1359
3209 1329 3997 1444
1971 1533 3085 2645
1396 343 3314 498
2178 2963 3036 3076
1492 1076 3184 2677
300 1378 3156 2702
1583 588 3166 3294
2098 559 2608 3214
841 1445 2704 3385
1133 1233 2824 2566
1475 2065 2528 2068
579 211 3636 868
120 774 2369 1242
2357 464 2716 3277
549 400 3876 930
1957 1437 3575 3033
44 1563 2429 3164
2027 1251 2794 2056
1655 598 3005 2717
3455 881 3748 2165
489 312 724 1414
177 718 1276 1289
1141 1347 2386 1699
2323 1855 2902 2785
1513 3009 2458 3796
1328 179 3954 2540
129 370 1254 2234
385 686 1434 3381
508 94 2570 1189
2117 129 2298 3927
1612 451 1847 3198
2619 1891 3068 2044
631 1137 2204 1684
3489 182 3690 2235
1072 1225 1842 2475
298 569 3234 3749
2804 537 3283 1789
1553 663 1941 1902
629 1924 3846 2725
2889 408 3515 2724
1370 1760 3197 2534
2811 783 3281 2397
811 1584 2573 2295
2891 1647 3575 2469
1692 321 3105 2358
854 1970 1293 3678
971 18 2374 2371
3103 436 3959 2273
1479 502 2418 1909
1643 412 2154 2887
217 1337 1796 3900
1518 604 3732 1846
1999 458 3708 3398
190 1989 565 3666
635 464 3323 887
2051 1078 3640 2693
377 1093 1191 3475
541 2671 2209 3300
1661 380 2122 3214
2456 792 3427 3971
2742 86 3050 358
237 412 2600 1523
505 1846 728 3542
999 217 2375 604
2000 4 3197 2703
239 442 3130 1410
1771 324 3665 2113
99 752 3922 1023
358 3787 1802 3827
2241 3223 2601 3622
501 868 1407 3429
1525 1343 2893 2445
3461 1870 3574 2782
150 933 165 3121
572 1521 3769 1646
2549 397 2847 2433
3551 18 3969 3032
2305 713 2330 2324
3631 2265 3818 3600
899 162 1065 162
1668 278 2090 1973
2501 1261 3962 2997
814 82 1881 1396
298 1790 2457 3773
45 1832 3070 3463
616 720 3003 1446
2588 328 3279 2310
3426 1579 3581 2391
530 1450 3976 2303
139 62 2912 3942
756 1468 1054 1732
2767 2528 2934 3694
314 212 2165 592
883 2525 3082 3974
2034 334 3444 1804
130 1869 2836 3746
867 458 1292 1248
2509 1018 2993 3678
1051 907 2829 2484
520 886 1497 1129
3239 82 3480 656
698 1710 3731 3698
933 284 1933 690
721 2177 1304 2470
2307 472 2851 3519
259 29 1277 3844
787 1679 2250 3166
1389 610 2795 2229
242 1963 2983 3316
170 97 3073 3668
411 420 2328 1488
2135 238 2888 1113
16 54 3621 984
1170 35 1404 1183
3231 682 3905 2696
73 977 3188 3009
941 369 3835 1213
1183 82 3108 2931
869 966 3087 2734
2943 2612 3287 3048
1503 608 2824 1084
716 301 2923 2996
1286 628 2539 3437
300 1252 3820 3825
1020 2562 2000 3270
98 1037 1973 1071
573 126 2591 619
1012 1219 3688 3737
1748 1335 2617 2482
2054 438 3619 2809
2660 2330 3950 3507
3004 719 3148 1505
1877 17 3145 3773
2954 1134 3033 1421
185 71 3796 3735
1792 285 2128 1724
925 2507 2049 3839
1153 89 2419 999
2084 171 3407 1922
2206 676 3630 1678
3482 815 3835 1672
537 350 3581 2266
61 633 3055 3768
987 87 1829 2395
632 1790 3834 2371
1585 3157 2210 3197
887 46 3502 1797
502 598 3514 793
413 3130 3732 3739
319 1970 928 2852
325 1060 1648 3475
345 2219 1986 3049
193 2657 570 3192
210 645 3211 3936
196 1329 2821 2122
438 1747 2584 2158
52 232 2145 3983
1289 844 3902 2134
908 198 2380 614
421 244 3252 3929
508 852 3670 2767
3357 3344 3369 3983
677 1676 1247 3970
307 1618 1999 2807
3166 2470 3283 3417
16 345 3383 1610
337 19 2860 1070
219 1277 2307 1303
510 316 3208 3460
976 2518 2635 3460
1741 468 2327 3509
3429 2419 3554 2436
89 379 2482 1902
3656 2654 3908 3148
2403 843 2729 1498
1057 569 1259 1030
1322 1004 2111 3047
1425 3651 3614 3808
171 1218 1195 1807
631 1862 2477 3583
1737 2133 2759 2421
793 2126 1037 3224
3100 1636 3461 2778
772 2949 2842 3390
3091 1001 3721 1241
2777 347 3717 960
1856 2840 3550 3770
2163 1048 3091 1324
646 1015 3855 3243
137 1415 1184 2208
1983 2875 2902 3136
1186 265 2810 2400
1583 584 2860 3309
2071 783 2321 1665
1452 3768 3347 3906
877 470 1146 2093
2019 3121 3634 3578
1091 1196 1660 2016
2598 3893 2915 3972
1756 23 2544 423
3021 2812 3647 3163
3051 201 3168 1942
395 680 2107 1482
1503 992 1787 1773
735 392 3357 630
2144 2115 2405 2417
1389 1423 1913 2365
1767 198 2119 1351
368 1507 1557 3625
1162 2655 3988 2938
3001 757 3432 2529
955 2666 2855 3299
1280 675 2063 3356
2316 1670 2630 2594
1907 774 3538 1477
1195 1285 3525 1734
35 1081 1406 2222
1603 1048 3760 2313
1500 16 1920 37
1143 1601 2097 2548
1083 1903 1844 2700
2657 1155 2952 2884
1137 1273 3815 3491
1973 2196 2858 3628
1643 171 3818 260
2632 3159 2825 3973
1544 192 2809 1181
2887 1975 2906 3029
581 2470 2277 3298
1283 185 3125 3263
2059 450 2383 3914
2477 926 3582 2285
2501 3153 3470 3734
1178 857 2315 3308
654 466 3740 3787
1056 908 1372 2151
1856 783 2260 901
1084 320 3747 2219
180 971 2140 3805
1 1020 2369 1612
2736 23 3853 1404
196 3316 2571 3590
26 1218 3925 3987
581 2354 1538 3443
3690 604 3782 2512
660 57 1538 1999
32 1653 2139 3235
1686 3511 3895 3897
1357 640 3660 750
3100 1470 3267 3418
3073 3368 3869 3658
43 1638 543 2379
1167 994 1763 3100
2734 173 3447 786
1227 2179 1991 3131
525 1726 3977 3528
1314 510 3168 2484
1439 719 1727 2803
757 2144 2678 2690
1286 1759 3109 3312
377 443 1497 3204
2753 2166 3498 2649
991 3067 1511 3887
1105 2730 1149 3814
1002 1268 1812 1877
1525 9 2604 2182
1184 200 2444 894
326 1570 1890 2745
9 730 1145 2812
255 1832 3820 3381
2571 3574 3222 3881
2666 2205 2773 3132
2056 108 2208 2712
2331 2131 3926 3845
72 430 1515 982
831 1246 3786 2669
1 858 215 3860
3205 2318 3508 3189
2397 3034 2705 3238
2129 3653 3344 3847
2923 300 3677 510
128 1270 1346 1617
1618 12 3744 1327
500 2182 1093 2435
172 2785 2283 3550
335 645 1150 2493
1233 1011 1235 3825
2304 2185 3047 3893
397 2224 3953 3504
3423 463 3792 2826
2819 579 3588 1569
596 2072 967 3336
398 782 3488 3792
1871 879 3103 944
1072 307 2984 2233
2065 800 2556 2767
1154 672 2129 3199
1358 1388 3195 2440
2020 2779 2750 3096
1262 1546 3542 2313
1726 758 2368 1009
812 2452 3685 3223
2216 651 2902 2714
672 314 2235 1019
3015 440 3543 2750
457 1985 3793 2207
3006 926 3248 1624
747 535 1461 778
296 2244 2737 2959
1661 420 2911 2561
44 1967 2620 3279
2309 2275 2781 2777
626 1826 3776 2010
81 313 2339 840
177 2340 2802 2541
114 2659 1878 3983
1572 1686 2649 2068
2180 487 3230 3847
2476 3407 2867 3538
1579 1156 2160 3436
2697 356 2733 3185
2477 638 3883 2854
488 904 1208 2564
1652 2715 2161 2967
304 105 953 742
715 1807 1616 2252
2013 412 3848 2509
871 132 2433 1055
657 2571 1993 3618
902 1423 3072 1470
887 623 3792 2332
1032 941 1520 1113
606 1211 1958 3250
2985 2246 3083 3502
117 1335 2961 3662
3435 3012 3710 3847
264 758 937 2413
2035 865 2047 2573
1262 3008 1619 3823
892 87 3064 3850
1217 1702 3761 2533
256 442 1470 1702
2295 2252 3409 3165
621 3796 2452 3876
540 1652 2943 3330
52 128 2349 553
908 2772 1591 3445
1435 1070 3891 1816
409 2956 2586 3545
76 1431 1871 2147
1171 236 3301 856
717 2555 1731 2803
13 226 71 1062
2618 1301 3798 3258
1971 3349 2113 3532
2520 2006 3595 2733
952 769 3123 2735
3379 2972 3438 2996
946 1330 3272 1850
519 819 3542 1104
196 1248 2999 3695
2834 2216 3560 3447
1246 1508 2799 2371
604 1321 3920 2832
1641 2228 2654 3545
360 1008 421 3264
2504 1104 3384 2789
1479 1670 2120 3844
522 411 1428 2778
1447 1083 2456 1474
1318 162 2768 2330
1065 1536 3700 2187
301 562 2877 2250
3192 149 3344 670
606 1871 2738 2732
1364 1838 1600 2705
74 2254 891 3449
1532 2945 1959 3286
1107 2299 3448 3271
1805 511 3731 3256
1089 1996 2194 2397
253 1899 667 2390
271 670 2986 1186
1168 2568 3714 3762
909 447 1556 880
193 755 2863 1338
652 1021 2171 2065
14 953 1780 1989
1532 827 2271 3323
3010 1002 3655 3246
144 2230 3838 2664
1118 92 1505 2374
3437 2534 3566 2721
96 2387 1532 3507
2910 236 3631 3446
2872 710 3576 1680
1768 2075 3187 3228
45 1924 960 2364
574 394 3612 843
169 235 1163 3408
3400 1638 3556 2666
2378 3187 3220 3553
23 721 1326 2061
1136 915 1386 2271
646 1887 3198 2085
1699 2486 2629 2730
146 1608 1586 2713
116 127 2860 1685
785 1519 821 3689
557 2201 3219 3569
3003 1813 3960 3214
1597 694 3115 749
224 1986 3565 3114
258 1875 3889 2662
1253 1367 1836 1954
1215 1402 1758 1838
1186 938 1963 2814
2956 997 3475 3399
1787 1758 1878 1872
925 1742 1264 2219
248 1599 696 3002
649 459 3503 2471
1396 370 2111 692
369 1584 708 2419
747 1397 3903 3942
1946 637 3401 3641
1297 1863 3102 2191
2777 1455 3635 2220
294 1077 3094 3100
499 1300 3995 2183
2735 1955 3113 2683
278 2216 1191 2934
2662 1315 2737 2323
840 2817 1712 3251
133 92 2202 3087
1014 2680 1600 3313
934 1777 3165 2236
2128 110 2161 2765
870 2353 1820 3973
2894 564 3489 740
765 1164 3094 1637
2122 2124 3648 3324
820 357 2786 1557
842 2317 2373 2861
1945 2555 3958 3125
2438 1881 3337 2946
3107 1207 3439 1467
1186 38 2873 3388
645 59 2879 2020
1616 2330 3649 3413
342 2292 2205 2976
774 1857 2133 3818
2872 1575 3398 2888
1415 2326 2166 3690
326 558 1867 643
3191 581 3632 3711
1277 1083 2529 1932
1727 1395 3490 2760
824 1426 2807 3301
1741 3358 2770 3622
1923 1986 3494 2560
2907 198 3375 3939
3183 2424 3720 3273
912 1651 1308 2598
699 741 885 1905
952 1499 2940 1622
1267 2076 3662 3126
1298 2628 1564 2637
1961 653 3246 1822
3077 56 3707 384
1237 2619 1470 3669
2588 2110 3353 3057
526 2679 2865 3902
589 632 3792 1124
2549 1403 3807 2989
694 1407 780 3573
966 1473 3174 3571
601 584 3355 1429
1079 1226 1176 3750
1736 2262 3732 2712
2384 2111 3155 3132
972 1877 2585 3531
2820 861 3227 1323
2721 34 3564 1315
2864 2214 3568 3737
764 128 1371 774
661 1306 2352 2520
2387 551 3560 926
1726 1398 2283 3730
945 556 1289 3117
1206 482 1749 3369
1299 3078 2624 3740
3228 663 3477 1018
1501 1257 1991 1987
601 627 2419 3455
2013 1582 3329 2961
2027 2533 3635 3792
3276 644 3466 2013
2344 2091 3351 2790
2286 1300 3887 1855
65 1004 3327 1392
1641 622 3927 3439
1298 905 3203 2966
1216 229 2950 3050
33 5 3141 3381
98 395 3245 1081
625 7 3015 2666
363 1694 3427 1938
1774 567 3698 833
1761 441 3633 3657
254 507 3091 688
2514 1566 2567 1986
1275 2020 3522 3774
8 1899 1667 2122
1477 1046 3722 3878
135 739 1057 3495
1670 1351 2923 1465
184 2692 3109 2861
761 255 3924 3589
80 3256 2732 3976
2122 1050 2176 3053
289 1829 3084 2063
1963 1047 3443 2894
455 2403 2834 2937
3238 883 3620 3523
340 2591 1744 2706
1498 1160 2156 2997
1178 1814 3868 2369
862 10 2649 3152
117 1943 306 2008
3229 1946 3354 3181
1416 227 2798 3104
1362 1047 1858 1305
1134 593 1781 1506
147 3487 2202 3893
2582 2368 3931 2602
1939 797 2961 3208
367 2347 2587 2688
1540 3594 1951 3821
1943 562 2432 2455
2107 2363 2637 3602
2948 1121 3315 3774
983 3053 2774 3067
841 903 1027 1863
2031 1160 3504 2054
1381 249 3358 3282
243 596 632 2644
1991 1936 2827 3933
1630 2421 3727 3612
977 611 1873 3905
150 450 246 1929
571 1024 3755 1651
213 3303 2151 3486
194 3885 737 3899
353 980 1209 2292
64 519 2020 2390
2852 1895 3453 3060
1530 2572 1781 3199
285 456 3035 2527
1915 3536 1935 3730
71 1735 2732 3029
1366 1328 3734 3063
70 388 640 2182
379 2065 1732 2240
456 600 3572 1983
1783 2811 2373 3413
2282 1202 3457 3973
1008 310 3244 1394
1669 2428 1997 3320
899 494 1857 998
3356 2251 3376 2497
1233 227 1269 3601
1493 2028 1649 2223
304 1626 1987 2325
3353 1485 3619 3445
310 846 521 2952
2601 752 3493 3025
1525 2522 2828 3436
3552 195 3862 2885
2654 215 3958 1503
2685 799 3127 3862
1055 786 3988 3730
1110 3210 2222 3826
884 259 3491 3155
2137 651 3867 3869
2877 1809 3765 3295
573 3132 3418 3647
243 326 622 387
278 2830 1065 3142
1348 1035 2880 3426
947 1687 3976 1781
842 871 2488 2308
3123 1990 3953 3985
2055 2471 3349 3390
617 553 792 2273
1887 466 2213 3002
2817 1298 3001 1912
2482 1722 3662 2189
1290 2063 2405 2230
594 275 1488 2469
881 966 2071 1342
325 150 3738 3127
2791 1090 3374 1760
70 641 1341 762
1235 758 3671 2018
3036 2621 3902 3826
1197 3082 2066 3545
1103 637 1354 1556
969 808 3954 1885
1272 1762 3611 3486
1181 48 3603 962
948 3114 3447 3657
2124 778 3866 1654
2386 343 3218 3973
1732 1903 2544 3580
229 2243 1571 3569
882 1657 1112 3575
416 2666 2537 3400
2920 1774 3721 3785
546 887 2563 3951
1220 267 1728 577
192 1785 2858 2365
1727 1386 3106 3894
95 2174 3568 2177
1821 1822 2177 3617
268 1270 1428 1998
540 1200 2779 3807
2786 2934 3885 3834
215 1353 3708 2789
1829 177 3744 1819
2493 1238 3214 3671
2762 2955 3945 3841
465 1664 2657 3261
2443 2150 3148 2323
2287 2542 2669 3936
2370 2613 2766 3215
1264 962 2017 2028
111 1804 3361 3278
769 1159 1619 3627
865 240 1687 2138
1697 3074 3235 3104
2681 2799 3314 2967
1349 1733 2180 2702
841 326 992 2010
970 2839 3007 3289
2291 862 2604 1082
2578 663 3557 3899
890 1999 2622 2777
461 1380 2304 1427
2806 486 3190 3306
681 169 1124 1134
1276 2517 2513 2583
657 1156 2697 2237
388 1338 3751 1382
707 385 3855 1156
2560 16 3475 3068
1144 1038 3336 3443
3169 1962 3237 2951
213 105 2591 2194
780 1269 1737 3018
162 2961 963 3873
1477 1539 2723 1922
2451 1130 2776 2317
1342 2567 2676 3163
708 2105 3959 3587
383 1014 1171 1949
3550 1008 3853 3415
1758 2008 2827 2763
621 2881 2279 3139
2487 493 3559 3391
424 2403 2135 2765
297 3153 2502 3285
1961 229 3892 3122
751 1460 2478 3376
178 2024 3443 3324
1022 1403 1513 1463
1746 3435 2189 3980
2294 2921 3406 3661
13 3025 2840 3199
1012 1726 3141 3768
1454 523 3164 2541
327 270 1129 1617
334 3624 889 3846
1968 1838 3577 2573
3278 981 3841 3673
857 324 3636 3452
2110 455 3426 2579
2507 95 3604 1368
100 2322 2998 3485
612 1893 2460 2027
1057 791 1981 3666
1769 34 2600 3331
1689 1416 2648 3748
1777 1875 3219 3353
208 1334 2347 2307
465 1254 2173 1628
352 988 2774 1015
1170 1111 3578 2394
570 1870 2692 2752
248 146 3873 3144
2584 1072 3697 3914
322 974 1941 1818
403 3466 3739 3908
227 608 3473 3582
2597 1471 3871 2831
150 2666 929 3260
3596 547 3674 3109
469 1094 2392 1480
1546 1636 2733 3235
473 1229 2942 3024
1562 2022 3592 3160
2234 1372 3511 2831
1374 2685 2542 3256
2176 640 3463 2620
600 1854 3768 3322
2254 479 3450 2020
60 175 1653 625
194 1267 3650 2542
1043 1719 1888 3835
520 374 2979 1881
1437 3197 2719 3544
420 2690 1918 3116
1714 100 3166 899
1957 1576 2141 2426
173 952 847 1091
682 1217 1098 2708
1086 396 1100 1330
1386 2408 1479 2758
718 26 2904 409
36 242 3826 1003
1684 2260 3610 2569
3223 894 3432 1743
138 3026 188 3646
2251 2087 3818 3817
122 648 1652 3942
1920 1631 3888 2625
69 1208 3827 3488
827 2888 2258 3408
3764 1164 3774 1170
127 114 3746 192
1307 1796 3799 3613
698 336 2107 1328
496 995 2545 1696
376 1159 400 1893
245 2931 3386 3081
343 2433 2880 3297
1454 1423 2341 3580
3043 105 3105 258
3569 2989 3940 3119
2136 1763 2139 2253
626 648 2067 1383
473 1618 2088 2625
169 1680 995 3488
222 1079 675 3942
2812 1758 2844 2137
1210 3343 2566 3848
1543 2377 3985 3398
859 836 3084 2055
226 2567 3430 3565
417 2821 518 2878
1961 1262 2345 1940
233 2251 3029 2426
2227 517 3300 1081
2081 1602 3161 1776
807 2468 3967 3580
75 594 994 1948
102 595 3165 2372
890 1703 1231 3520
1334 1716 1994 2217
374 1427 2057 1770
2292 1480 3584 2810
370 3257 1259 3448
2200 1709 2301 2160
491 1627 2092 1881
189 1610 896 3920
47 2931 808 3536
2228 3664 2531 3979
2231 209 3265 3995
1151 1364 2590 3307
549 1316 1172 3659
1667 133 2629 3716
3374 2298 3667 3085
137 1584 290 3376
45 1719 3617 2136
98 1575 2458 2358
1446 1687 2365 2851
1831 552 3693 1413
786 1259 2033 1618
3600 893 3749 3129
849 1567 2304 3736
498 621 3592 3205
2461 1482 3009 2544
2697 434 2845 2862
606 3201 2011 3987
1952 1792 3468 3858
1008 1569 1091 2525
2982 2099 3089 2898
510 14 774 2642
1075 501 3641 1482
3365 317 3424 1811
493 562 3051 2021
192 2021 1837 2845
1057 2393 1262 2797
1834 1330 3725 1825
1739 488 1851 1647
3388 2435 3588 3323
54 2660 1873 3593
1413 323 2324 768
1114 2200 3435 2845
591 1159 1510 2647
824 3440 1531 3811
386 782 1227 1308
1394 1262 2854 2978
338 266 2248 2059
207 2505 2770 3436
2955 1922 3451 2645
2420 1474 3539 2747
1486 251 2714 3710
200 2844 1942 3782
2685 2777 3729 3829
317 463 2988 687
3147 21 3599 1448
1544 1448 3334 3059
2620 50 2981 157
597 1473 3855 2981
1439 1110 1482 3005
1377 1632 3195 2322
3173 313 3872 3314
289 23 686 3039
973 3667 3753 3967
594 47 3740 3599
295 307 2850 1245
323 1247 2104 2041
1710 537 3582 1738
123 3075 2956 3653
729 1253 2865 3052
1521 61 3820 2361
2269 2277 3735 3585
1340 2412 3896 2622
623 1714 3134 2538
1141 1122 2492 3612
2672 672 3035 1949
1890 2629 3631 3439
1941 1976 1967 3185
167 2175 2994 3949
2774 2159 3381 2172
2603 1430 3143 3153
537 306 1923 1109
649 995 2516 3883
3553 3016 3966 3943
335 1208 3273 2674
1901 1142 2109 1988
1180 35 1210 1489
1316 2245 3493 2869
99 1743 1319 3943
2153 1295 2768 3134
100 1337 539 2662
485 308 3359 2326
1970 1149 2139 2004
1704 1046 2737 2940
453 2757 2918 2937
1170 313 1700 2917
435 480 3077 2323
2730 3465 3705 3632
2262 1911 2475 2981
620 777 2431 3772
3003 732 3240 2510
2353 3623 3329 3791
2110 521 3188 1963
2063 79 2094 1956
2342 2345 2753 2565
2155 259 2874 1570
3452 346 3620 3059
1766 152 3301 2446
308 1234 658 1279
1639 1953 2306 2813
141 891 1131 3188
1819 275 3201 1605
2617 1856 3441 2695
1224 1758 1509 3979
1739 2142 1765 3367
416 1331 1321 1954
304 2162 2677 3180
3019 1205 3867 3218
829 1349 2685 2702
775 1251 1056 3015
45 11 2303 478
1496 760 3071 1381
755 75 1018 3473
1471 169 3709 460
797 290 2838 3194
157 187 1041 1553
2283 1265 3275 2966
1295 1573 2976 3670
1164 1298 1876 2517
1057 1386 3629 2829
18 145 205 766
915 2543 2960 3988
2320 573 3373 3852
1243 227 2184 2264
65 939 1339 3530
2016 1026 3989 1983
1887 1373 2135 1500
74 3014 94 3443
1058 635 3624 3000
782 129 3764 3147
407 775 462 3277
1889 2364 3768 3994
2587 451 2967 3740
3456 643 3457 3186
905 578 1917 2327
1519 2181 3527 3983
1696 699 3982 3361
656 1002 2957 2911
1708 1500 3311 3656
1363 465 2369 1053
2219 33 3798 1063
957 677 3513 1160
712 2087 2224 3065
2757 113 3160 838
926 719 3293 859
970 2237 3587 3139
460 2915 3055 3549
3673 3619 3792 3851
370 3362 1251 3677
326 2233 3322 2914
1047 327 3265 2785
1285 267 2005 3155
1316 1349 3939 3422
275 2188 1305 2396
3155 1637 3396 2918
2132 537 2998 3783
1671 1797 2015 3769
323 1120 3383 3596
465 763 648 2592
87 653 3873 878
827 2130 1914 3025
2350 2462 2794 3710
1520 609 2679 1614
3735 1289 3950 3988
3098 26 3420 2988
160 1172 3974 2332
794 1153 3344 1401
2449 56 3249 394
878 795 3592 1062
1838 401 2913 806
3221 2119 3497 3715
2050 2839 2257 3058
524 561 608 1916
309 490 1792 1701
1741 1370 2960 1405
128 2053 1771 3233
416 17 3164 2046
3226 3100 3507 3161
169 1335 3246 3816
1409 273 1865 3805
1552 141 3322 3427
1371 565 1905 2869
2590 1693 3707 2477
326 1430 1325 3718
915 1328 1190 2384
1217 202 3444 3695
1210 2649 1695 2736
3078 2217 3378 3173
249 795 1077 1278
2727 3228 2837 3266
102 1927 3746 2575
3351 962 3628 1700
255 569 2684 2116
629 150 1262 3041
45 1384 857 3581
1189 253 2927 442
1076 672 3850 811
425 2101 3165 3928
2275 124 2966 3802
226 529 254 1648
372 685 3937 3007
908 441 2884 874
1580 2754 2227 2902
2054 3842 3110 3989
1325 1431 3510 3521
535 864 1729 1916
100 587 1297 3917
3096 2229 3637 2307
482 52 3042 883
3099 1639 3189 3922
239 562 1942 3347
1484 993 2051 1912
677 16 2814 2863
681 1936 3901 2469
2292 2547 2674 2782
1248 2461 3086 3624
968 365 1019 3186
3133 2854 3309 3701
2933 1930 3552 3197
2290 28 3267 1910
361 381 2267 583
1697 988 2571 3354
2012 1948 2578 2947
170 928 1750 3067
320 200 3299 2033
3165 558 3991 2598
467 2964 3079 3621
1513 513 3319 3313
54 657 57 1911
831 2534 2602 3840
1088 2071 3560 2767
1138 1191 1587 2819
339 3584 2609 3704
1380 679 1441 2075
402 196 1707 1356
2056 1172 3029 2118
1314 1691 2782 2041
272 3057 2776 3823
1101 2452 1379 3886
2119 601 2658 2130
880 3312 2775 3804
2580 1017 2851 2230
812 896 883 1512
2451 1847 3250 3826
2711 3 3251 2030
1299 612 1629 3746
17 89 299 2469
1702 681 2885 823
733 1555 1557 3858
1628 923 3113 1452
529 800 2517 2588
1196 551 1332 2538
353 2087 2273 2870
2248 1061 2633 1167
1344 2728 3180 3195
1035 2143 3024 3690
2279 109 2674 1714
1695 1495 3477 2391
3185 1108 3590 2607
2447 214 2993 1223
110 2746 1294 3191
704 1112 3751 3033
926 335 2554 1524
654 913 3809 1098
888 196 3627 3150
2585 1927 3557 3328
2245 1046 2983 1793
1922 2084 3206 2192
348 382 778 648
47 2806 1322 3286
2897 523 3693 3090
199 567 956 2912
545 1196 2006 3278
84 1426 2657 2523
765 1847 1556 3165
3719 915 3872 3499
2882 1193 3492 1352
1474 261 2536 615
1904 525 2052 660
2249 2490 3642 3070
402 27 3038 2784
251 563 1189 945
428 866 1613 3334
1709 3025 3535 3335
832 1298 1482 3584
1005 534 1798 1075
1876 1446 2408 3324
3102 2697 3810 3423
1237 815 2954 1824
843 2222 3587 3459
1265 1814 1617 3995
2659 459 2946 3360
2676 1910 3251 1981
1509 1880 1841 2522
1716 1890 2174 2348
176 1107 2908 3374
1626 1115 3223 2661
637 3040 2365 3862
3607 2348 3702 2975
1454 369 2116 932
3055 2130 3261 2383
1117 41 3858 2590
1507 88 3699 874
225 2053 2553 2244
1078 2073 1283 2212
1009 2598 1021 3080
2447 1383 3068 1939
348 1618 460 2696
3125 2995 3483 3242
1917 514 2338 654
744 1119 3170 3888
1802 360 3693 3772
485 193 556 1313
2101 1596 3897 3610
572 1742 2239 2580
1236 1068 3108 3674
2856 995 3534 3921
2413 1193 3556 2412
532 171 3304 745
296 3811 1722 3891
1756 1032 2421 3256
3363 1197 3719 1619
789 14 2755 3100
418 94 450 884
64 442 586 1109
1116 1157 2669 2351
2439 1802 3800 3235
1101 2602 2737 2636
2273 749 3261 916
520 1975 2967 2907
1820 0 3659 1100
890 744 1974 1355
2171 503 3008 1978
3432 1806 3745 3816
1017 1125 1103 3901
150 2203 1731 2523
2347 1714 2955 2289
1171 398 2284 2055
1850 1837 3874 2351
676 839 1106 3646
1569 194 3181 1971
65 370 2504 3015
1781 1052 3169 2026
137 373 2737 2300
1157 763 3126 3579
954 590 2514 1111
955 63 3242 2471
2797 180 3940 3246
1035 2289 3369 3523
2827 3834 3158 3989
2271 1199 3316 3172
206 527 575 2412
2460 1778 2816 3899
823 410 1995 574
1197 318 1706 2553
33 2157 3753 3757
678 413 1894 1415
2273 1985 3725 2451
463 446 1732 3410
2321 1110 2428 1320
1110 1172 1695 3873
1613 201 3108 3231
1203 333 2961 683
1764 2343 2761 3170
2059 486 2302 2877
90 549 2666 2117
1457 2191 2659 3764
2385 2459 3178 3096
848 1926 1794 2826
435 2281 1490 2574
1076 2668 2696 3707
587 2059 1465 3662
434 403 1617 2622
1481 385 1774 2872
1738 907 2386 1340
160 49 842 2829
1273 1054 3431 3385
1488 513 3275 1393
1064 473 2591 2588
715 1359 1462 2444
1277 3252 3709 3659
371 2674 2510 3254
347 1554 600 2970
1597 486 2170 2324
1800 1528 2050 3096
1120 3003 1617 3395
200 1557 2709 3886
239 941 2226 2108
87 1807 93 3216
2401 1234 3052 3707
1171 3675 3648 3934
461 370 3996 875
155 2280 1759 3940
688 1977 1684 3612
956 674 1254 2675
923 1405 2210 3895
2793 1303 3152 2155
3447 2561 3606 3505
1601 933 2084 1327
26 665 186 2185
1904 1969 3327 3469
945 657 3342 3199
2386 2441 2760 2856
491 701 2316 772
1579 2327 1863 3678
1332 440 3952 1340
784 3036 1013 3842
2003 788 3065 2992
380 1755 834 3775
1918 522 3567 3181
1226 180 1777 2921
706 1176 1262 3273
474 3054 2634 3308
2305 555 3114 3186
606 462 1806 3427
1761 1076 3922 3170
299 1725 1817 2316
137 2654 521 3046
458 1555 1820 3852
711 179 1842 3056
1644 2973 2554 3197
2855 836 3925 1638
715 2216 3608 3958
331 314 780 976
1755 2007 2367 3937
1609 1635 2371 2712
819 2620 3097 3930
2291 1179 2482 1858
1740 282 3859 2152
1573 1636 3944 1915
556 1062 1960 2401
1357 2015 2750 2071
1696 996 3101 2188
984 3035 1981 3202
1250 205 3773 748
2834 234 3297 2152
3399 565 3804 986
814 2818 3115 3806
38 2633 85 3523
635 1029 1911 2169
116 1086 3579 2830
511 1541 522 2939
2118 900 3462 3338
1419 2244 2118 2724
2858 2257 3189 2903
1136 2241 2213 3651
3006 1620 3207 2301
1194 805 2658 2232
3222 1784 3300 2504
1605 1809 2786 2470
560 370 1639 480
1816 638 3656 1497
687 1348 2487 1676
1224 2504 2906 3660
407 693 3574 2399
1560 1214 2150 1711
2359 94 3230 915
339 1237 2330 2898
1117 1276 2113 3552
2630 1938 3240 3242
2199 1672 3705 2983
155 1830 842 3112
417 454 2410 1407
307 1679 603 2229
1759 795 3186 3979
1346 1948 1675 2540
1107 3185 3481 3840
2723 629 3246 3701
915 1141 1474 2741
550 626 853 3042
2303 1081 3375 1781
48 1138 1943 2145
164 1064 2067 1378
1373 1805 3304 3556
2159 648 3008 1852
568 471 3133 3862
559 3134 3390 3967
380 1905 1749 2636
3595 1453 3733 3530
1153 11 2308 235
470 1036 1418 1455
405 246 2385 2253
2663 2281 3612 2679
2498 1362 3206 2753
203 1634 1968 3279
2707 2114 3524 3014
934 1869 2857 2837
619 2150 2731 3606
3387 469 3624 3645
1325 1418 1605 1681
1398 1204 1596 2864
518 2513 1513 2730
1214 1904 3729 3127
445 259 3689 3370
1840 746 2441 1833
569 976 2991 2854
295 727 2379 944
1074 1778 2226 1892
2135 3563 3463 3753
1145 759 3959 1124
651 3223 3260 3985
1665 1808 2066 2978
342 3055 1786 3195
2899 1266 3161 3133
59 97 2712 1436
336 583 3871 3582
61 749 2370 3988
108 1400 3353 2143
1646 2726 2142 2784
1469 3263 2867 3602
352 1404 1067 3426
998 1651 3816 3614
1430 837 2757 3203
1346 2920 3963 3261
1416 1323 1580 1800
708 667 2635 3085
670 454 2605 2149
284 1790 2316 2970
126 1798 1320 2086
1486 2559 2783 2829
257 1299 1885 2255
515 3309 2269 3755
1097 2207 3504 3390
1778 2320 3905 3422
770 150 981 2317
1732 1183 3977 2094
11 1685 1511 3599
94 2888 3755 3416
129 2718 951 3664
792 1414 2045 1973
611 406 829 3242
921 368 2408 3040
2076 5 3576 2797
2747 2229 2934 3150
3095 1048 3770 1287
114 1359 1404 1483
3466 2752 3935 2869
1212 2971 3407 3375
719 1201 2235 2109
1552 613 3144 3497
862 1421 2394 3002
207 2899 1430 3453
1218 2706 3242 3857
63 1599 271 1614
1188 243 3137 1876
863 1631 902 3840
1015 446 1371 778
2387 1771 3939 2451
2525 1181 2601 3155
11 510 3109 3821
1076 745 1181 1129
933 569 2658 2374
2543 1254 3414 3202
2328 111 2483 3582
180 783 3270 3273
951 313 3416 510
1364 2019 1419 3741
1643 3535 3113 3631
1223 466 2590 1050
638 1504 678 3975
203 1814 894 2400
999 1297 3843 2010
362 956 1007 3555
2252 478 2505 856
143 2157 1552 3354
2329 931 3703 1840
2729 2837 3739 2868
433 1139 502 2729
3262 719 3371 2218
2082 986 3628 2520
1179 913 2488 1038
1477 888 1863 1180
802 2985 1282 3066
547 2371 2878 3045
1693 1864 2060 3034
1952 1444 2854 1773
950 380 2049 1345
54 1311 3348 3487
489 1629 2532 2694
1239 1287 2142 3577
1815 374 2541 3249
1045 2396 2554 2964
284 2043 3967 2723
2392 2478 2528 3674
338 395 2478 636
3619 1606 3935 2291
2650 101 3739 1492
1111 1041 3615 3334
840 2957 2863 3062
491 176 2541 3110
780 1018 3561 2687
805 2440 1106 3343
253 1920 2140 2516
1208 1058 1561 2672
1147 1471 3712 2457
939 2775 1824 2972
864 2692 3543 3615
680 2979 3774 3933
809 2253 3857 3681
817 1515 1504 3980
2931 212 3117 309
407 1674 2421 2007
1455 3061 2849 3687
2912 2238 3063 3054
673 2580 1051 2722
1015 520 2169 3764
1918 747 3134 2488
1211 694 1508 3488
823 935 3481 2352
889 2440 2751 3478
994 2764 2187 3109
778 997 969 2890
2985 1081 3861 1837
1344 131 2093 712
1615 290 3692 755
3450 358 3776 1503
592 2200 3732 2353
451 2095 1566 3335
1471 1420 2851 1915
1301 146 1390 1701
309 1730 1657 3525
1019 27 3883 3586
743 599 3485 3678
2958 1328 3179 3074
1535 1384 2404 1759
1457 3731 3464 3962
2478 154 3380 385
3377 1604 3930 2708
3379 1987 3595 3502
2189 2339 3816 3000
1202 3273 2219 3923
1328 1103 3063 3049
961 682 1681 1928
875 608 3718 1564
2169 436 2360 471
193 1190 767 3992
719 705 2125 2530
271 2043 3190 2870
1357 2659 2733 3614
760 1004 2373 2165
464 698 1862 2736
2244 205 2514 2141
558 466 3301 3162
2327 1426 3198 1623
465 676 3042 2368
134 1116 1345 2091
808 2011 3526 3158
2124 359 3992 2708
1194 2204 3108 3299
719 85 809 2484
3512 1101 3560 3023
216 830 2083 2165
368 1252 3024 3147
1637 709 2940 955
1342 36 2699 1215
335 690 1182 1846
1362 1718 3917 2284
953 1617 2071 2508
266 1336 1487 3223
862 626 3472 1527
1480 274 2696 666
564 712 1030 3224
2302 281 2375 2460
1672 846 3357 2662
457 1639 3628 3990
2561 2223 3985 3210
2218 674 3882 1402
1121 1481 2088 2340
368 2684 1898 3750
384 1052 1688 3565
166 41 1695 2266
1491 1036 2706 1989
628 947 1560 3863
870 1167 3972 1976
965 1662 2241 2963
925 1352 2414 3908
725 1820 886 2148
218 1689 1938 2433
1032 2168 3905 2204
1521 1392 1886 3350
1971 2424 2232 3008
1533 64 2076 246
2421 309 3821 2293
1043 1187 1680 3058
2050 339 2295 1390
3579 2908 3604 3588
1062 2108 1488 3232
221 1514 1099 2200
654 955 1852 3450
1150 1255 2510 3569
430 918 1998 3306
1215 2049 3538 3044
1691 2447 2815 3669
99 544 248 1335
950 438 3974 2978
1198 165 2769 454
61 681 1919 1259
206 2448 2298 2745
135 568 1637 2620
889 92 2738 3128
2159 725 2887 2860
707 1519 1916 3837
1217 1200 1578 3264
1613 207 2181 3272
163 1571 2635 2900
644 294 2645 379
1088 1308 2837 2008
635 2639 1200 3612
865 1025 3533 1359
3303 712 3980 2475
3484 2841 3998 3911
566 552 2139 973
1864 3005 3286 3421
992 488 1840 1834
2064 3035 2802 3672
264 261 3103 3425
1949 358 2479 1187
18 2301 3415 2655
88 1159 3902 1399
947 608 1024 651
703 904 1335 3807
948 472 2448 2250
2789 284 3878 3043
3651 2716 3695 3803
724 304 2778 1767
1743 1735 3364 2353
1197 947 1685 3547
2607 48 3925 3046
515 1069 1000 1387
2919 731 3762 1021
692 376 2068 3596
2272 590 3280 3991
610 1324 2180 1796
746 727 1492 1169
547 125 3037 284
3593 30 3658 2320
1791 1452 2733 3181
1515 148 3916 1697
1367 11 2674 3752
209 1730 2890 1981
208 547 2998 2808
2216 534 2579 1959
1061 840 3329 3074
2380 1252 3844 2253
1311 610 1434 3542
2230 1260 3751 2252
1699 178 2181 225
286 2678 1001 3129
785 1203 3282 3768
2787 2718 3859 3575
2432 1751 3449 2954
2976 939 3073 2600
40 1952 755 2312
146 831 3335 3329
726 324 2926 3238
1616 3711 1959 3905
3144 1308 3906 3867
1842 1146 2524 2680
2534 2184 3684 3094
128 1477 625 1880
789 1756 1439 2542
332 275 1588 1049
976 97 3120 1327
2692 1815 2860 3336
295 2044 3568 2536
2851 863 3188 1185
185 14 3319 3127
574 2612 1455 3938
2412 74 3857 888
448 3251 3182 3772
1094 399 2885 711
1695 1029 2556 2889
866 1008 1468 3121
945 747 1085 2147
1068 2516 2140 2731
1677 1012 2102 1273
3085 2653 3725 2993
417 314 1889 2145
2857 1962 3397 3250
148 934 1794 3429
955 546 1156 912
430 2407 685 2819
950 3303 1720 3688
797 681 1448 2995
507 603 3532 873
148 1562 763 3811
1348 821 2948 866
677 1009 1334 1461
547 237 3295 2855
2723 727 2938 2246
1304 843 3447 2678
195 1069 1680 3945
687 451 3799 2557
2932 549 3874 1179
1469 1778 3855 3285
666 264 1664 1725
574 2400 3359 3448
1858 8 2318 113
3049 3436 3174 3563
404 3343 993 3577
376 2100 2237 2838
4 485 2371 842
894 1492 1425 1727
64 676 898 3257
2561 578 3917 2845
1754 921 2625 2710
1263 2312 3098 3084
1320 902 1721 3938
1362 1189 1498 2590
1146 1745 2962 3567
1512 1696 3600 2281
1176 125 1210 3592
370 1049 3310 3777
2304 1039 2631 2724
2057 287 3276 1122
1163 789 3979 1242
1596 2216 1908 3813
1906 509 3997 3735
501 2355 3699 3380
1803 1794 3428 3933
1957 1220 2498 2208
3204 853 3611 2132
900 1719 3161 3328
647 171 2105 2044
913 3448 3042 3627
1553 700 2750 1868
2554 2717 2732 2748
1346 418 1390 829
1888 1189 3955 3880
797 2784 1240 3054
1439 1551 3688 2730
1825 1855 3954 3489
1003 30 2008 3168
745 1578 2678 2028
1596 701 3944 1954
2459 350 3137 2313
1876 1225 1920 3745
2724 1036 3697 2939
1194 1521 3019 2440
2258 283 2812 2154
1050 720 2780 3776
2059 570 3476 2409
1027 999 3030 3036
216 239 1313 328
1672 46 2075 153
2014 2812 2033 2902
2466 2597 3766 3887
732 84 3395 3977
266 1749 739 3915
894 514 3374 2408
1794 1516 2696 2186
2244 282 3748 3882
2 3314 493 3929
2516 2681 2828 3760
2055 1501 3786 1866
1464 38 3246 1498
477 479 1613 2107
414 489 1540 2327
1362 1893 2085 2824
1457 1761 3458 2223
3532 2118 3945 2708
2508 712 2670 3277
178 1275 2620 2709
2082 100 3037 3871
832 651 3625 2067
1652 2716 1754 2810
458 615 1912 2774
2001 1938 2299 2471
1921 2003 3481 3953
3468 1381 3657 3242
2076 641 2079 2389
3405 1919 3850 2618
3062 1517 3212 2973
2968 1279 3985 1457
1048 1680 3104 3376
46 260 3755 3837
1113 717 1436 1704
2380 2204 3676 2487
1881 959 3851 2701
2471 1812 3307 2466
107 3245 1892 3844
1731 688 1949 1147
2740 470 3483 878
560 2620 3767 3654
967 167 1905 580
1030 615 1908 1416
335 378 2118 2408
1636 1232 1781 2869
1428 658 2887 1943
1651 19 2476 208
1118 832 3260 3934
1250 2315 2957 2856
375 2060 3369 3054
255 2635 1272 3179
1166 1715 3256 3431
1566 299 3117 320
3210 2202 3477 3382
1615 817 2652 848
1318 1093 1771 3363
201 212 3388 2144
1239 1574 2847 3526
2440 2518 3595 3087
464 859 3057 2995
1177 581 2298 1070
2639 1274 3092 1825
2537 1996 2944 3408
1438 1304 2230 2998
3182 88 3709 3909
2470 1399 3499 2585
2274 2144 3533 2427
2748 2126 3991 2154
752 3556 3558 3557
488 2500 1966 2647
20 1450 1444 2378
1580 930 3819 3686
1727 848 3900 2053
321 2508 3628 3318
1414 2894 1982 3596
1550 1817 3323 2672
380 440 3680 1405
171 669 1824 3700
1257 181 2052 1594
390 512 806 1334
3267 49 3493 3401
1259 641 3202 1265
78 1267 895 2839
851 886 1715 3178
251 3124 2164 3774
296 239 3218 2197
179 1469 2064 3186
3458 1935 3777 2703
3047 3483 3390 3934
1627 3113 3614 3778
412 1583 2341 2037
1766 544 2003 2124
1533 2682 3176 3097
278 1518 1525 3438
398 459 1086 1605
2698 1900 3453 2641
1311 473 3829 3592
573 1732 2189 1873
2391 166 2791 3887
385 1221 1234 1270
669 550 1567 642
28 1471 884 2036
2866 1493 2979 3441
3111 957 3636 1115
1647 786 3153 2384
1570 2353 3214 2970
3322 1148 3629 3422
1124 247 2818 527
2899 1815 3218 2079
1402 3128 2662 3546
2616 766 2907 2992
1174 275 1983 506
549 782 3628 3304
7 1226 467 2668
2760 366 3601 3888
1540 377 3421 3969
1241 145 3921 3146
926 77 1886 3221
2207 1688 2230 2752
398 1716 3470 1950
887 2882 2800 3551
215 1176 1142 3909
493 1952 1279 3353
2764 1291 3952 1850
1200 2931 2686 3807
3836 1130 3848 2049
1286 777 3894 826
628 716 851 3903
2639 448 3385 1811
1351 2070 2790 2946
1745 1305 3890 3101
1140 565 1534 573
857 2062 2698 3098
250 452 3376 3535
76 769 2765 2166
708 1253 2316 1652
338 867 846 2513
170 1072 179 2529
1178 294 2704 3585
374 785 1865 2528
3239 2560 3534 3717
30 1021 3742 1548
2467 2351 2946 3495
1491 1378 3357 1885
964 1616 1379 1823
412 2831 891 2953
268 2780 2605 3084
809 148 2705 2964
3351 701 3455 3883
1567 530 3175 1646
1087 917 1930 3709
1592 2370 3950 2445
1486 218 3737 244
1889 1780 2846 3421
147 613 698 3314
1854 2780 3567 2985
1330 437 3469 2670
325 1011 1824 1885
1864 2329 2936 3448
1406 203 3855 1660
487 3373 3763 3761
986 308 1879 3246
2346 413 2575 3852
59 1462 2331 2921
3186 520 3598 2100
92 1638 977 2342
1299 149 2763 3871
1359 1896 2627 3797
2177 612 2752 1891
3197 2074 3817 3649
623 2361 2558 3811
890 24 1089 2166
307 1523 3871 2710
2206 127 3152 2211
497 1555 2841 2086
1200 2918 3475 3623
1073 1104 1574 1721
3108 1493 3110 1497
232 88 2518 2729
1238 1038 3327 3057
129 684 542 1001
1007 1253 2445 3149
237 142 1544 611
553 791 2359 3229
1196 711 1454 3504
1456 3706 1458 3769
133 2579 1991 2912
1805 2880 2141 3829
396 2307 2596 2793
2533 3845 3161 3929
53 3371 1542 3577
116 2010 222 3182
1899 837 2550 2973
419 443 1026 3408
3069 320 3641 769
550 724 3003 1918
1048 2012 3297 3862
289 2390 990 3040
994 1712 2723 2472
732 409 3937 2656
1778 3420 1860 3965
1953 383 2420 1579
2404 651 2941 1832
1747 44 3232 3242
1466 548 1988 3732
3299 1472 3795 1567
105 1293 3891 2431
770 329 1898 1824
679 2608 2295 3051
2467 1824 3599 2572
1294 576 1453 1447
498 330 941 2442
434 629 3576 3849
259 2940 2225 3395
1797 636 3866 3919
386 627 2627 2471
1889 575 3264 2439
2462 1739 2684 2655
3300 414 3497 1128
61 802 619 907
1173 277 1718 1764
2588 818 3332 3774
505 1602 3363 2485
519 1454 2685 3238
1980 37 3217 1186
955 44 2662 769
1559 131 2564 627
3020 1127 3631 3516
1534 2047 1616 3908
471 999 1933 2118
2697 1058 3968 2797
308 513 1697 2873
3319 2397 3875 3028
2414 1955 3080 3425
3086 344 3520 1530
1427 3194 3139 3775
761 2143 2752 2486
598 1974 2202 3123
1726 2319 3417 3773
1111 390 3047 3927
278 3719 2646 3952
2827 1587 3965 2536
1260 1 1638 3085
590 2705 1645 2716
2191 2562 3629 3520
148 1922 3636 2151
1017 794 3919 990
959 3204 3530 3338
1198 1357 2646 2350
1661 2407 2335 3376
1099 1828 3845 1918
302 108 3875 108
2008 144 2789 430
1399 2788 1726 3057
2432 2392 2574 3041
1229 1368 2384 2599
1988 978 2594 2392
1571 236 2587 2242
829 952 2543 1800
1040 1019 3578 1366
627 299 2176 2043
1269 257 1323 1214
780 382 3995 1166
1283 968 2506 1153
1531 392 2696 2319
3044 439 3062 2381
2536 729 3338 2396
1299 1413 2146 2033
724 626 1384 1714
418 598 1385 2632
1219 1789 2047 3534
240 329 1328 1760
3042 238 3822 289
1035 1281 2474 2738
2936 473 3240 1136
1774 539 3264 3470
408 3491 3080 3640
1062 987 1071 3806
958 951 1220 1008
1832 1937 2769 3068
2035 820 2937 2026
9 2725 3617 3063
1209 1573 3788 2136
70 2500 1906 3703
218 711 3463 1112
1271 878 1926 3647
831 2793 2821 3989
2264 1809 3995 3485
1790 903 2759 2269
602 3207 2959 3849
2013 3737 3444 3886
3845 960 3885 1485
961 2155 3404 3587
1775 2714 3473 2900
625 1142 3240 1511
647 784 2637 1470
951 2712 2579 3377
1636 1095 3351 1553
2012 3157 2323 3634
630 1122 3073 1417
2267 435 3944 2163
3688 403 3819 1591
2620 1580 3352 3378
3438 1758 3828 3596
992 562 1467 728
1584 1498 3488 2620
1087 875 2274 1905
1749 937 3704 2421
