4000 4000 4000
3597 1367 3958 3117
1614 466 2442 1731
268 1821 2028 2716
252 3356 1544 3369
1481 2330 1677 2930
2470 1974 2557 2648
594 3056 2513 3472
1023 1304 2364 3763
1862 87 1878 1099
1124 155 3201 2967
3177 3715 3873 3837
1272 2699 3225 3278
368 1032 1564 3559
999 2618 2938 3343
1930 3246 3533 3869
361 275 3141 1187
1374 1347 3171 3551
1524 844 2901 3404
176 129 3789 3207
1618 2133 2829 3041
2255 297 3278 3669
231 1223 2256 2218
421 146 882 2810
34 1198 1408 1500
787 2249 1629 3936
1431 44 2970 3628
1546 696 3013 1615
1093 2394 2887 2628
1272 233 1530 1938
864 2837 1740 3930
2288 1796 2514 3608
3085 1310 3525 3319
1526 2664 1793 2854
2410 1793 2853 3690
131 2648 2603 3241
1231 610 2214 3005
585 1484 3487 2739
67 927 3286 3192
1365 188 1650 2683
419 1796 1382 3523
215 27 247 675
2040 2954 2740 3066
77 2019 3919 3036
3002 1122 3696 2435
2515 345 2973 697
690 3199 1909 3391
1147 569 3970 3536
3399 42 3698 1762
611 822 2375 2305
113 1399 1366 3706
736 1336 2700 2494
1323 290 1975 504
1470 276 2757 1924
2511 1065 2743 3642
85 2007 1748 3842
1087 1675 1655 1924
143 319 1667 3365
191 154 937 3495
46 1161 2642 1431
645 47 2672 2073
1836 826 3691 3947
868 1205 2859 1380
1949 756 2604 1607
584 845 3348 2197
19 49 80 3038
766 1345 3909 2103
2233 532 3572 2745
2664 2268 3615 2476
345 2556 3042 3345
2178 922 3855 945
2132 761 2268 1303
765 1497 2974 2491
1187 2398 2333 2718
231 1442 3568 2817
1614 89 2956 2803
3583 783 3948 3498
276 2131 920 3135
2448 262 2638 3027
25 2391 605 3700
2913 31 3531 2618
119 1158 2284 1657
1088 2340 3485 3529
552 631 824 955
1379 1827 3701 3420
772 189 1144 250
633 2 2054 752
3 1525 2644 1898
2891 443 3686 3068
71 118 428 2427
2697 1131 3913 3520
888 578 1872 944
515 1243 2755 2977
1531 554 3532 2362
833 2968 3107 3910
3083 52 3654 3010
873 725 3147 3280
622 1658 2395 3265
246 1438 3499 3385
40 1433 2046 3505
608 3302 2569 3996
644 1310 2344 1347
2597 721 3859 3727
1556 1157 2133 1162
3202 888 3259 3791
930 708 2993 1257
2097 869 2764 3389
2975 2040 3676 2628
1930 600 2126 2062
645 2025 2564 3600
2710 1481 2967 3837
1081 1144 2025 1682
37 187 3532 2257
836 1037 2827 1933
119 2007 1187 3932
1190 473 2349 2343
1013 467 3291 3518
2230 533 3977 933
3163 1079 3295 3566
1006 1477 1156 2634
1694 785 3548 2975
3001 2758 3482 3617
53 156 1344 3520
2365 1940 3264 3741
49 1790 2070 2353
1616 559 2512 2887
588 2561 1375 2595
381 1701 3901 3887
2011 695 3837 906
2817 1759 3468 2959
765 626 3527 3399
1157 32 2028 2635
50 1085 3520 3517
920 1196 1559 2420
825 1144 2500 3409
10 368 3386 1847
381 749 1318 3071
3086 277 3609 3400
317 2746 1986 3368
2347 2905 3496 3777
57 555 2098 1322
1338 145 1591 3237
1403 596 1482 2786
854 525 1013 2150
87 944 2179 1891
1152 3593 2170 3869
74 549 1822 3057
1292 192 1818 390
613 80 2574 2618
1921 1183 2515 3891
481 223 1204 2429
822 2626 1868 3367
1933 844 3782 2905
20 174 3014 2031
146 2134 822 3283
1419 656 3265 1950
592 191 961 969
438 960 2017 1830
1384 438 3054 1347
340 1833 3128 3075
3151 1911 3258 3805
1749 325 1845 1119
669 2444 1250 2770
129 1652 3879 3115
1708 2359 3531 3486
1857 880 2913 1287
2480 928 3424 3769
1960 3425 2321 3716
104 1632 2079 1802
1325 214 3301 618
1918 657 3142 833
3 330 295 1030
1516 377 1704 2405
1395 155 2829 1152
1824 675 3581 3655
1551 2302 3463 2311
111 2670 3421 2843
109 848 3293 1388
457 424 2249 2606
760 1267 2239 1981
1254 403 3318 2299
1910 104 2628 3457
15 1174 3899 1905
1633 2319 3989 3877
1250 2144 1586 2721
670 598 1911 1408
248 988 1503 3465
1046 602 2486 3430
3840 103 3948 2840
394 886 3318 2641
535 2106 977 3025
1407 1441 2426 3557
197 932 478 1563
103 40 3333 183
519 1238 3775 2756
282 194 2914 3405
1497 1085 2594 1607
496 1162 3181 3664
1673 673 3164 1724
1454 28 2645 2888
3460 1543 3692 3226
121 256 3749 1804
238 2546 3169 2693
555 1738 3279 3332
1282 46 2333 174
683 1276 991 3118
533 2254 3279 2267
2430 373 2618 3866
2982 229 3357 1917
274 642 1574 3917
1031 1975 1219 2728
555 2969 2192 3575
685 1476 3870 3025
849 3158 3485 3592
157 493 2994 1795
861 1632 1761 3511
1188 1247 1936 2229
259 792 2254 1619
505 519 2909 1384
2252 875 2559 3927
2826 20 3876 1342
602 2622 3659 3730
1846 819 3707 3431
1246 655 3471 1258
233 894 3959 1627
20 1237 635 2730
182 2605 3664 3847
1419 220 3900 1915
1398 1404 1826 1915
74 3432 645 3956
2742 790 3657 2622
847 303 1669 904
643 1806 1084 2386
668 964 815 3519
1654 2594 2205 3822
364 5 3058 3887
413 454 869 2436
460 252 3246 3631
1335 2085 3685 3325
2421 3271 3203 3411
1501 1667 2181 2673
1943 179 2740 3563
36 79 3464 983
1239 539 3061 1471
559 1264 2450 2357
449 4 3862 848
2523 1984 3924 2660
2575 288 3420 2028
240 468 1436 2779
390 3353 3564 3798
3171 23 3783 1622
696 786 3003 1253
938 2472 1661 3560
2792 227 3004 3967
1181 2432 3043 2927
736 735 2900 3922
535 1186 1668 3448
2919 131 3307 841
718 253 3398 1581
1473 859 2848 1210
2164 464 3955 3057
367 329 1979 1062
2305 718 3697 2687
3310 2577 3894 3806
209 538 3520 701
680 751 1544 2260
947 667 3684 1870
997 3317 3823 3765
2107 284 3447 3295
1334 12 2377 3037
662 1209 1550 1823
3 264 3876 2516
1258 412 2035 1564
2777 347 3141 1823
2171 1673 3129 1966
1159 2476 3129 2777
2196 2861 2988 3921
1167 1841 1263 3632
71 1446 3344 3608
573 53 1110 2974
1972 2412 2480 3459
2819 1481 3690 3803
899 70 1745 526
1996 1427 2236 1986
2999 2460 3386 3123
173 1698 2544 3282
2343 1748 2790 3765
2170 864 3417 1546
1190 568 2457 3306
590 111 1312 3557
196 2671 2726 3711
663 750 2383 3407
1516 1691 2228 1969
1187 2159 2346 3461
229 285 1364 2457
580 1418 1878 2471
61 31 1728 1071
2562 1958 2807 2327
475 604 3062 1730
1456 1360 1541 2272
1364 699 2334 2284
386 799 3880 823
219 2887 2647 3826
1392 2190 2847 2713
444 1569 2814 2875
727 2074 3604 3292
132 720 3123 2431
477 644 2267 3294
195 1210 1335 2162
388 2421 1072 3313
205 2590 2482 3507
583 629 975 3847
928 838 3443 848
375 424 2162 684
592 1262 3650 1301
2218 1732 3856 3427
1862 2373 3932 2766
1073 2930 1369 3467
3348 55 3509 1782
1404 2826 3315 3133
249 2484 395 2688
1819 2973 2987 3928
577 1466 3749 2991
1767 922 2308 3575
711 1492 3424 3304
1944 1610 2632 3777
1076 2848 2249 3967
2042 2179 2667 2763
416 2186 2195 3679
1522 40 1820 3807
1080 2810 3802 2932
369 1810 2975 1883
1419 2681 3880 2788
1861 1865 2356 3493
809 1045 3628 3961
1052 513 2144 2418
185 794 248 3315
1679 2315 2609 3376
579 415 1215 1458
492 1039 630 2911
1081 2007 2206 3610
1091 1148 3028 1546
152 1259 3780 3209
337 1112 625 3622
1282 338 2566 2657
2162 1147 3703 1276
2115 2707 3845 2787
1964 4 2865 586
569 2010 3731 3053
521 1196 1697 1338
1025 680 1760 3044
294 2589 3378 2656
802 1281 1061 1522
3064 1167 3874 2686
1391 506 3665 1830
1793 768 2307 3710
431 3650 1339 3974
207 1812 3484 3116
364 3243 711 3779
2676 2017 3643 2495
75 1910 3117 2803
906 1391 1260 2453
58 2172 3908 2319
11 623 1821 3765
2644 501 3884 1109
3390 769 3905 2182
2679 1905 3647 2725
1698 1617 2594 3942
2391 1145 2844 2795
2753 1668 3528 1838
3500 834 3997 2308
1667 904 2121 2533
1239 1439 3796 2858
2446 1565 3756 3485
1329 935 3702 1048
562 1464 2237 1753
2498 3691 2903 3988
1923 2471 2562 2994
346 88 574 2419
346 1316 2368 2351
1201 3723 3346 3783
1719 3176 3111 3402
1517 3003 3893 3899
2160 1167 3133 3735
59 1004 3939 2280
731 1881 2079 2733
3031 2807 3473 2968
1273 850 3669 3614
1478 1152 3966 2328
519 1024 3697 2889
1364 1693 2872 3756
2331 2357 3803 3911
1235 1749 2294 3502
446 3341 1887 3847
2215 1450 2608 3582
1614 2271 3124 2418
207 1707 3671 3853
682 431 1812 2399
2896 305 3721 679
2579 974 3524 2326
288 1776 3258 2895
1740 2786 3286 2938
480 1378 3749 2150
1167 1793 1935 2361
582 1366 766 2743
778 3707 1711 3800
2052 197 2650 1421
3438 1631 3998 2846
3168 482 3804 582
2829 944 2907 3438
1165 186 3565 2749
100 676 2076 684
1189 2855 2042 3430
1238 86 2288 3957
1259 572 3922 2704
1534 1832 3083 2432
745 998 3428 1220
256 1739 530 3542
327 1653 3250 2510
1372 209 1591 544
866 1558 3614 1652
1055 593 1787 656
185 1450 3961 1706
53 1941 3074 3808
1810 1777 1848 2003
939 2367 3966 3670
1323 748 3951 1588
1505 547 2916 1804
2279 3474 2671 3993
145 1253 3950 3774
136 932 2295 2595
1899 1690 1907 2893
2469 311 2714 1162
87 143 2445 2018
802 2314 1896 3356
2693 2013 3979 3062
4 755 223 1846
937 730 2687 3986
215 2456 3348 2608
722 488 1749 2052
878 1064 3555 2514
3798 1430 3909 3687
512 192 2695 3705
323 2734 1930 3036
3275 2797 3717 3031
750 1509 1728 2023
1903 2258 3436 3478
1178 2487 1334 3064
42 612 2073 2029
1588 2264 2255 2699
588 2604 1635 2994
698 169 1133 1672
759 511 2676 2036
2028 879 3995 2574
389 201 3259 2979
1306 2448 2441 2454
1842 887 3186 2385
792 661 2536 1752
2493 256 3516 3754
2265 3740 2923 3785
1033 1292 1838 1373
598 64 1252 3893
1458 739 3226 1269
25 2049 1471 3989
499 1314 558 3677
48 32 81 2872
2464 1614 3984 3624
636 2299 3805 2808
1521 306 2667 3405
1936 2053 2516 3246
1379 2628 3715 3905
912 1096 3364 3707
1598 1173 3590 3869
2063 545 2276 3430
841 661 898 2679
89 1051 1701 3712
2722 933 3952 2592
602 256 3427 3335
450 1110 2225 1340
1286 2052 2250 3698
1192 1103 1570 2993
2446 830 3982 2297
3388 963 3986 1113
1118 2735 3337 3076
2384 1139 2644 3828
380 1059 3653 2221
1893 3536 2303 3741
501 1253 1771 3801
1322 39 2623 1507
2659 1107 2921 2181
2735 336 3204 3601
1202 78 3982 556
1510 1716 2974 3657
602 13 3586 2186
3423 195 3766 2512
64 2935 2020 3436
3053 2372 3720 3698
432 761 720 1897
823 1626 1561 2691
1008 3213 1359 3553
2506 171 2721 325
1742 2438 2897 3748
2630 881 3783 1632
904 812 2914 2329
1224 773 2856 2131
483 1106 1173 2061
1808 2643 2948 3885
908 2350 2457 2634
411 876 1406 1776
165 644 1765 3672
2138 574 3052 1274
17 451 2513 1870
1193 1512 3891 2126
818 880 3088 1674
754 1332 3093 2783
1193 1750 3463 2946
2155 1853 2565 2626
1256 738 3160 3267
1717 1404 3412 3428
413 491 2651 3660
1544 328 3985 423
3467 792 3492 1692
3784 906 3796 1776
171 3184 1424 3559
3008 3064 3969 3305
2331 2 2863 3420
1959 3177 2199 3445
113 1588 301 3470
300 1500 1759 2875
199 2423 1336 3633
2390 365 2698 1181
1381 492 1477 3771
2379 2698 3213 3448
302 246 2793 2041
1460 1594 2490 1867
46 3068 2048 3339
2047 3257 2667 3733
1801 1125 3742 2564
2464 14 2916 149
2154 1736 2213 3541
1786 243 3891 3721
2008 1691 3568 2922
171 460 3920 593
533 339 3265 2386
2729 2466 3537 3233
1591 1856 3355 2575
624 624 2234 3451
1096 2126 2724 3673
189 3088 3652 3956
701 974 1173 1413
482 2666 809 3762
1313 258 2568 651
2437 571 3073 1440
1431 397 2066 3474
414 231 3006 239
1645 206 1840 550
615 74 3818 1674
451 485 1537 2542
1567 2013 2329 2706
2795 1459 2879 1828
2294 2401 2317 2567
1507 575 3048 3160
1473 2141 1777 3485
2402 2068 2593 3896
1616 448 3539 1599
810 102 1524 471
480 1439 1857 3932
874 1598 1965 3420
2621 3175 3379 3243
3053 363 3158 1605
2511 1013 3947 2349
772 2316 1148 2994
2757 657 2967 2142
700 924 1664 3100
1658 166 3240 2047
486 697 794 3467
752 1417 3517 3007
529 1114 1079 1729
1478 3275 2990 3380
1390 1178 3139 2456
1308 835 2140 3682
1824 534 3977 1100
740 673 3610 972
2649 158 3591 1183
451 1813 2221 3877
668 1453 3921 3673
572 2008 697 3860
272 3397 1486 3709
2198 893 3780 1797
2138 376 3411 2927
780 507 2743 1490
2690 641 2776 1742
2692 612 3734 2208
113 3009 1131 3409
950 872 1739 2889
162 373 3714 3794
612 102 2341 1223
2075 360 3256 2504
1076 1093 3771 1730
1132 0 2671 591
1491 166 1844 2475
1490 1971 3291 3703
1851 479 3258 499
546 859 602 1347
752 1487 1006 2238
721 611 1662 2368
2323 192 3105 3022
1273 2433 2341 2846
2581 1243 2583 3634
326 2555 713 2841
3383 667 3415 2521
573 2662 1243 3905
1898 3531 2136 3821
1056 2574 2347 3933
712 1515 1199 1900
3220 1919 3978 3397
2977 3195 3161 3436
617 1823 3497 2449
229 392 3272 3606
1111 2948 3670 3836
1013 791 1443 3866
516 365 1805 1893
1291 1450 3202 3286
2777 1706 3859 2651
263 896 854 2032
1590 882 2252 1075
687 521 2453 3165
391 26 2588 3339
3404 213 3550 2281
1639 1799 2046 3029
2226 2966 2771 3697
1753 376 3995 557
2904 407 3083 1010
155 2767 3883 3641
41 757 138 3922
1471 875 2031 1176
856 961 3704 1182
2317 1329 3742 2295
2544 338 3502 343
911 1194 3704 2391
721 275 3710 3271
2379 2044 3899 2533
277 1217 2719 3369
1090 2107 2006 2637
197 2657 2726 2977
113 1382 1871 2894
1087 2 1315 857
2765 13 2837 2372
569 1725 3006 3601
260 9 657 3578
1991 193 3997 1641
3498 2815 3900 3189
1686 810 3646 2316
2065 190 2307 2218
486 2783 1594 3904
1138 1055 2626 3632
1314 2586 3941 3260
1107 776 1452 2516
1022 1411 3817 2136
1738 1942 1755 3637
219 1273 2330 1735
1172 1241 3074 3246
2738 250 3323 304
533 1350 1956 3401
1045 1667 2157 2534
1066 3795 1557 3982
1646 1443 3277 2349
951 363 2548 3820
1844 691 2863 2815
2468 1816 2527 2722
362 471 3780 2244
2585 179 2885 1358
2008 2125 2272 3999
1825 1370 2341 2295
2107 3 2927 2384
62 1866 798 2247
491 118 1573 2342
2469 555 3871 3844
583 1409 2298 3545
2247 31 2668 3760
1979 1314 2064 1391
1615 1112 1813 2194
67 102 3634 963
1532 2087 2021 3107
672 290 2437 2503
798 666 3695 1173
329 2111 2107 2167
3005 3044 3359 3362
857 1423 1648 2655
53 2436 3164 2957
1156 103 2296 3545
652 1505 2912 3249
2422 216 3743 2319
2417 1839 3237 2708
2021 2908 2648 3480
2750 28 2820 1466
432 2817 2091 3510
1873 527 3419 2376
3162 421 3652 2323
3602 385 3623 1670
1619 1927 3615 2124
1158 2694 1639 3393
129 329 1466 3072
253 225 3252 1183
252 1077 494 3595
836 1634 3053 1654
2195 2373 3082 3471
1687 705 1786 2686
609 2160 3628 3581
949 494 3388 3438
1981 429 2693 3567
1971 1513 3671 3227
1989 1722 3830 3393
221 2296 2205 3082
692 400 3919 1785
1512 1543 3214 3807
387 1647 3955 2866
248 900 2240 3383
2015 482 3210 3177
217 2832 672 3681
164 2663 1889 3753
1078 1334 1858 3983
1319 14 3544 3706
360 1894 3894 2602
505 1457 899 3981
818 747 1935 3862
1589 1022 2634 1915
1028 1724 2453 3831
3051 283 3114 903
1209 1553 3075 1901
1827 170 2999 640
157 661 3834 2675
179 471 680 1189
120 618 467 3648
832 1299 1183 2627
630 946 731 1795
1733 1181 2576 3070
1543 645 3385 2468
2227 2697 2887 2977
1192 2492 2800 3820
63 2369 778 3585
1744 719 2333 1825
352 0 2200 1718
3720 1469 3795 2043
668 1680 1165 3866
236 1780 3686 3622
2693 1581 3480 2458
1891 1604 3366 3776
746 2032 2672 3708
471 3934 3900 3954
15 2840 2796 3809
253 2864 1362 3264
1668 141 1778 781
441 2203 2668 3834
55 738 1708 1474
783 2151 1965 2259
148 2252 1245 3220
1204 408 2074 2418
1732 1201 2989 3281
2174 1600 3171 2430
1813 612 3583 1353
1007 2648 2751 3148
2361 701 3111 1288
2146 2490 2372 3291
1878 252 2831 2422
52 534 3440 3969
109 16 1716 2357
606 31 3826 2691
450 1990 1857 3928
1927 1449 2604 2754
1504 223 1747 1447
1451 1242 3243 2210
1539 1369 2213 2586
268 285 1287 1073
1623 1079 1673 1974
1992 2557 3878 2671
578 241 3243 2602
5 252 1932 2039
1792 203 2257 2090
287 1860 2548 3915
1761 2702 3398 3251
1839 1091 3082 3595
669 1031 3652 3886
791 462 3230 2180
1864 1141 1873 1666
2349 330 2509 979
1548 1970 2364 3432
844 1325 3529 2078
2051 990 2926 2468
849 1493 3309 2765
217 966 1030 2026
205 1124 283 3273
523 931 1911 3275
3185 1523 3641 3183
1907 2978 3603 3334
617 392 2829 3905
639 250 694 2257
1179 1221 2263 1573
77 563 492 2674
2959 2175 3574 3413
981 607 3577 799
87 1427 3938 2378
393 3372 3861 3522
784 3303 2755 3444
1374 714 2930 1115
14 500 3272 2721
3506 2377 3762 3203
591 2231 1507 2311
1393 2718 1991 3542
547 3060 1809 3831
3420 1178 3949 3312
1929 150 2507 2622
1665 1038 1719 2055
2421 1145 3602 3622
818 2183 3842 3818
2510 3053 3606 3711
2043 1860 3922 2274
1399 636 3209 774
2465 2808 3056 2846
853 362 2158 3693
652 1148 3928 1460
608 561 2367 768
108 2734 1550 3796
105 3259 1170 3825
1139 684 3743 1106
243 135 3887 1303
2872 1658 3952 3298
696 248 773 3065
139 558 556 2482
2286 2057 2945 2270
1585 2749 1848 3244
3148 2370 3490 3307
478 580 3213 3196
1528 1078 1978 3497
1507 224 2712 3903
574 1235 3480 1602
1221 2500 2794 2534
2133 829 2808 2210
1021 1705 2573 2111
153 957 1800 1180
390 175 1255 3855
10 1940 832 3836
163 984 2747 1107
874 1480 2306 2559
1830 86 3107 2532
959 1434 2319 3185
1208 1466 2857 3472
2179 1738 3043 2013
340 2835 2088 3491
2219 2516 2925 2544
1203 1294 1484 3695
2502 1405 3072 3869
506 308 2607 1521
330 925 1153 2239
555 583 2728 1720
1632 181 3957 2880
31 940 2527 3864
92 747 2487 1331
667 1689 1677 2113
1233 637 2480 1796
243 1356 430 1889
952 1918 1298 2661
460 597 3282 1445
1259 2142 1305 2542
1190 1678 3010 2890
1212 2720 1699 3651
17 36 1344 101
396 423 1320 2842
785 2820 3032 2841
453 1279 906 2113
463 458 564 3386
775 3142 2244 3804
2306 214 2514 1190
246 336 3304 1583
521 97 731 2052
524 467 1388 3322
272 1102 2670 1940
3260 304 3643 2022
2 3282 2331 3380
3561 2729 3668 3040
1052 3420 2162 3747
162 20 3489 2938
1008 172 2209 2699
274 2254 1601 2954
1529 1600 1561 2432
3547 888 3806 1506
374 137 1842 1783
3703 971 3936 1810
2634 1439 3675 3538
1718 1340 2273 2077
2642 2535 3077 2896
3057 360 3419 837
2273 1292 3426 1373
339 2477 1130 3020
1291 689 2152 1112
3385 264 3496 2009
1512 175 1629 1187
1054 2323 3003 2348
2801 591 2902 3600
612 684 2888 3774
833 2639 1155 3856
710 2270 1720 2437
148 151 3395 3524
563 1956 2485 2464
2361 625 2450 872
505 1727 1245 2657
422 2077 2796 3835
674 3065 1085 3624
2474 79 2530 3193
1122 2215 2286 3016
2114 3789 2345 3939
2454 241 2735 506
951 2107 3531 2798
146 1631 3587 1842
2359 106 3522 586
852 1472 2037 1660
219 120 3960 2978
367 2228 2097 2611
164 2285 2167 3155
1629 739 3554 3720
56 1213 2354 2222
1739 296 3323 2183
264 1450 3827 2538
3762 2758 3941 2860
1406 847 3751 2397
1914 563 2734 3147
501 512 2397 1613
631 2328 698 3790
1121 1488 2875 2425
3150 585 3463 3380
241 1759 1162 2255
1015 1805 1446 3391
909 3214 1650 3293
1985 2769 3618 3391
2456 808 3857 1284
2261 2619 3386 3217
1019 476 3209 3863
1204 319 2935 2933
3606 1000 3714 3653
2472 1875 3092 2227
1973 705 2334 1513
2414 1350 3900 3914
2016 3190 2703 3723
1273 835 3352 3460
2667 776 3439 1941
1630 961 3429 3729
120 339 577 3172
3531 566 3871 3934
3327 2262 3749 2850
744 1726 2642 2020
791 2500 1477 3094
510 1048 3925 2710
218 730 1157 2229
1257 216 3048 3843
1669 785 3031 1601
1424 1840 2538 3178
2062 1686 3568 2143
2214 2952 2757 3604
175 2567 3893 2600
1630 2166 2568 2410
1527 990 1852 2837
547 2623 2395 3387
2446 2349 2647 3017
2703 3526 3569 3965
129 1362 1403 1457
1475 2229 3855 2249
2226 1319 3970 2201
1042 907 1502 3802
1617 1730 3967 3807
1877 227 3415 244
1938 486 2529 2455
1949 2452 3867 2574
2138 1871 3347 3829
1741 1079 2874 3990
144 1451 3901 3893
1969 3415 2016 3574
194 241 2529 2242
292 3008 3637 3334
569 1298 987 1698
1378 298 3151 1440
612 723 2439 1781
2429 2857 3090 2979
1645 2096 3293 3130
1214 979 2694 2218
1420 1807 1454 2927
637 205 1574 3554
2013 340 2327 584
1363 2572 3013 2645
318 220 2464 828
367 194 1243 812
849 3349 1000 3937
999 1340 2918 2460
1647 431 3882 2553
295 401 353 1309
7 3173 1951 3285
2351 952 2729 3714
588 2628 1462 3716
778 2361 3868 2755
1383 160 1741 3340
2096 1485 3884 3855
612 1332 1327 2031
791 72 1178 1359
1589 1280 3157 3719
1693 2282 1819 2517
1426 1865 3207 2822
308 2250 2430 3391
1124 315 1806 2373
379 1602 2889 2894
1328 518 3918 3357
880 547 3889 934
666 1223 1174 1529
2623 8 3384 3899
1856 128 3643 265
1960 922 2836 1156
406 1813 2232 3976
45 878 315 1134
440 553 1311 3749
296 4 3747 2967
574 2593 649 2956
141 1736 1232 3453
918 2599 1785 3376
847 1821 3908 3266
1653 1965 3026 2122
1817 2655 2764 3714
649 3745 3248 3856
335 129 3762 1851
1615 3016 3317 3612
235 719 1226 2582
117 741 2338 2028
3015 361 3382 2353
2386 191 2810 2966
1333 355 2349 496
609 345 3721 3233
44 1887 1336 2823
366 1545 3888 2116
2976 105 3347 2553
1341 816 1737 2602
2076 1079 2974 2660
60 791 220 1759
1216 459 1355 3203
877 2646 3577 3783
3415 1167 3772 1313
280 1881 3916 2780
307 1923 523 3929
861 152 1018 1411
132 82 425 2212
1346 327 1690 1663
240 2016 2548 2983
1284 1537 2604 3922
600 996 3971 3340
1757 947 3681 1395
1562 533 1756 2155
3562 436 3649 649
2485 2603 3980 3593
387 434 1092 3567
1385 3249 2132 3877
489 2907 511 3762
1247 50 3773 2437
1715 1858 1882 3954
178 2784 2148 2827
1041 689 1310 1051
644 2549 2999 3359
2318 1785 3358 2222
907 3173 3805 3676
454 1918 3843 3929
2762 733 3673 3725
3056 1822 3933 2786
1783 542 1914 1337
1661 1175 3650 1906
2218 277 3479 2358
629 105 3705 1060
1927 79 2876 1531
1898 1188 1914 2906
2264 234 3824 704
253 1348 3972 2154
1724 568 2248 886
90 726 2129 2477
453 1594 3891 2076
1263 615 1996 689
475 397 725 1907
406 2062 2271 2378
288 1994 2224 2223
1434 1740 2187 2692
1082 1223 2944 2705
1443 3206 2655 3480
662 217 1682 2200
2637 341 3333 1465
1425 3151 3726 3412
1752 3254 3576 3910
194 402 2762 579
187 1835 2886 3927
1208 253 2009 335
2829 1156 3907 3036
658 661 910 3850
2068 2574 3047 2751
191 1308 3030 2452
1468 767 2254 1829
1774 3021 3026 3471
369 93 3789 3348
716 1912 2133 3459
243 2245 3325 3578
1421 770 1835 3775
1039 1343 3367 1810
2131 2909 2552 3796
33 3251 3793 3705
58 1456 3928 1552
238 2 597 856
991 1182 2740 2227
2180 1650 3308 2567
1857 2271 2028 3046
1088 97 1125 2481
1137 673 1241 1683
1064 2734 2174 2876
273 248 1387 516
259 2338 1665 3628
1116 1983 1560 3225
218 1699 3866 3648
454 248 3213 1997
1219 464 3116 2986
1643 1460 2751 2695
2409 1032 3041 2896
375 231 3349 1663
687 927 2912 2741
2557 822 2827 2450
2252 1514 3566 2490
493 1764 1770 1949
1008 758 3567 2222
516 1952 572 3716
1935 1656 2692 3649
1722 2006 3181 3083
174 2454 1868 3731
1084 142 1729 3960
2840 179 3500 3827
3496 1031 3626 3976
1159 515 1989 2781
45 1912 172 3183
1149 1350 3898 2786
692 826 1710 3199
2670 18 2903 1441
612 2834 2405 3525
607 1548 2353 3423
1078 54 1709 2519
1255 3308 2879 3755
134 3509 1098 3669
38 1801 113 2899
2185 228 2551 1355
1476 445 2147 1834
1401 364 3813 2719
1662 958 3454 3088
1134 215 3452 3488
1857 1387 2716 1695
1161 500 1206 3137
608 1054 852 2488
2178 1492 3362 2643
3145 259 3216 724
3706 1111 3900 1545
3056 2685 3187 3250
1544 776 2062 821
1791 201 3591 868
539 1045 1446 1413
2480 2279 2874 2667
1799 1209 3726 3975
187 2289 3995 3103
690 0 2376 1288
1018 2819 3391 3243
1842 2192 2153 2321
2383 2055 2733 3837
2779 190 2781 1015
3202 1034 3486 1509
2921 3438 3474 3524
2103 2210 2275 2967
568 883 3209 895
3129 1911 3442 3856
2540 748 3632 3813
1693 220 3885 1444
160 1890 2725 2343
1622 2942 3033 3067
824 108 3138 3686
586 2142 3369 3928
1054 41 1794 165
8 35 2029 895
1855 2238 2277 3255
213 1986 290 3713
1455 341 1917 1790
163 2384 3409 2594
443 2413 1016 2678
2537 3648 2969 3815
1102 167 1967 2306
995 26 1036 408
437 1512 3310 1714
2767 404 3473 2165
289 1483 1159 3554
2205 2208 3663 2280
23 1982 1286 3765
1789 3338 2670 3419
1178 1927 2226 2935
1538 687 2183 3537
3033 1823 3350 2995
506 1412 648 2715
2131 2176 2939 3381
599 614 3386 1929
1719 2880 1910 3088
34 1172 63 2996
3024 2965 3157 3197
679 1417 1523 1611
1082 218 3044 1276
2206 1994 3183 2842
1428 2630 1511 3459
1112 1574 3609 2115
3558 1542 3589 2917
777 2566 2241 3828
3637 190 3942 3096
638 112 1879 618
605 3352 2634 3803
384 507 1259 1826
1498 1983 3365 2980
1931 1521 3878 3015
1315 141 3687 656
1911 1530 2732 2697
1968 52 3897 2211
2956 687 3542 2613
215 3078 3595 3798
834 887 1098 3913
2116 178 3515 2350
1225 1607 3859 2931
2804 935 2842 3723
1779 769 3243 3026
1166 2365 2899 3164
2670 1020 3693 1268
1234 71 1970 3305
924 1982 1613 2931
448 2340 2665 3801
3134 664 3298 3771
3168 109 4000 1865
2530 287 3391 565
1404 79 1711 1512
108 175 2806 2037
633 747 1138 1622
1272 246 3291 1848
2161 177 3600 2514
2697 913 3862 2644
1890 331 2281 1521
2528 1467 3609 3670
875 3177 2893 3292
2600 175 3562 1054
582 777 2450 2823
501 2516 3397 2772
805 1447 3584 2783
930 2265 2640 2856
1291 1113 1327 1808
290 605 1360 3495
2749 2518 3121 3873
781 2493 2275 3516
439 2730 2200 3632
1657 399 3228 3463
100 544 1831 1931
2272 2548 2875 2733
1775 1874 2639 3653
818 535 2174 1788
293 1017 483 1811
952 240 3111 3429
2151 2167 2722 2385
452 1047 875 3501
1638 604 3808 2326
1075 68 3491 1401
296 798 3623 2739
1497 113 1672 2454
1288 455 2986 801
722 1139 2894 1388
2574 1741 3508 2201
812 2651 2020 3089
96 237 2982 3825
1171 2077 3910 3269
1178 1454 2981 3583
2576 2343 3859 3130
2138 639 3858 1479
999 3039 1786 3423
1991 963 2275 2990
432 1325 3657 3815
271 305 857 1080
1712 135 2055 485
173 283 2562 632
361 455 3015 1014
995 253 1695 3029
378 940 2363 1831
749 2474 1434 3513
279 1288 1666 3859
523 848 673 2998
819 2093 3754 2318
1132 51 2635 2448
655 901 1322 3531
2172 1753 2643 2614
3533 1424 3679 3561
1585 1262 1903 1596
1184 1072 1968 1627
637 985 946 2244
254 3324 587 3584
55 828 3644 2066
2260 462 3408 3427
1285 524 2251 1628
3295 983 3921 2026
1192 1169 1684 2533
1815 1896 1987 2303
1416 1024 1715 1402
288 1613 2511 2982
1288 302 3276 3730
3394 2818 3491 2896
1082 1174 3265 3972
1157 222 3030 1262
301 162 1980 1437
3222 594 3993 2751
1151 2139 3052 2654
78 1137 1227 3918
978 2033 2524 2506
162 327 3539 2917
1234 933 2003 2849
91 196 1764 1490
1718 1291 1983 2673
1035 268 2086 809
12 860 1564 3604
2359 1284 3280 3553
49 785 712 3852
2557 1289 3785 2839
517 2326 2017 2790
127 1244 2021 1922
1812 2 3323 568
1580 1233 2228 3260
289 1667 2843 2856
1062 2249 2056 3690
931 65 2338 3710
683 179 1219 3056
105 889 529 3121
1080 2219 2513 2703
1445 735 2249 1609
215 50 1075 2482
2106 60 2786 1532
3468 2614 3978 3119
487 766 2718 840
2177 1923 3066 3806
413 1850 2900 2759
1294 2017 2965 3587
525 1702 3333 3696
1939 1340 3758 2924
1856 2326 2601 2973
2046 1189 3201 1789
3354 1838 3513 3618
2143 2587 2695 3390
2685 2474 3463 2542
740 199 2993 2490
374 627 1526 726
2750 1887 3621 2766
3063 1299 3343 1933
1390 3247 2496 3673
1078 2416 2749 2708
1628 2249 2059 3336
2422 685 3799 2145
2216 3334 3020 3640
561 1126 1616 2653
208 410 3450 3666
1786 662 2820 2784
2108 45 2913 3575
875 167 3508 856
2152 320 3810 3748
1649 528 2489 3692
1884 1185 2474 3303
91 1001 2658 1776
1330 2753 2724 3503
346 772 1071 2732
1888 977 2523 1536
573 1481 1595 3063
246 282 1690 2425
1654 2077 2298 2099
2035 978 3675 1808
1560 1152 3230 1373
1068 1508 2772 1930
194 1595 340 3948
3437 796 3758 3287
3574 143 3972 646
810 521 1456 1320
419 2669 2877 3286
1653 616 1899 3679
509 562 3118 2019
2203 2264 3439 3127
24 564 2901 3197
26 1529 3776 2256
1273 2126 2471 3985
2431 2991 3315 3328
1345 1622 3791 3621
1474 1890 3935 2484
485 10 3380 1592
137 1488 2863 2476
3540 896 3982 3590
1237 2687 2073 3543
410 1978 3753 2548
896 1239 3462 2085
301 597 2865 1523
1507 669 3540 3821
41 45 2641 3596
311 728 1537 1093
510 776 565 2169
1572 1336 2637 1664
3286 1852 3417 1962
620 1857 3252 3155
670 518 3049 3693
700 1172 2048 2074
1835 251 3418 2547
902 277 3778 1083
1163 1116 3635 1737
321 734 1800 1151
2695 1277 3269 3415
1207 2046 2571 3829
587 1512 1371 2018
127 1680 3826 3730
1861 3117 2685 3439
182 2697 3531 3171
912 3467 3648 3703
907 1649 2176 3236
2681 2539 3082 2815
50 118 1526 1548
10 642 1914 2555
3174 1723 3616 3226
544 1898 3679 2724
2753 286 2755 3109
2130 3047 2869 3380
1526 849 3037 3433
152 1017 670 2653
319 1944 3049 3816
1563 1576 3561 2916
1579 3108 3815 3907
1141 89 3681 2806
3240 1385 3865 2057
3061 2756 3773 3104
3021 93 3489 2373
1997 2330 3050 3604
1444 1146 3629 1583
1897 1736 2410 3342
800 1543 2879 2564
771 441 1027 3659
1587 2601 2866 3731
1979 1334 3964 2600
995 1936 2788 3446
89 291 1009 473
3413 245 3654 2763
2161 385 3702 1153
551 993 749 1468
665 2634 1055 3576
554 1491 3069 3438
137 14 2538 3595
2671 566 2788 866
344 3734 447 3878
2021 1005 3310 2498
1285 204 1448 2308
872 781 1238 3332
1540 1834 2894 1845
2990 1844 3854 2141
2526 2110 2755 3317
1163 1082 1829 2082
126 2497 2600 3992
1161 740 2135 1210
723 572 1790 1102
454 2975 546 3158
3856 1062 3953 1552
460 693 2960 2028
1751 2558 2699 3017
3363 92 3616 2907
34 755 1592 2843
1548 887 2065 2371
245 1468 1198 3457
1581 792 2587 2724
1423 3333 3725 3729
2197 2972 3933 3108
920 2054 3283 3995
1508 212 2402 3611
2051 1463 3892 1493
1506 1120 2421 3916
919 698 1694 3646
394 3270 1285 3787
225 967 1135 3740
69 653 575 2285
2285 58 2895 1117
1329 721 1469 2284
3002 2637 3458 3035
2477 489 3591 2042
1632 1725 2927 3678
1313 1555 3446 3839
3329 606 3952 3691
129 270 2484 3552
3577 611 3824 3229
1675 1681 1919 2260
186 487 2684 3734
1153 626 2652 726
272 1825 373 2991
327 1402 1426 3857
342 1357 689 3462
537 1200 3387 1798
3050 1156 3633 3641
186 2370 3579 2653
418 710 2173 2672
1365 1200 1542 1273
1117 2751 3201 3581
2407 453 3626 2778
1936 2444 2613 3817
1891 1804 3031 3040
712 3371 1702 3901
2827 1384 3218 1909
2197 1362 2789 1380
3108 3606 3488 3958
2456 2841 3148 3126
577 3285 1700 3513
1803 741 3357 2174
55 897 2594 2666
1235 2710 1807 2817
991 2 2212 3295
1736 1926 2675 3004
1290 95 3684 3653
222 15 2217 3392
841 525 2324 832
2559 1612 3392 2613
1911 2188 3904 3623
1875 863 3237 1657
381 2093 1720 3488
842 314 3446 1282
401 2905 796 3576
647 1277 3114 1395
3535 860 3719 1748
327 3479 2047 3849
2733 499 3271 3772
907 1877 3137 3606
204 2086 636 3579
1190 1219 1267 3735
1 261 137 2754
1427 330 3375 3876
344 1571 2386 2108
1434 794 2110 2420
1116 805 3777 1485
973 2548 1494 3707
3086 284 3590 3874
553 3880 3764 3975
265 737 3503 2154
698 2517 2925 3293
3245 81 3455 3550
1389 1738 3587 2828
689 2518 1867 3957
2465 1364 2495 1607
1458 126 1638 2938
1954 2050 3205 2306
518 1838 2856 3463
792 629 3943 3300
1855 1478 1985 3653
504 1250 3543 3402
38 855 266 2157
2169 2570 3917 3598
1032 1337 3299 3871
305 786 2914 2652
714 1027 3946 3279
258 753 1750 1830
940 2969 2648 3370
1693 1331 2444 3087
1160 476 3079 575
975 2170 3230 2842
1322 1095 1641 1975
1183 137 1620 3720
2779 1288 3440 3894
968 2542 3415 2915
1254 1558 1998 2209
747 337 1812 1555
2387 1122 3686 1664
3178 1564 3199 2686
430 1094 788 2445
2378 36 3375 1862
832 1845 3467 2298
1838 1978 2137 2588
3313 703 3995 3573
171 2271 2595 3058
385 2653 2333 3531
2123 1150 3323 3540
1014 2537 3489 3109
457 2060 878 2126
935 3372 2975 3489
1423 3117 3083 3785
1289 423 1496 649
319 1620 2440 2043
387 2683 2566 2958
1355 446 3113 1602
355 1364 2560 1758
1015 2548 2442 2738
453 663 647 1706
210 397 1121 2299
681 1604 3262 1894
1513 1438 2260 2952
1374 2024 3467 2988
1271 1708 2255 1783
37 24 2458 3795
2420 1837 2903 3772
11 1119 42 2766
309 500 3510 2642
335 385 1276 2780
780 2748 2900 3484
514 1480 3884 3061
1145 49 3081 3356
254 953 3822 2635
232 2192 2185 3044
622 1532 3502 3240
661 1310 2602 3504
1770 1233 1938 3230
2370 1175 2870 3633
229 1523 3069 1862
1038 969 1345 1108
980 689 2172 2652
2044 722 2932 1581
426 2016 1826 2835
959 1419 2945 1484
705 14 1112 143
92 2312 3318 3313
685 2385 2718 3345
448 338 871 1766
181 3137 2036 3856
509 1953 1425 3699
2297 444 3701 3628
3690 139 3798 1717
484 190 3440 1363
371 122 2730 244
412 613 3762 3140
838 3600 3323 3664
213 2548 3587 3513
841 1788 1600 1906
1052 839 3869 1949
2657 498 3996 1194
335 2968 2734 3902
1973 2035 3641 3381
175 3297 2210 3533
194 297 943 1876
2741 3271 3656 3547
3301 134 3768 1401
868 1150 888 2203
1987 316 2928 386
1149 1312 3872 1851
2742 1348 3737 2713
412 691 2662 2513
1924 1487 3236 2980
2188 796 2677 1567
2492 2494 3164 3947
385 2763 3341 3028
615 1335 3372 2204
2784 314 3278 1551
322 1038 1777 1923
867 850 899 905
2039 2228 2334 3503
1484 252 1608 1687
10 3345 855 3535
1469 905 3195 2167
1117 477 3358 1471
2536 384 2877 3660
591 583 2717 1914
1160 146 2076 1495
299 533 3624 789
1588 596 2415 804
3364 1644 3491 3774
1673 1136 3841 1948
471 1304 3874 2647
1320 1290 2039 3104
249 647 2131 3794
411 3431 3351 3677
652 2896 3370 3999
3099 653 3292 2090
1765 114 2937 2986
127 2539 738 3503
65 2494 708 2800
1432 81 3967 2686
395 833 3278 1227
3651 333 3915 847
356 627 393 1866
856 1425 2933 1649
611 165 2941 3211
1998 690 2495 1680
2507 382 2675 3335
175 3078 3972 3339
2582 1437 3420 2600
2414 97 2460 2418
721 184 1903 2834
725 1299 3993 3363
103 1984 2155 3156
2110 858 2467 3367
738 1213 3159 1362
2735 533 3000 3891
2024 400 3761 3441
2069 2550 2230 3035
3090 119 3396 1978
3138 293 3568 1210
2904 25 3690 1902
947 925 2765 2563
2461 229 3005 2812
2480 1528 2576 2246
2988 264 3423 3537
1090 2421 2223 3251
750 1433 3732 3611
1772 736 3412 1211
352 980 846 1375
37 743 3628 3694
1658 932 2764 1321
2680 289 3347 2083
532 974 586 1044
2828 1150 3432 1477
448 133 676 1355
1222 2090 3069 2993
80 991 3834 3854
931 22 3427 3630
280 1276 2181 3980
1415 1959 2060 2901
1186 622 1266 3772
967 1468 1021 2473
657 1105 3084 2741
1154 186 3124 1419
2014 432 2689 2011
334 389 1134 1986
126 496 2421 2213
657 767 2181 1200
634 3118 1104 3923
1438 715 3749 3990
1296 2144 1457 2288
1490 1784 2025 2409
480 2363 2571 3617
3437 894 3686 1050
548 1555 1767 3621
602 698 2406 2398
1467 2155 2116 3425
274 1546 2772 2860
1779 1991 2621 3883
2244 583 3503 1171
653 1806 2058 1856
689 499 738 2139
3670 2808 3729 2987
1204 155 2697 2059
66 172 966 1610
1620 616 3953 3103
296 1272 3439 3643
1101 400 3149 1044
1594 2117 2473 2420
1755 2415 3576 2889
366 3297 3696 3832
1281 864 3066 3038
2725 1677 3640 2150
3392 73 3665 1995
1444 1763 2705 3148
1367 846 3886 3725
477 338 1101 1436
2488 1562 2872 2871
1315 3372 3806 3975
1435 701 3650 2945
1473 1134 1762 1440
2064 2705 3438 3904
3196 3369 3289 3537
65 1836 1336 3298
2229 562 2425 2896
950 87 1638 517
432 1431 3774 3375
921 481 3201 850
613 146 2612 1234
1956 2009 3031 3516
1776 2768 3060 2852
1548 3215 2704 3376
919 785 3228 1084
2974 3444 3811 3618
2254 1054 2850 2074
1952 242 2524 2747
1679 692 3489 1388
685 1074 980 1593
1763 677 2424 3208
2619 2688 3134 3750
2190 1515 2680 3974
2120 3789 2986 3963
2695 1237 3717 3639
1093 597 2362 1726
211 2892 1823 3681
3070 249 3093 1339
1906 2445 3335 3735
1507 2079 3320 3015
575 607 2268 1029
162 901 1075 3377
1792 2364 2882 3310
1958 1570 3085 1976
495 336 1114 2838
56 1410 93 1489
262 1783 1210 3795
3010 253 3113 436
1389 754 3134 2665
1334 830 3484 2306
219 1527 610 3377
2996 1437 3286 2102
2723 469 3802 2833
987 325 1961 1697
2132 640 2897 2613
3305 2732 3674 3671
141 1505 1395 3203
97 2672 2279 3195
167 1141 1939 3326
213 441 1420 2566
477 2783 3260 3798
3890 651 3976 704
317 1935 2590 2015
182 2093 349 3724
993 941 2288 2363
775 1165 2969 2130
2174 1407 3701 1454
3200 1351 3485 3265
2292 1078 2905 3916
1384 1828 2984 3317
1367 456 3466 3956
722 3256 1188 3591
240 2313 2265 3522
1032 2271 3114 2486
1221 423 2265 1201
218 119 1958 887
410 568 1780 1722
2986 2847 3970 3156
744 924 931 2739
1902 807 1986 837
1111 2288 3636 2488
2363 1566 3951 2424
1216 1427 2211 2951
3032 128 3844 1324
1539 1264 2027 2016
493 329 1263 3782
105 43 149 2338
16 982 2698 2927
746 1337 1440 3773
243 3708 1351 3915
1683 507 1911 1667
2743 841 3474 2122
1601 1470 2479 3899
1627 994 3730 3483
1080 2001 3179 2285
2353 19 3988 2535
74 1260 2234 1782
2266 956 2950 2584
1287 348 2552 468
920 2784 1475 3536
69 2905 79 3158
727 3001 2195 3888
184 846 561 1339
2197 673 2669 2972
770 946 2515 1915
407 885 1018 1413
777 455 2472 3475
1108 1502 2856 3217
2006 1760 2309 3350
2020 1363 2170 2923
1132 991 3974 3011
543 337 3977 2693
1749 121 2153 1618
360 467 1482 2760
1024 2328 1551 2720
565 3599 613 3709
1307 42 1901 1633
409 825 907 850
256 2734 2682 2782
1666 309 1670 3227
55 2628 2770 3545
3440 567 3641 2338
867 798 1821 2425
612 744 2739 3440
796 797 1966 2075
240 282 2960 414
2669 3744 3329 3791
934 767 1157 1638
2386 1339 2807 2274
1438 82 1598 1653
2026 962 3896 2080
1236 103 3442 1277
1347 2572 3758 3509
503 1469 2585 2342
379 279 2054 612
2510 1808 3549 3831
2407 622 3329 3574
251 1491 1644 2951
492 2560 3898 2787
2163 1901 2581 3361
450 1107 3529 2006
836 2280 3131 2311
1178 732 3908 1598
1014 598 2669 2831
380 2688 3822 2831
3064 216 3819 1360
3078 155 3560 969
2703 407 3944 1122
3229 2138 3939 2234
1745 564 2158 994
1538 2802 1692 3438
1649 1215 3683 2980
846 2956 3171 3394
315 420 2059 3090
2156 248 2560 992
4 2353 701 3020
1469 1160 3629 3752
2321 1398 3770 1441
1453 42 2734 1259
416 1138 2272 2446
2480 140 3968 1304
2673 643 3466 2440
346 553 2193 1348
1529 2773 2641 2898
142 843 3893 1391
1876 984 2454 2663
623 121 1697 2985
1274 529 1336 1486
762 628 3876 3912
1741 472 2204 2446
2673 1453 3206 2241
2114 1127 2577 3659
938 1651 2761 3770
880 2011 2780 2094
2442 1131 3275 1941
82 2239 143 3381
2837 472 3871 1096
1583 1477 2824 2259
3 2825 3976 3478
1309 2423 2392 3913
2633 1127 3822 3633
1074 2171 3986 2716
150 309 2797 478
450 3379 2007 3627
1264 1111 1814 1983
2388 1150 2606 2942
1007 1675 3375 2475
2340 1511 3479 2016
3142 3221 3423 3931
209 1266 1093 2631
2595 294 3442 830
874 870 1901 1518
2008 633 3036 3441
1036 701 2041 953
923 2292 1067 2771
844 361 3635 2103
586 2077 3655 3989
811 3006 1708 3692
1400 1124 3312 1857
1368 289 1783 2573
3262 2734 3311 3248
464 690 2840 2036
754 3080 3137 3496
1481 670 2546 3744
3336 1532 3808 2562
373 3153 857 3914
2868 2160 3036 3482
1868 362 3947 3519
2788 3803 2842 3970
547 3417 1536 3473
1969 223 3601 3457
124 1382 523 2095
1739 2256 1745 3858
2958 2838 3711 2905
679 2094 1017 3494
1182 3596 3744 3980
2833 1814 3894 2198
701 1143 752 1581
73 3077 1154 3529
1550 2567 1633 2992
1128 1214 3155 1770
490 605 1862 3061
2055 538 3767 2961
588 2723 3723 3831
842 823 3682 3805
1194 933 1291 1448
1921 1454 2516 2676
832 422 3742 3006
2153 835 2783 3708
1820 2478 3112 3937
2418 2031 3549 2910
686 233 3032 2521
2049 537 3701 1105
1113 125 3985 3470
2166 2238 3424 3423
464 1550 3947 3655
2749 2616 3232 3526
1988 1731 3941 3538
82 1536 2133 1820
290 2836 2736 3345
2588 3232 3440 3806
1422 866 3488 2471
1610 1907 2038 2827
469 1846 2138 3473
474 2195 2967 3755
2224 1734 2502 3642
2575 970 3116 3972
1393 126 2886 1442
327 1357 579 1623
511 1798 2088 3568
2802 318 3297 1475
1385 448 2953 3505
531 1789 3939 3680
421 3259 2573 3822
852 1970 2928 2055
197 2515 3718 2556
921 1033 1913 1740
1892 473 3893 1486
167 1507 3101 2656
2025 339 2670 650
705 83 1141 2581
2837 495 3637 2399
554 493 1136 858
1700 3418 3427 3667
3191 1245 3280 3732
2433 1971 3523 2399
1485 527 2356 721
782 743 1092 2414
371 1820 832 2579
838 1532 1973 3963
1886 1209 3472 2542
218 389 1035 888
1254 3649 3077 3951
2074 1420 3996 2505
808 1978 1202 3914
2905 2329 3040 2923
48 2082 2581 3941
963 666 2998 815
2145 908 2602 2429
1097 514 3578 1534
369 407 3400 3266
1686 2075 3235 2433
299 116 1730 1266
55 2125 833 2610
51 436 1586 875
486 271 2348 3384
2940 3168 3613 3206
2731 1551 3850 3366
860 641 1198 2232
780 173 3499 2983
984 1546 1104 2588
254 295 1012 1636
1834 1286 2533 2942
560 2261 1558 3268
3120 621 3738 3132
845 3343 3533 3845
276 1513 887 3470
1049 2616 3470 2799
1721 2260 2938 2812
392 927 2238 2834
415 2494 2679 3834
1415 1000 3857 2411
835 224 3553 1451
987 797 2086 1434
54 1892 3961 2669
1408 774 2305 999
328 2447 499 3222
259 111 3093 1932
1440 408 1553 835
1386 1034 3621 1843
2011 1016 3006 1847
646 2166 3886 2515
1308 2664 3066 2965
26 1830 692 3377
952 1722 3342 2495
575 1202 2965 3825
357 1627 883 2211
2769 874 3594 3791
682 1768 3937 2467
2368 2524 3269 3929
1340 3206 1981 3874
1365 1859 3181 2769
1848 1862 2655 2544
484 224 777 1760
313 1655 975 2292
2133 2735 2792 3945
337 448 402 1580
541 643 1987 3940
1289 1048 3384 1858
1459 1925 2871 3446
1852 311 3513 3663
1395 338 3043 1914
1844 397 2863 590
1655 1637 2992 3201
1268 2511 3432 3869
236 2470 1766 2873
248 793 2145 3577
224 1683 1916 2238
1399 3226 2495 3445
1342 1255 2614 1917
34 806 1761 1775
395 1801 2172 3735
1012 2027 1582 2551
1792 37 2090 1034
1230 1775 1853 1980
94 1885 744 3796
768 1996 2212 2944
1159 3627 3702 3845
2766 142 3090 509
464 909 2504 3351
695 1199 2079 1295
3296 1134 3796 1667
1871 513 2965 3239
599 1579 894 2738
1198 167 3259 3658
66 1821 3398 1906
971 802 1296 3031
1163 654 2095 3515
1719 55 2313 879
169 2362 2446 3689
1164 357 3564 2693
3108 1984 3467 2064
289 1718 517 2057
148 235 2116 978
857 339 1486 1494
1779 2963 3091 3176
697 76 3538 3807
2991 2220 3983 2665
330 1417 400 3698
15 998 1828 2302
53 1815 1675 3749
497 107 3225 2681
2059 138 2923 1047
935 623 1792 3312
681 1050 3976 1314
1995 631 2880 737
837 1890 2033 2742
236 1337 838 2344
281 37 776 1598
3209 124 3523 3119
1854 189 2261 751
1031 3300 2833 3568
320 2384 3605 2674
3512 2457 3796 3048
1 818 1050 2717
1005 471 1725 3210
2599 10 2894 1023
1079 128 2129 2206
2335 3243 3345 3425
1575 2735 2514 3952
185 3198 1672 3726
368 412 3811 2517
908 1026 2876 2538
1481 662 3161 3552
568 1245 1186 2962
1030 1548 3446 2002
2841 122 3441 1740
725 1552 1312 3974
3561 156 3674 673
433 1617 3831 2519
2434 2600 3234 3988
440 263 1924 2619
1307 2160 3500 3161
1516 847 2986 1988
1212 1210 2185 3275
473 277 620 2592
102 1172 921 3744
225 2346 3019 3326
1908 47 2887 1032
651 573 3165 2368
750 45 2838 1167
1597 817 2528 2800
3172 2748 3489 3840
1736 550 2348 1325
3312 2103 3543 3278
2016 28 3685 52
982 1556 1264 2199
596 594 2234 3185
253 2776 1566 3341
84 2891 840 3646
1020 185 2440 631
1862 204 2425 3914
2914 1057 3605 1276
33 213 3488 1218
1187 312 2865 1195
1441 1405 2215 3941
212 269 3407 476
1944 2464 3277 3162
957 466 2077 1097
2298 1232 3181 2130
1025 977 2946 2391
2302 1891 3667 2592
1455 381 1899 2164
2203 1203 2620 3283
131 27 2487 1517
607 851 2414 3460
984 2137 1245 2945
2201 565 3892 3985
408 407 408 1644
518 600 3527 2006
1417 1645 2981 2600
805 3338 2532 3662
1978 1049 2412 1265
2158 53 2361 270
2122 1645 2277 3690
915 1883 2950 3374
2292 836 3341 1595
957 624 1170 3723
373 200 1043 1334
266 887 2223 908
1089 58 2867 3443
1876 853 1973 997
2107 331 2560 1677
3817 106 3958 657
1141 410 3841 3690
2909 2604 3108 3253
3149 1386 3505 3289
16 1155 660 1956
544 451 1653 2128
904 973 2175 2010
3625 2201 3824 2276
1321 3954 3121 3998
830 164 1157 456
1423 364 3234 2751
1266 1111 2405 3877
3425 405 3945 1921
1244 1474 2678 2911
2931 1105 3260 1350
3002 511 3802 3285
510 2060 1576 2459
88 338 2858 1860
840 1913 2742 3388
1806 1789 2971 3249
1104 1388 3595 1443
587 1331 1845 2390
2439 1923 3421 2223
300 1570 2156 1687
298 3635 1881 3650
2673 3376 2788 3986
1596 74 1777 3289
1859 570 3802 3908
1494 1676 2727 2015
55 117 1363 674
1458 2109 2432 3226
1899 1570 3767 2365
476 1984 2310 2306
919 283 1393 1123
2309 262 3885 2917
298 2137 1378 3861
1990 995 2472 1702
362 137 3908 3022
1018 60 3875 2266
3252 3407 3307 3626
230 342 2237 3374
1058 432 3563 458
48 838 1465 1974
2278 3080 2429 3563
379 25 2748 675
457 1068 2077 3354
1923 2927 2235 3195
1347 798 2417 2347
826 3279 2070 3861
1915 388 2618 3056
672 299 3393 1879
3041 628 3828 1041
2219 137 3832 3295
1408 756 3487 3712
1633 123 2117 3452
3770 2266 3778 3781
3070 1340 3563 3746
1408 1618 2878 1647
554 152 2762 581
623 1357 3224 3024
3149 2825 3153 3193
315 424 3583 2688
2341 2196 3132 3221
858 1618 1263 1864
949 3001 2526 3364
189 1344 2050 2238
1617 173 2359 3674
319 170 2811 278
889 446 2851 1681
157 417 386 3890
760 59 878 3467
856 1736 1262 3161
145 2468 2257 3797
52 3252 575 3895
1623 192 3977 3874
49 2781 356 3637
1916 1384 2545 1894
788 846 1211 2957
825 36 1918 1297
3436 1659 3884 3619
371 2013 1477 2891
995 1596 2671 2072
978 2107 3096 2739
3308 1516 3788 3268
1447 858 3827 1129
2807 584 3914 1664
2810 886 3746 1959
2894 596 3944 2559
2952 834 3394 3844
1605 777 3346 2633
749 2915 877 3884
25 2870 442 3305
512 285 1218 1552
1131 2559 2817 3508
2324 1016 3794 3103
2915 1370 3488 1669
230 3084 3427 3510
1029 1013 3907 1075
482 1543 570 3141
2419 1134 2553 1869
2957 1294 3489 3837
199 965 3322 1356
997 1409 2830 2995
533 683 2988 927
711 28 2177 3235
1619 1455 2148 1476
1873 514 3673 2598
708 1871 3322 3897
465 2765 1815 3658
1242 781 3350 3567
1810 1600 2350 2287
812 274 2289 761
214 317 3345 1728
1888 1195 3640 3828
135 594 926 1009
1650 194 1958 206
1919 1187 2600 2764
2217 680 3208 3418
3123 1136 3847 2008
205 480 3963 2531
2152 418 3533 2832
1808 410 3533 3544
2024 241 3821 2946
422 1647 3731 3186
135 272 2036 1026
3301 2120 3597 2443
793 357 3746 2335
846 2283 1263 3229
781 833 2221 2722
1106 817 1788 3984
2974 1438 3148 3462
2558 3619 3351 3668
2681 720 3782 2325
3242 1768 3275 2471
2239 28 2739 2179
1746 1782 1875 3756
1577 19 3737 3689
1932 2586 2253 2908
338 80 1235 298
3416 1331 3568 2572
1767 1702 3179 3705
1 1031 888 3998
2443 2943 3783 3898
1250 118 1717 2528
2170 1818 2727 2266
2024 276 3703 1807
193 3562 3833 3798
1935 1984 3597 3724
186 840 721 2997
696 782 3853 1534
3243 740 3301 1122
1455 954 2842 2416
540 1541 3712 3691
1979 199 3078 3811
3733 1266 3907 2907
1821 818 1937 3774
1127 1235 2927 3200
173 3296 3086 3669
1542 2220 3485 3280
2601 2280 3008 3390
229 2708 2403 3930
64 219 1501 3530
753 154 1067 337
2030 672 3782 1874
2014 1920 2139 2521
326 904 1108 2847
285 1483 2558 2868
893 1993 3943 3176
1778 428 1782 1447
1126 108 2703 2204
347 1158 2602 1679
1887 1091 3374 1314
2507 2378 3771 2880
804 1042 869 1167
1257 671 3289 1000
1129 2841 3811 3076
1059 594 3082 1699
928 2113 3696 3649
1988 1183 3467 2117
1265 1993 2114 3077
3129 237 3613 3560
388 1207 3438 3997
1108 2205 1828 2678
1014 174 2638 2269
194 639 1522 762
1775 1522 3022 3671
1175 40 2262 993
505 1320 3412 1444
47 268 2871 761
1215 2313 3550 3324
2691 1170 3544 3609
613 2594 711 3210
3042 304 3441 3902
502 889 2965 2741
1410 1369 3866 2190
599 794 1631 3992
2859 2275 3569 2505
182 2676 2575 3635
635 1128 3637 2595
2120 1079 3622 2143
369 81 1956 3568
190 184 2744 998
2327 1809 3771 3132
1621 682 1974 889
63 1218 2907 3828
276 724 2402 2706
790 1156 2756 3020
1192 181 3228 483
969 651 3595 2931
910 1075 915 1825
1646 146 2484 820
614 1372 3903 3200
333 501 1354 513
3282 151 3577 3645
1802 236 3896 1028
609 601 1861 755
2282 1058 3466 3889
1695 2973 3655 3643
766 783 1467 1741
2233 2807 3516 3327
1395 171 1796 401
704 69 796 1633
2363 451 3380 2354
1416 2368 1930 2945
1431 1361 1914 3326
1277 2555 3747 3073
2591 819 3157 3367
1823 1363 3890 3788
18 561 1629 2550
226 61 3444 1107
916 1313 2292 3734
711 1072 1361 1396
1515 1605 1580 3595
1161 329 2552 2707
773 3575 3370 3870
105 1937 1876 2742
1699 369 3209 3512
764 1839 3501 3280
34 958 1280 1758
392 1461 1646 1858
2667 2102 2737 2147
3211 138 3243 1789
191 235 1113 3856
494 2412 3598 3747
230 1379 2640 1654
643 320 2760 2769
1311 1562 1579 2139
2141 455 3861 1738
76 776 1262 1937
85 2161 3392 2339
2589 2840 3654 3500
748 794 3415 811
202 490 3583 3963
263 2090 667 3221
1073 2270 2513 3128
1748 3136 3110 3578
1624 486 2442 3201
2048 954 2276 1723
101 921 3691 3333
853 567 3372 3627
662 1313 1452 1585
957 632 1730 3866
2633 905 3168 1442
406 306 3176 3103
260 951 3063 3223
3277 3132 3320 3714
285 3540 2949 3935
999 183 3723 2846
1926 3377 2463 3511
2513 1073 3463 2566
245 834 246 3305
139 2545 3538 3001
1643 590 1748 1222
801 670 3856 2537
610 2265 1361 3404
1321 542 3693 2679
2650 885 3574 1393
1806 820 1866 2691
71 1813 894 3503
130 1697 3377 1964
1452 1196 2012 1869
816 55 2533 2539
1810 1243 3599 3724
216 677 1460 2388
1891 1856 3800 2483
510 1128 834 3697
1485 3378 2909 3962
1411 3032 1445 3730
486 927 1677 3881
2291 16 3438 1858
2413 1533 2752 2168
694 2913 3221 3571
593 1958 2208 2422
604 368 1417 3662
1435 633 1462 2091
357 468 1847 2889
1300 2801 3101 3462
1588 2898 3749 2899
732 1504 2245 3823
691 2465 2461 3851
172 1081 3453 3690
1 1468 1059 3735
480 2387 1228 2421
2250 3174 2627 3781
1489 3269 1732 3520
495 2398 1065 2856
2565 1785 3504 2886
2184 493 2347 3997
23 608 1212 988
216 1453 1330 1756
1188 610 2405 3381
2194 1520 2805 2196
2051 3507 3954 3618
1076 1504 1204 2854
1042 1084 1410 2018
1261 88 3303 447
1219 298 1968 357
834 2678 3525 2691
1383 812 2389 3611
374 917 3245 3386
1514 2133 1874 2281
2705 178 2963 1764
2355 1881 2686 3918
95 2633 359 3964
1090 863 1131 1664
1473 212 3744 675
1860 902 2517 2334
2582 430 3457 3512
470 1562 1194 1570
2883 863 3266 985
64 1968 3339 3402
2814 1683 3852 2100
233 2943 1659 3029
525 283 533 3979
300 455 1457 2845
395 628 1038 1755
1392 802 1445 2799
603 2974 987 3573
699 3309 990 3611
1781 1665 2127 3600
2065 1933 2600 2723
1082 1223 2096 2781
391 1960 2046 3032
2926 515 3788 3854
2337 2094 3888 2186
1493 696 3775 2363
494 1573 3849 1623
1406 1505 2960 3975
1097 3539 2451 3624
1045 3237 3772 3310
426 625 3238 1843
348 3044 3792 3569
634 645 993 3808
2243 214 2261 1366
221 2345 2333 2351
735 462 3750 501
572 232 3866 776
2445 525 3011 3936
3424 613 3943 2748
2186 353 2287 3089
441 3191 1518 3200
3891 2297 3985 2779
1388 860 3123 2473
1196 148 1794 2198
1160 1650 2724 2152
992 688 2370 2406
826 627 2356 1201
2473 243 3048 715
2318 867 2704 1471
1070 1998 2459 2073
3060 2215 3990 2891
121 1258 969 2046
1272 2052 2844 3982
1462 3440 3342 3910
177 1003 865 2840
3325 2983 3537 3269
1041 1078 1091 3465
1414 2904 3590 3318
383 423 3823 2078
2778 2937 3429 3653
1685 390 1782 1678
752 1151 3484 1419
1231 423 3837 2380
1349 1395 2804 2634
2407 640 2407 3065
816 255 2542 3321
1535 943 3914 1397
325 1013 3487 2717
329 1403 1786 1961
2616 545 3729 784
2502 3073 2686 3822
2909 456 3661 1002
260 847 693 2919
432 1865 1487 2874
309 462 3812 2356
27 2984 1096 3952
1009 862 2475 3155
451 2122 3617 3877
2803 2707 3909 3774
586 2058 1801 3264
2526 858 3678 3328
2167 865 3850 1335
1269 2031 1873 2259
1930 1005 2447 1268
2143 564 3960 3314
723 2033 3708 2422
1511 2265 3413 3608
2717 3467 3852 3777
556 165 713 618
1448 1894 3317 2242
2978 1308 3426 1791
14 2171 220 2630
234 33 1290 2403
213 2439 854 2972
2210 607 3290 3460
453 2074 3503 2590
1586 1339 1877 3043
1056 1813 3202 1907
2164 160 3357 720
989 1493 2367 2465
47 14 3901 1677
244 472 2549 2561
276 691 2755 1443
2746 1090 2830 2721
726 593 1591 1878
347 957 2016 3980
590 577 1308 1008
1620 1772 3179 2054
1367 2963 2169 3592
2018 1840 3306 3499
2443 3189 3355 3948
1454 404 3971 2246
1121 3 1623 3988
1637 1785 1897 2681
1521 382 3423 2670
2366 255 3074 3801
3537 213 3847 3039
1897 385 3768 1276
1505 762 2001 1164
3382 1779 3510 2564
2298 2126 3552 2605
2173 1628 3197 2311
3574 502 3728 854
2472 1543 3316 1607
1900 952 2727 1462
962 1446 2082 1620
2161 2262 3860 2908
396 2018 1303 2292
426 273 1703 3336
2040 564 3498 1623
123 595 1919 2932
2963 222 3268 1092
236 3029 2191 3442
1813 172 3563 435
190 640 1827 871
2841 1574 3978 2443
278 26 283 1021
1282 2402 3535 3897
2619 1174 2770 2456
25 914 2984 3709
314 1773 848 2559
1494 1636 2063 3211
296 281 511 638
1390 922 3755 3294
1148 102 1797 3467
139 456 2887 2280
1320 436 3494 3229
1349 778 3289 1200
2883 331 3653 3552
1813 3045 2564 3401
931 1172 1440 2864
265 899 1781 1141
218 2586 2927 3253
463 106 1568 3874
2504 1408 3996 3532
1320 2372 1481 3296
1072 995 3940 1432
1394 1860 2161 3495
946 527 3565 1126
2673 1544 2808 1788
276 892 1735 2249
580 1134 2591 2335
1885 3445 3548 3658
51 1764 3784 3097
1078 1060 1471 1700
3480 1450 3943 2752
1438 872 2797 3630
3441 1103 3918 3428
1063 1162 2623 3823
2617 2824 3088 3251
3036 431 3346 3860
1963 176 2614 2007
1590 2213 3139 2882
2174 1267 2683 2796
509 1928 2770 2534
1288 1378 1780 3549
1156 2292 3928 2844
2708 430 3565 1439
2071 1871 3467 3044
1680 1260 1746 3969
3352 167 3813 2238
2486 1809 2874 2881
667 2539 3569 3245
510 3121 517 3999
2577 670 3971 1257
71 1771 1648 2651
433 988 2479 2746
1556 586 1753 3007
763 2815 1774 2939
925 3560 949 3627
2058 368 2090 1638
3607 427 3628 906
3067 6 3572 487
3199 603 3347 1869
3880 541 3970 3235
2524 2045 2972 2824
237 110 2986 1852
1010 318 1870 2164
2311 3038 3735 3926
976 2170 3405 2846
1036 2348 2690 3870
752 1084 1397 1964
1065 1284 2203 2584
22 2572 2146 3592
81 305 2846 3305
893 1093 1448 3714
2059 2134 3647 2967
801 331 906 1577
2412 1863 3806 3887
2167 2456 3146 2522
2129 67 3690 1309
1376 288 3640 2575
1742 837 2437 2773
2348 2756 3087 3156
315 1311 2733 3817
1029 484 1841 1368
2115 1421 3887 3245
2456 1589 3243 3544
150 1123 1447 2636
1885 639 2877 3499
172 2156 3053 2233
2663 1708 3070 3280
1929 587 2212 1943
1569 666 3969 2710
678 1355 1289 3310
1882 1546 2904 1953
370 2785 463 3259
763 837 1093 2198
2352 1716 2523 3750
24 819 1870 3451
1973 674 3423 1153
385 2600 411 2604
2070 146 3999 2482
624 110 2918 380
1482 1838 3387 2040
861 730 2921 3931
936 1512 2858 1845
2088 1969 3745 3386
1359 2505 2330 2543
90 686 2426 3927
3495 1920 3849 3160
3278 1588 3836 3328
522 1099 3282 1405
139 1729 3545 2673
473 284 1469 1361
1421 1798 1570 2004
177 1031 1536 1260
578 311 753 3686
3150 2472 3622 3879
1000 866 3738 3892
2966 2152 3382 2531
1254 2379 1514 2442
122 1211 2989 2119
1650 822 2048 2933
2009 198 3796 1874
2283 500 3562 3931
537 803 3955 1822
1747 1688 3875 1984
678 2799 3377 3530
1654 179 2170 696
1010 3079 3491 3948
24 2649 2325 3976
1742 1743 1869 3022
1265 2938 2879 3422
1263 3118 1815 3463
437 1183 1478 1284
1609 2840 3331 3300
154 419 3841 3405
112 2608 3909 3940
2321 717 3224 1921
1756 261 2056 281
1635 1175 3072 2381
647 1567 2090 1856
462 1118 2757 3743
1133 2924 1209 3257
744 758 3744 3536
250 25 1263 3334
975 3387 1541 3403
818 1173 2959 1430
415 786 1447 1193
683 605 3700 2743
3507 901 3565 1935
1433 3469 3906 3529
3218 3243 3990 3457
1383 1828 1567 1996
662 685 725 2471
1275 3578 1886 3757
546 1600 2884 2501
1941 1283 3874 3673
1836 440 3456 763
484 1019 3938 3092
2252 1215 3992 2929
1691 920 1864 1786
2938 2411 3396 2739
362 2991 1453 3692
859 1328 2752 1861
1718 2306 2290 2614
1123 1690 3384 2559
735 2924 3171 3272
1855 1436 3799 3277
78 731 3628 3093
444 1093 1391 2600
2814 1680 3885 3216
79 805 1778 902
244 2063 1280 2452
188 1780 2499 3128
2082 361 3447 2826
21 1395 2254 3423
101 1241 3220 2973
1687 602 3020 1243
1961 43 3701 3141
958 262 2782 3840
1353 3162 2748 3404
1020 1034 2592 2066
891 473 1409 3921
341 436 647 1002
738 1529 3825 3890
1382 124 3832 2039
282 2590 2835 3599
1801 1814 1883 2459
1934 797 3605 1004
3234 2524 3472 3262
347 3266 3405 3919
1902 130 2553 1897
990 558 3754 614
204 1606 3457 2603
2395 1628 2802 3076
502 1445 2237 2482
1589 1576 2743 3043
1182 186 2172 2345
3050 1473 3352 3061
224 108 2809 2191
1715 1284 2523 3988
667 2102 2344 3479
282 1680 1954 3842
1562 1484 3253 1885
264 2579 3739 2835
1254 1899 1782 3030
2127 1189 2350 1585
1240 385 3537 1760
1448 3532 1914 3728
1662 1404 2353 3105
548 739 705 2203
2215 750 2263 3826
3531 140 3582 1052
1442 1606 2100 3484
2354 1026 3244 2882
1416 339 3757 2524
1705 1277 1848 1740
644 391 1239 1381
706 105 1066 1868
812 1701 2916 2023
381 2057 407 2713
592 156 1694 361
2010 2211 2186 3853
224 1787 2166 3650
137 575 1189 2732
74 3686 1232 3786
891 808 2820 1688
1325 1846 3237 3282
2 2765 2261 2881
1850 1993 2753 3356
1177 1947 2648 2055
204 636 3139 1702
601 564 3862 3449
1479 1696 1741 2208
65 486 506 2693
857 952 3994 1042
495 1480 3827 2091
856 2818 1291 3028
26 3156 2687 3810
849 2288 2352 3302
2661 284 3643 1064
1330 143 2839 3068
155 2725 3721 2760
1719 3852 3357 3914
732 2695 1680 3313
2338 2395 3373 3598
551 1889 1587 3193
2133 2003 3712 3814
283 2852 2483 3589
1320 2514 2253 3138
1066 748 1234 784
906 304 3086 363
391 1242 2842 2501
790 1894 1827 2982
1273 1419 1539 1479
973 1223 1022 3991
2616 3684 3548 3817
988 243 2647 2298
2326 1035 3591 3263
276 1755 2498 2302
780 2609 2778 3177
1149 1722 1319 2152
101 407 1070 1250
81 683 1350 2361
1294 3275 1730 3684
206 2350 1719 2590
49 3294 299 3494
563 881 2796 2192
1565 2823 2105 3378
1912 102 2409 2601
186 133 2706 810
315 481 538 2276
510 573 2608 2607
2014 1552 2888 2154
1083 2417 1571 3730
1865 735 2638 2817
2911 25 3153 1412
2662 50 3817 3906
285 855 1394 1966
1919 2042 3094 2530
1144 1784 2244 3357
2007 861 3243 1303
919 974 1603 3626
1120 3009 2957 3498
1191 1814 3981 2360
1414 1981 2910 2765
1329 1474 3522 2301
1553 720 1893 1006
3171 491 3321 2776
3364 485 3517 2057
217 1184 3196 1416
1745 1106 2601 1552
460 1871 3489 2174
136 981 780 1985
381 14 2125 1157
542 686 549 854
1710 2153 3600 3559
366 1953 782 2578
876 3062 1889 3243
890 776 2152 1067
3211 2727 3832 3394
750 3071 1109 3899
2411 2481 3095 2597
2407 404 2601 718
2941 2119 3493 2998
392 313 2692 2437
1957 219 3361 2163
1406 2122 1655 3079
859 1007 1935 3603
2153 1772 2539 3727
612 3006 2579 3944
1337 1685 3301 3899
1485 360 3603 2096
533 2246 2810 3973
447 1172 3934 2238
113 794 1958 3228
82 1148 1494 2669
811 2600 2962 3041
3735 3070 3905 3569
227 154 2308 697
3447 564 3861 3801
830 332 1249 2810
901 279 2577 2511
2138 2125 2809 3867
2144 679 2414 2985
2648 1293 2757 3416
2670 105 3671 2104
1326 171 3843 1257
1799 937 3403 1913
3833 2220 3970 3887
2485 136 3474 568
650 1199 3818 2987
1297 29 2656 1756
478 424 495 1694
2565 1359 2834 2304
470 1608 2732 2875
1633 477 3476 561
1064 119 1775 3500
1386 1766 3479 2449
3410 3151 3983 3569
342 521 1654 1084
2314 2538 3983 2987
752 1416 831 3715
262 1161 1771 1966
8 1289 3398 1730
520 1210 2331 2489
2800 1138 3102 1316
999 1140 2985 2222
772 1130 3977 1972
2819 2195 3334 2997
1779 221 2457 2872
565 324 2239 419
1419 217 3683 849
2090 1073 3508 2048
1013 84 1095 122
146 400 2944 2287
3092 36 3619 3057
183 891 2721 2425
845 81 3438 1749
423 2390 450 3166
1103 685 1898 3902
1437 1104 1631 3710
166 1333 543 1839
467 1194 2570 1209
598 1213 1084 2192
435 123 2416 2370
1093 3857 1209 3883
1141 3759 1398 3927
1716 1868 2817 3862
2735 946 2858 2819
3172 625 3578 3306
2171 1705 2499 1944
706 273 3451 579
795 3038 2101 3973
126 2457 3308 2514
2261 2415 2477 3848
920 865 1089 3085
997 1997 2567 1997
1232 3861 2277 3959
2809 3221 3179 3317
1607 739 2964 3375
787 1182 3733 2073
159 2316 2975 3884
213 227 1164 2233
1167 1477 3007 3173
2092 589 2882 2382
1482 2054 2819 2883
2909 1190 3802 2198
2136 801 2219 3871
1607 1970 3018 2701
449 500 3548 1685
1462 942 2047 2990
737 1197 3424 2785
114 1712 1679 2673
1658 914 3877 3577
691 563 3385 2840
1 1229 1676 2875
1605 311 2185 2169
583 2472 2084 3005
915 1007 3035 1688
560 635 2991 1525
944 1415 2463 3593
911 369 3939 2424
3158 2346 3836 2766
2452 2441 3064 2492
2417 1457 2859 2250
2922 145 3147 1233
68 2772 1746 3757
482 355 2237 2777
222 408 3286 1274
1461 843 3412 1304
648 2255 3167 2708
1827 599 2388 3438
3150 658 3661 3412
2266 3006 2302 3923
728 469 3738 2922
1453 902 3500 3538
589 454 2324 3994
912 541 3152 865
3051 2905 3400 3338
1293 1376 3738 3957
1822 403 2959 2454
497 1616 2807 2782
216 588 1650 2621
1324 757 2697 1732
2894 604 3601 3819
1102 1859 2569 2138
2724 626 3504 2923
2877 1393 2885 2157
1091 2992 1546 3909
413 361 1814 1005
2809 271 2900 1303
570 643 3540 3572
514 2152 2217 3408
108 2152 122 2953
1825 1143 2622 3422
2290 450 3516 1327
1359 2256 3867 3575
153 2688 2523 3002
1177 358 2297 1517
2199 521 2307 1371
1315 942 3188 2603
158 1511 2894 2011
1624 1060 2749 2066
438 1209 798 2725
2588 769 3229 1838
645 1067 3626 3820
2237 1378 3589 3078
3509 86 3534 1601
1495 2470 2489 3990
836 359 1762 1556
1830 257 3325 3027
1453 1909 3711 2205
580 2081 3217 3070
699 1657 2262 3236
90 1258 3730 2688
1910 1494 2059 3611
1072 1584 3829 2949
259 2669 3716 3779
831 489 1354 2779
3532 2977 3727 3003
868 1755 3713 2032
2745 84 2864 2995
352 31 462 2875
2307 2328 3442 3650
3222 281 3319 2895
905 1277 2197 2074
1544 1494 3852 1571
2383 3171 2939 3555
381 642 1643 2557
2731 427 3582 3630
749 1582 2026 3411
1691 1274 1979 2422
253 2609 1327 2833
1727 220 1774 1542
968 402 2299 3538
771 276 3560 1739
1584 752 2105 2415
2811 2349 3034 3478
1353 1682 3836 3845
1317 2344 3274 3375
2924 516 3146 3462
1178 339 3280 2554
834 2139 2355 2919
1395 1635 2208 3614
1451 1541 2184 2831
74 3483 1410 3731
143 1234 3866 2990
1679 152 2689 3140
2099 1385 3480 2999
1415 844 1601 1781
257 2969 2270 3197
1871 376 2309 2811
710 2460 3057 3313
2018 1948 2832 2751
1315 3460 1835 3796
81 595 814 2191
3084 2016 3419 3509
50 288 3106 1612
2632 2578 2939 3981
1285 217 1692 3101
1446 2731 2789 3990
1300 704 1894 1227
160 1240 747 2944
951 2126 2170 2225
1443 334 2359 3210
124 1363 3914 2544
687 2246 3843 2910
519 656 2857 1928
562 2625 1315 3489
539 1472 1053 1859
1593 429 2288 3296
413 388 1221 3544
161 921 674 1077
1499 1429 2657 1818
353 204 2143 1871
919 457 1371 2924
1817 3159 1939 3813
3191 3451 3287 3575
913 784 1884 3294
1909 188 1953 735
1653 2170 2343 2865
3343 1818 3395 2808
231 1082 2564 2766
1665 1380 3097 2031
381 2723 2332 3318
484 2325 980 3997
998 2362 1232 2962
438 1033 717 2239
407 3718 3901 3798
159 680 1878 2916
281 804 2444 3503
2419 2422 2993 3409
1650 259 2699 3742
413 937 2029 2283
76 1084 3879 1699
851 24 3130 1714
2613 1037 3339 1243
466 675 1318 3996
1620 228 1783 760
2327 2336 3526 3729
728 1492 2237 3141
964 180 1521 2910
496 3026 2326 3633
1361 392 3288 506
1275 2021 2550 2234
1370 668 1780 2672
799 647 2847 3447
1700 723 2310 1785
26 947 1591 2217
325 1816 521 3639
193 2484 1446 3239
317 1325 2003 1797
299 409 1937 1744
2354 2907 3696 3821
431 2237 831 3134
900 2511 3074 3872
1597 2208 2034 2623
959 1091 2732 2729
3193 2327 3796 3848
2514 267 2924 2899
757 1948 1538 3627
1658 367 2957 1257
2534 1653 3783 2455
2079 2731 3115 3835
1764 1854 2425 3003
2117 2067 2937 3501
1613 260 3426 1988
27 1683 308 3297
1574 735 3638 3888
324 175 3201 2585
3176 931 3286 3630
1301 1232 1494 1311
673 334 3337 2958
2387 2065 3259 2774
619 560 1139 2887
832 1473 1597 3937
629 3093 2898 3194
990 566 1441 2213
609 574 1365 942
1478 2152 2191 2297
2663 2970 2791 3797
1439 1496 3584 2393
3821 3130 3989 3416
291 1534 2096 3959
527 1223 1589 1425
2280 1312 3666 1640
887 166 2866 2300
151 938 2034 3462
854 1962 2789 3214
654 224 2605 1065
1333 999 3823 3717
1246 2251 3010 2797
1663 509 2282 3430
2375 254 3613 3210
1061 1463 3644 2190
828 939 895 944
1119 250 1477 1101
883 1711 2966 3371
921 3057 1390 3126
968 444 2619 3088
1654 1383 2839 2943
1843 819 3970 2747
218 1567 3638 1911
3046 2389 3523 2490
1247 600 2735 957
3523 1053 3853 3124
2585 531 3353 1924
712 938 1172 1347
1253 369 2230 911
2209 2885 3589 3041
2124 1808 3293 2430
1062 2374 2026 3828
1449 1241 3762 2816
273 631 3853 972
439 1435 1560 3691
3817 1858 3850 3298
2959 1715 3592 2624
2425 1068 2977 3568
577 1175 1985 1565
1039 1884 3412 2490
2814 176 3540 657
2489 1418 3438 2831
2173 1261 2925 1709
1539 422 1587 2580
210 3137 1536 3900
1222 88 1599 821
3157 3558 3796 3810
1836 866 1860 3348
2714 1373 3832 1474
132 1966 1085 2631
2681 1549 2974 2158
1057 1412 2827 3193
1567 1326 2593 2214
127 1254 3365 3653
1077 953 1847 3696
1439 391 3970 3094
725 181 940 1268
465 275 2178 1892
408 2591 769 3307
2157 2705 3007 2908
918 1286 2444 2796
2 2530 26 3373
154 1228 1915 2496
1754 818 2789 1220
1020 1465 2842 1806
1786 874 3155 3241
746 570 2740 2017
556 1070 1899 1407
2669 2508 3775 2930
309 2132 1165 3797
191 184 3716 1614
835 1088 3454 3035
369 2789 2240 3228
859 1889 3323 2982
362 1256 1421 1755
672 1142 2437 1704
1607 3246 2392 3289
289 2716 1369 2849
813 635 1432 1525
89 2040 1536 2362
1390 85 3641 3864
2302 990 3410 2867
1321 568 1350 1858
1551 1856 3280 3163
416 278 854 3870
2010 1798 2854 3196
969 1482 3327 3649
1299 49 2571 2409
1946 1952 2845 3660
1485 1473 3725 2853
376 3300 495 3469
75 89 1314 790
488 1810 494 2004
11 1445 2936 1961
2327 182 2997 1940
2615 1498 3172 3589
25 1789 34 2919
3169 1002 3332 3481
1300 741 3663 3577
886 1500 1665 2931
1154 3783 2460 3918
2079 2066 3059 2916
2896 874 3405 3128
3626 2385 3767 2780
2779 1903 3514 3816
2114 1582 3088 3913
3576 349 3814 722
1260 1752 3309 1802
554 2863 3274 3175
1860 1034 2460 2088
3495 2143 3782 2256
553 143 1929 1640
3473 3047 3832 3100
418 166 3063 2159
2045 1375 2922 2091
38 174 3449 3810
551 650 1551 3712
1887 1747 3647 3839
456 2152 702 3960
972 1819 3004 2891
649 2817 3223 3160
1952 1978 2572 3127
3176 2459 3789 3036
686 1089 2175 1478
760 882 1795 2439
326 665 3409 2498
1141 115 1375 3685
413 149 1319 1976
2924 299 3438 626
481 1013 2713 2817
3693 489 3923 2258
635 2894 2038 3662
2282 2655 2691 3380
1545 2889 3147 3064
1113 667 2209 2631
3424 331 3523 1616
948 974 2666 2765
2207 1757 2687 3512
1198 1297 3421 2008
1363 1125 1810 2910
91 2486 743 3424
710 1349 3912 1814
1520 450 3801 1993
1932 2647 3879 3103
425 610 3022 3310
367 2539 2396 3551
2933 2658 3428 3075
2599 247 3532 2708
1118 86 3926 331
1592 1845 2612 3807
796 2045 1712 3633
1651 1989 2714 2397
3 2605 1119 3278
1735 1516 3977 1957
1755 354 3722 2418
2134 619 3938 697
318 752 1521 3039
566 99 1828 2593
175 1969 1407 2325
2316 1007 3184 1399
3069 229 3996 3991
809 487 1247 579
624 999 3880 1872
456 2484 3550 2668
1030 67 1915 3346
1749 2185 3446 3225
215 1674 3690 2516
14 1340 3695 3347
561 158 3075 910
544 252 720 2278
11 1159 2156 2371
3131 2480 3397 3564
23 1981 1148 3774
963 1750 3753 1755
271 2861 1432 2887
2233 2712 3259 3802
685 184 1776 2572
1902 2844 2841 3972
639 14 2275 2604
2998 1732 3517 3805
511 1036 1707 3012
9 2144 2196 3413
2881 590 2982 3666
3204 3274 3922 3275
1266 652 3641 2069
1392 2094 3743 2464
159 2138 2893 2711
2403 2545 3398 3641
2469 3411 2640 3961
677 533 1392 2787
1418 1673 2985 2424
62 225 3872 1179
564 1408 2794 2513
3297 1121 3396 1915
722 1586 2448 2137
1402 603 1513 1688
1974 559 3099 3183
1608 1656 2621 3580
1603 122 2114 501
186 122 1400 3143
1395 1278 2020 1888
1804 2571 3689 2949
2185 2435 3605 3801
1147 1690 1782 3557
216 850 1808 1213
271 579 1784 3109
542 2567 1135 3715
561 610 1656 2739
243 2619 1745 3278
830 1724 2742 3842
393 703 3027 3665
112 785 3436 888
1698 289 3898 1478
1879 1892 2778 2190
1010 826 2181 1256
1495 777 3255 998
42 3086 2723 3983
1671 575 2184 1930
2013 860 3068 2037
344 1150 2133 1415
3856 117 3922 460
1367 3327 3671 3335
1910 1238 3916 2270
1457 1255 3248 2296
429 3717 1591 3775
2352 888 3177 1910
1323 1160 2845 1901
2328 2715 3284 2943
693 2570 3787 3883
345 2116 3899 2918
2948 970 3481 2539
1657 2196 2227 3091
1851 155 3316 1210
1656 3571 1738 3850
456 1242 2824 2747
1632 1855 3240 2005
470 617 3286 2392
2864 384 3327 3822
670 194 1629 609
1151 3322 2177 3779
294 49 2336 626
2835 2837 2993 3865
276 2607 3347 2919
188 696 1408 2907
399 67 927 3026
1606 1891 1622 2801
348 265 2205 966
1022 2367 1967 3697
1756 1936 2192 2444
1627 1486 1760 1651
2082 613 2665 798
79 1755 385 3343
1795 202 2188 1422
2046 2091 3769 3256
1681 356 2746 2537
1052 221 3882 288
23 506 3396 3753
2874 1330 3931 3515
530 1174 924 2618
55 1271 3252 1442
2382 2574 2451 3293
2006 2357 2144 2877
36 1939 1882 2242
951 373 2440 1221
914 3765 3645 3776
3008 704 3238 1615
2164 1596 3193 1901
21 554 2418 3842
2803 60 3801 1024
121 1233 2330 2605
495 3589 1163 3609
788 2081 3640 2788
1265 1252 3881 3170
2238 696 3485 1954
745 118 850 1249
1475 2539 3547 3061
1674 542 3406 3719
48 288 715 488
1945 1459 3764 3989
893 541 1648 1453
650 680 2587 1247
110 1058 1377 2087
1793 3125 3738 3718
556 162 2810 3011
878 2584 953 3531
2149 162 3009 1365
369 756 1292 1163
2317 1888 2669 2064
569 1791 1259 3769
1656 1333 3075 2687
1181 297 3101 1223
1370 3021 3390 3562
285 2530 3932 3251
1222 512 3150 3407
610 1756 3665 3998
124 22 3919 3901
1360 1057 2681 1487
1332 490 3256 2153
2478 2365 3489 2567
765 1199 1447 3869
43 2648 799 3094
2576 1806 3294 2725
309 1212 692 3726
368 200 2602 1257
1413 1121 3788 2720
564 825 2993 1978
2834 1736 3437 2092
2052 3943 2682 3961
565 3057 3892 3465
527 663 1164 1760
852 2519 2709 2852
1073 1309 1668 1645
1421 961 2878 3446
80 1408 986 1852
597 28 3326 3918
184 935 2666 1676
1710 571 3744 3296
541 1717 2129 2340
656 3339 1234 3396
1621 1015 2083 1097
1966 465 2556 1409
2932 963 3712 1117
2359 529 2593 1869
1241 445 2546 3931
1637 1651 3704 3452
873 1828 3582 1968
3468 222 3912 3342
388 2171 1487 2336
803 1946 3634 2914
2709 1671 3053 3783
603 1591 1896 1801
1172 790 1926 2082
2023 1637 2271 1794
707 468 735 3143
1605 1235 2266 1282
255 1540 1212 3884
1645 1742 3603 2516
561 1242 3831 3738
847 778 2319 917
2410 3258 3445 3683
2948 2156 3156 3196
2165 495 2363 2687
1973 310 3962 3600
1136 521 3087 3002
1778 2463 3176 3302
55 1734 2492 1809
525 444 3823 2794
222 1418 514 2482
153 2363 2664 2732
3842 2554 4000 2950
81 301 2096 2859
687 942 833 3236
1174 1995 2895 3999
2406 147 2898 1215
959 431 2168 2848
585 326 1954 688
1086 1577 2656 3316
898 1463 3164 3905
800 115 3821 1989
10 2 809 1291
416 458 536 3514
1422 325 3123 572
220 3167 2007 3951
1956 3058 2048 3239
592 1055 3274 3375
1560 735 3975 2290
399 1392 1471 2907
468 1701 1604 1971
862 102 2005 213
2599 489 3902 1051
737 770 2121 3595
1109 928 3640 2969
3554 1586 3725 2203
1202 2396 2217 3201
114 1311 3685 1636
610 411 1077 2958
2458 746 3236 3970
1122 1144 1872 2821
3026 1855 3262 2531
3461 1934 3714 2308
2274 1344 2556 2969
592 2948 2559 3347
1413 205 2230 2656
517 952 757 1892
1032 1331 3723 3437
2811 999 2830 2628
843 712 2270 903
1652 96 2702 970
562 286 2794 2620
1637 1172 3442 3625
145 309 2498 1566
1959 66 2258 1125
990 877 2119 2880
2793 257 3335 3363
1317 1374 1354 3093
2922 2071 3893 2602
202 615 1111 2638
119 790 239 2282
1637 1026 1791 1888
2169 633 3802 3873
670 623 2449 1539
2366 120 3062 3341
3342 1580 3396 3505
1328 1899 2934 2895
2837 863 3157 1901
1125 1321 2759 2040
359 89 1094 1938
75 3134 1781 3659
3124 405 3896 2806
1261 246 3988 971
102 19 1366 2280
4 1765 3283 3184
720 557 3896 1721
400 1811 2841 2565
507 1336 2474 1565
244 2238 608 3842
2307 1946 3259 3976
1675 963 3992 1297
1351 300 3288 3892
65 1012 2555 1401
360 189 2136 3015
1268 1012 3626 1762
1201 2592 1570 2993
20 3261 2193 3784
1242 3352 2660 3627
2622 979 2794 2722
2444 483 3140 1934
2347 1970 3963 3430
268 317 2643 1796
971 2760 3522 3080
424 2026 3725 2914
2056 2224 3405 2824
2646 2678 3596 2726
1053 93 3455 2946
1847 2793 3600 3022
663 740 3461 2144
40 70 358 1307
145 214 3961 2331
2004 558 3108 2041
2729 817 3251 2491
2654 561 3467 2074
2732 1193 3832 3298
2706 517 3488 761
1212 1447 1250 3090
1054 1006 3207 3109
427 562 3289 3689
321 316 1755 1172
1335 3273 2522 3433
2825 974 3773 2573
724 124 1918 2198
960 517 3045 2158
530 1782 3718 3635
481 1848 2067 2518
458 669 933 1210
611 1081 3734 2995
2558 1502 3922 3172
652 96 2409 3568
17 2069 2757 3506
1947 2099 3231 3989
1428 331 2251 1535
531 2184 3672 2367
3540 1008 3788 2872
2020 1402 3832 1465
480 953 3100 3253
1252 2057 2077 2561
1199 2090 2541 2615
392 1022 3920 2781
371 517 897 1127
785 1488 2704 3897
180 1013 1690 3337
2313 1486 3672 1821
1735 713 3100 2721
760 1579 3357 2600
1423 2406 2015 2853
2323 1922 2567 3131
3583 1762 3762 1808
1818 3712 2373 3803
933 1158 2487 2708
255 885 3516 2041
581 1921 2135 2012
832 26 3081 1645
2393 411 3428 589
966 1088 1699 2619
1656 461 3678 3071
31 1759 939 3476
813 1800 1360 2399
1263 2640 2161 3137
401 1782 3190 2507
290 1194 598 1800
813 1223 3477 2162
388 2239 2126 2239
1736 1012 3332 2121
757 652 857 3101
433 3311 3006 3575
831 2633 1915 2997
2529 328 2670 1255
2014 1988 2761 2510
3161 97 3936 595
336 842 2333 2572
1385 1533 2865 2575
466 1117 3224 3753
739 2190 2951 3772
386 11 444 2983
250 1366 1212 1406
328 97 1806 1435
2985 2859 3600 3702
1539 1567 3624 1877
2197 169 3340 651
3655 2800 3662 3257
503 2017 1456 3087
1267 1123 1379 3973
2384 800 3613 2478
2250 721 3928 1033
3522 1192 3978 3252
975 1711 1133 1876
2762 150 2987 3883
1724 3791 3312 3906
1377 2575 1405 3521
929 1657 2225 2027
2613 426 3504 1006
1196 139 1437 376
2320 956 3737 3517
2266 2549 3690 3796
607 2509 2930 3878
1806 348 3159 2279
1256 2145 2545 2166
385 765 2056 1980
780 765 1327 1541
764 1503 1872 2120
419 2329 3671 3711
1508 122 3772 1523
3945 818 3969 3910
238 1118 3676 3207
2895 1003 3037 2804
1705 543 2584 1483
1680 316 3873 676
983 1000 1274 3213
365 931 1450 1216
41 2738 3397 3799
99 1217 1242 3639
1462 521 2753 2431
79 2068 2717 3919
718 287 3499 1164
162 777 3152 896
1068 455 1839 2308
583 1100 1245 1371
376 1411 1196 2294
1575 1049 2559 3325
158 2914 796 3680
2015 1678 3481 3142
3245 261 3267 3053
4 813 758 1998
1726 499 3011 1608
2636 1556 2896 2821
2751 2246 3725 3259
26 1994 3489 2960
526 442 635 2489
210 534 3682 2198
860 2152 3678 3729
1484 1612 2975 3671
3689 230 3806 3912
209 498 601 3852
2027 1842 3173 2107
1627 3175 3691 3367
1653 1868 3565 2182
1810 496 1816 932
13 1545 3132 3159
13 2127 822 2940
1575 519 2579 1519
2701 1282 3065 2410
2040 65 3698 2755
1848 712 3184 1603
1439 412 1810 1092
618 310 1883 1176
1524 478 3069 575
787 711 1057 750
2208 3359 2679 3731
399 597 3747 2914
2413 1777 3769 2018
914 1659 3180 3956
737 596 1747 3543
2360 1393 3985 3546
124 1341 1035 3361
2819 148 3618 1602
266 2544 1698 3707
1005 1546 2007 3070
2033 1262 2339 1820
1791 338 2815 1137
1359 564 2239 1616
3705 2450 3737 3370
1746 777 1935 1466
915 148 1852 3485
1120 1507 1897 2430
1723 204 3566 3717
838 739 1892 2772
416 560 2197 3704
682 2326 1133 3539
1227 1264 1939 1989
475 903 651 1916
1318 1391 3751 2535
172 308 776 916
1085 698 3991 2922
523 663 2246 3112
3248 711 3813 789
218 2987 832 3393
2537 2406 3657 3080
777 2851 1134 3958
1079 2957 3149 3653
2088 3169 2515 3420
1536 2004 2305 2187
1345 2712 3651 3659
363 537 3417 3706
1200 3114 2702 3735
2873 763 3847 1027
2737 215 3971 3565
432 395 791 495
1239 1298 1318 2717
262 191 1969 2753
137 1816 2482 3412
302 3803 2176 3817
2977 3690 3872 3897
239 2719 2576 2789
1271 1639 2138 2957
682 1938 779 2203
3013 1192 3186 3968
848 1407 2954 1992
72 462 2228 932
1518 724 3404 968
2083 2565 2139 3200
1673 1284 3001 3600
1243 305 1988 3610
59 2166 2253 3898
6 925 933 1902
2617 2631 3276 2774
1915 1563 2701 1782
781 94 922 1224
546 615 2262 1086
459 403 2603 424
428 2917 1071 3834
590 525 3962 527
2086 1056 3248 2924
3337 1845 3792 2703
1035 3018 1341 3319
839 737 929 2180
2895 669 3307 1024
3795 414 3950 2628
1690 1525 3282 1539
1289 597 3869 2482
1836 315 2194 2894
1527 77 1898 408
1404 341 3022 721
3357 276 3530 437
1246 377 3552 2832
696 1166 2437 2877
1786 2132 2759 3865
2066 1695 3103 3121
3478 284 3714 581
553 1867 3970 3064
1049 318 3287 2731
517 2287 914 3750
961 963 1749 2063
1022 502 3731 3971
2138 214 2293 3318
680 125 2403 3019
1913 1102 3734 2048
424 215 2705 2087
1007 457 3395 1766
2611 1173 2651 2812
752 3172 1521 3447
2003 1646 3670 2929
872 240 998 3879
1604 1978 3032 3241
2689 2015 3562 3524
1848 85 3101 1187
653 922 1671 2444
678 2978 3532 3276
1938 771 2355 3444
94 1510 3474 2727
2618 982 3483 3089
678 2666 2319 3861
1987 1912 3734 2347
2849 2854 3479 3903
547 1783 2701 3589
175 1333 956 2825
2387 2393 2995 2628
1342 2127 1902 3298
1305 766 1688 2801
2276 1637 2953 2044
1876 1593 3847 2526
1093 580 1459 2086
596 109 1566 1361
2667 2929 3497 3124
2514 1842 3009 3477
1004 885 1764 1228
2247 1052 3539 2630
873 1608 2173 1799
970 426 2128 799
122 161 628 2083
766 1949 1789 2433
1966 249 2679 1217
407 1580 2012 2522
449 459 1674 2543
1364 2300 3874 2433
1505 1267 2009 3596
1229 691 2160 3243
1721 1507 3913 3441
2850 2435 3480 3324
53 1081 3477 2167
409 1074 409 3982
2362 2330 3166 2710
1086 817 2892 1321
806 139 2994 2306
2663 602 3812 2929
1563 2476 3191 3583
1074 1080 1678 1624
475 2655 2230 3866
87 2391 541 2627
602 273 2971 2314
2096 82 2176 1652
514 1197 2582 3204
3705 653 3910 3083
3725 561 3920 1103
2251 691 3478 2677
793 108 3449 2694
1972 1002 2416 1787
334 188 1661 2250
1422 460 1606 1923
341 798 1340 1025
716 2314 1974 3738
459 2189 2300 2949
2304 1217 3554 2058
3217 1608 3972 1611
2659 48 3435 1012
1567 3619 1693 3766
96 2278 564 2678
633 869 791 2089
767 3318 2955 3906
454 863 696 3464
577 1564 2503 3615
1449 1880 1822 3624
637 1406 3833 3503
276 593 1979 2045
48 80 3249 3209
1663 602 2269 3814
1881 2498 3255 3648
901 1400 3258 2808
289 46 466 2773
1128 1826 3868 3921
2691 3379 3788 3793
911 1447 3510 2698
960 225 3721 842
2038 1012 2548 3090
699 474 3012 1760
2395 306 3490 3567
3537 1543 3733 3068
1704 2567 1758 2841
466 2246 1290 2316
698 362 3126 1512
159 2131 2019 2693
556 580 3051 2177
661 3847 3362 3996
1240 397 1795 1621
963 2678 1139 3955
2330 638 3193 1790
819 1356 1597 1894
2746 2167 3852 3425
773 181 884 1792
225 1216 2504 3346
1565 1420 3073 3746
2548 523 3926 3618
395 2481 3855 3513
1799 242 2884 3754
171 87 2289 1505
2259 1966 3223 2179
84 673 2427 2645
870 988 3645 3685
145 493 532 1065
477 463 1062 2957
