4000 4000 4000
1878 1672 2929 3812
129 829 1561 3180
739 742 3115 841
804 495 3692 3817
1648 750 2931 931
921 806 3488 2558
2498 2141 3438 2418
408 1187 3131 2437
1005 2690 1270 3445
2485 15 3877 3022
1926 2657 3353 3031
2594 1728 2996 3761
3192 162 3560 3177
89 1113 1906 3675
567 1231 1184 3349
2469 2757 2661 2984
3235 2145 3242 2888
2139 2282 2602 3885
2270 2879 3897 3679
2171 1874 2263 3307
242 1413 680 2864
2470 1006 3530 1943
737 2576 3543 2999
2068 2133 2073 3165
300 140 1493 1562
617 1157 2183 1514
1545 1368 1719 3666
2397 1675 3937 3623
269 3026 393 3703
6 546 3734 1881
624 1164 2866 1399
492 813 668 1724
1044 1769 2604 3344
247 318 2490 3753
888 837 3042 3900
2320 2839 3232 3705
221 233 445 1353
443 572 508 2171
779 1602 3776 2624
44 1688 2240 3659
526 1730 3265 1755
262 955 603 1625
1722 10 3049 1675
1852 3398 2304 3554
426 1701 3897 3725
611 2382 2131 3547
1501 963 3940 3929
1236 1034 1963 2393
145 433 2257 3835
879 1658 3165 2640
465 2236 2069 2419
1061 1582 3978 3604
3028 3193 3628 3307
788 1386 1235 1754
325 354 3758 820
2548 1825 3722 2471
98 2312 3836 3982
951 216 2910 2944
1672 283 3792 2505
2253 295 2623 900
1044 656 3468 2742
584 658 2228 1776
220 1941 1531 2919
3338 1280 3905 2398
2619 2638 3793 3701
2117 408 2843 1250
1262 867 3260 2600
3107 92 3657 3894
2146 708 3590 3927
914 97 3843 3882
564 590 1208 2581
2657 2477 2890 3377
3052 1441 3865 2045
1653 2330 1672 2804
1982 2318 2270 2544
2318 587 3071 2511
694 988 3506 1838
649 2168 2335 2992
403 714 2041 2480
2893 2665 3459 3375
1038 128 3959 806
1612 206 2352 1797
1362 2117 3676 3022
301 844 2154 2695
147 1369 995 2200
2359 2679 3482 2975
3238 1016 3777 2048
1019 1964 2275 3123
1086 1450 2497 3098
2603 1944 2803 3030
6 1445 239 2870
396 590 1028 2058
1624 2457 1633 2608
1395 839 2428 3652
51 1475 2567 3508
1933 756 3219 2151
3058 1216 3796 3043
59 3160 1359 3859
962 1394 2421 1568
1119 105 3437 833
334 2870 905 3433
3546 2437 3881 2453
874 1668 1081 1874
707 632 3861 2722
978 167 3102 3426
1304 2959 2189 3484
1073 386 1494 3889
625 1147 659 2665
493 3064 3010 3447
2351 147 3341 1368
126 1587 3406 2328
1819 148 1888 3188
1781 1279 1930 2176
138 379 3538 1481
2035 2274 3674 2364
1243 2768 2225 3924
904 516 2512 1614
1942 3294 3175 3688
1091 1946 2136 2419
1286 816 1598 3347
2399 110 2704 3388
163 776 3635 2246
317 1351 351 2082
1126 191 2259 3487
21 331 2003 2732
313 2299 1731 3296
808 1522 2593 1836
1922 3183 2545 3321
2479 507 3049 1779
788 515 3956 3638
2563 542 2712 2284
247 864 2290 964
333 272 662 3505
117 944 2031 2682
55 1005 3261 2153
1011 682 1672 2858
387 939 1868 3988
2019 1654 3019 3747
553 606 2565 1204
1726 2286 3118 2410
2212 3030 2995 3964
3439 226 3792 2680
319 1271 3166 2211
62 114 392 2046
2932 262 2951 2542
799 670 3567 3769
227 2147 824 2953
1447 481 2989 1072
1702 666 1796 2211
1454 1312 3091 2175
26 1863 3397 3907
607 842 3149 2764
1791 440 2310 3008
610 822 3488 1480
1618 1728 3331 3740
290 91 1370 2344
2436 2484 3436 3149
1519 2654 3131 2697
796 582 1264 2248
1813 1292 2852 2865
2332 2566 2884 3803
502 2116 2530 3939
152 34 556 3389
81 2209 3532 3293
1971 1697 2705 2270
602 715 2343 723
1002 1786 3302 3077
2084 2055 3893 3394
257 639 1419 3908
1209 638 1726 1483
1314 2348 2045 3813
1551 1098 3002 3562
1454 402 2370 630
1399 933 3259 1151
206 29 1765 2102
2708 918 3908 1326
1687 1723 2393 2256
457 750 2637 3756
2623 1949 3974 2724
2799 550 3750 696
1470 1443 3323 2124
517 471 1792 2304
1947 878 3681 2499
1780 1130 3928 1628
89 2703 1609 2879
3876 3652 3885 3654
1923 585 3461 3845
869 3355 2168 3789
205 1704 3983 3825
75 1768 2842 2418
3527 2953 3562 3850
68 283 3563 1862
3114 1301 3928 2808
851 2475 3368 2741
330 1752 2810 1909
482 402 1121 2134
1036 2008 1390 3507
1380 1578 1622 1681
1088 496 2110 590
2009 812 2326 3114
798 132 2670 1295
351 889 2585 3776
1189 77 2398 3827
1977 295 2738 1227
1766 57 3676 3026
33 9 787 3344
31 1714 1742 2969
2675 568 3248 1535
92 2366 156 2762
3372 420 3398 1878
1143 1976 3979 3897
537 2855 872 3609
2260 3176 3187 3234
1081 574 3179 634
2502 3246 3700 3331
3424 50 3826 2956
871 1748 2415 2301
3432 61 3448 3293
339 999 2061 3556
1906 51 3552 3013
1002 1587 1159 3744
532 2323 1500 3445
798 700 1984 3139
1640 1569 2693 2172
525 1381 1324 2554
2002 1197 2335 3978
1325 694 1822 3970
2536 3409 3363 3736
1407 1505 2659 2722
2222 1790 3767 3296
2511 566 2607 2232
2292 2554 3131 2995
515 1416 1328 1692
735 1436 1001 1842
1587 1801 3342 3389
1982 10 2254 727
1459 2016 1850 2856
999 1840 3210 2124
43 226 3399 3580
785 2327 3470 3343
526 2284 2225 2544
401 545 2530 1964
705 684 2136 2227
1793 549 3921 3933
2022 2229 2348 3755
1338 970 3242 1488
487 894 3696 2772
2900 672 3003 1627
10 1479 2798 2305
1673 247 3654 784
1366 587 2935 2709
1853 2454 1979 3416
804 1998 1896 3404
2024 2151 3840 3487
1854 3222 2959 3906
1427 610 2344 1726
1319 3087 2266 3391
85 1760 1578 3844
2216 2764 2875 3272
861 3791 3039 3837
2403 399 3558 1587
1242 3504 3722 3575
1179 1469 1883 2920
1886 1099 3924 2607
2873 2105 3812 2456
980 362 3149 712
1256 900 2492 2241
594 3649 3584 3779
841 1360 3368 1403
183 983 3635 2408
2302 2045 3828 2969
1335 1089 2302 1804
2239 851 3501 1264
3380 222 3998 2470
1199 61 3680 3331
1277 76 2911 2194
906 2413 3931 2787
78 2253 2364 3112
2136 818 3886 2323
3612 1907 3809 2535
1547 2443 2198 3657
1873 1620 3113 1687
930 133 1884 3101
2759 3120 3638 3773
934 526 2628 2670
2695 1768 3184 2455
2570 1420 3731 2854
779 1501 3376 1614
921 791 3201 2979
597 1419 1623 3991
1517 701 2633 2678
2932 3072 3520 3822
2969 314 3352 1122
151 1699 1166 2258
89 158 939 2580
2265 1352 2693 3690
475 84 3601 976
2228 783 3883 2583
2132 503 3301 859
2647 1463 3079 1947
507 2612 1514 3536
1303 1614 3105 3753
740 1672 1217 2178
2290 1209 3727 1557
1456 809 1638 3723
895 23 901 1304
2275 2658 2779 3239
1403 1995 3432 3592
218 74 3320 2131
3267 382 3772 3496
3247 2531 3379 2767
2740 414 3148 1878
286 1602 2995 3414
330 1491 1194 1814
2016 1152 3469 2820
12 1671 174 3639
1763 1283 2647 3883
29 1673 766 3456
1964 382 3435 776
1862 226 2267 2217
945 1619 3305 1862
2377 799 2968 3131
133 2083 2503 2282
1237 91 1705 2733
1288 793 2375 2413
2578 1696 3114 3274
933 1714 1421 1830
1400 1933 3161 2530
1204 1072 3394 2379
2410 567 3031 2520
346 3068 1797 3631
751 518 760 2255
67 1735 680 3871
2882 178 3129 2774
2574 2326 2741 3236
100 296 2198 3968
1158 113 3679 3506
415 143 747 1608
204 1882 3728 1930
3425 35 3500 2330
1670 166 3932 2654
607 2367 2122 2411
2736 2144 2930 2904
284 2796 2970 3204
210 1016 3356 1466
1127 206 2118 1384
87 793 1346 3689
2718 2090 3483 2370
2016 3171 2141 3238
27 441 2316 2490
1049 1322 2112 1852
1787 2789 3167 3554
2356 949 3068 2050
2237 2881 2254 3610
1660 130 3582 2681
1514 435 3959 1893
537 137 3662 2066
1369 1082 2803 1665
281 880 1604 2349
1764 1245 2220 2052
424 1207 1975 1563
438 655 1408 2490
2379 151 3311 1008
636 1326 3958 3162
449 1001 666 3802
704 509 3793 1850
498 1188 524 2227
684 34 3344 3587
206 350 1468 2757
52 3623 1028 3881
2128 776 2156 854
1691 1248 2285 2822
303 447 3844 2265
1428 1344 2932 3780
1000 1027 1744 2484
992 158 1431 3009
1234 834 3795 1533
2722 399 3850 3381
2222 2522 2651 3238
1895 1517 2336 2493
341 3089 2887 3312
1756 1743 1890 3128
1550 2994 2407 3687
2509 1614 3855 3209
2475 1855 2925 2352
2475 286 3002 1991
1560 1985 2011 2946
1557 2824 1935 2884
837 313 2696 2150
2147 1940 3798 3386
148 1517 1418 3189
552 2819 1887 3581
2298 2123 3608 2852
415 2480 3215 3767
120 1069 1136 3849
234 232 2204 3724
1070 349 3446 2297
110 1541 3222 3802
465 975 1281 2049
580 1575 3048 3059
412 422 1762 1910
194 875 3238 3989
1779 662 3869 2926
220 2093 2218 3390
616 228 1406 2712
3458 920 3746 3032
2796 1833 3430 3158
1436 665 1568 1621
432 1725 990 3806
3835 1764 3970 3984
445 701 1176 1444
525 1083 1927 1723
1870 1242 3928 1785
29 1405 3458 2272
184 3281 1875 3675
2004 688 3209 3913
472 113 3829 3357
242 1380 424 1518
3369 7 3381 3712
1481 1659 3065 2210
735 151 2750 1350
1174 2151 3656 3310
2821 1133 3843 3897
175 3054 2723 3412
1193 897 3317 1455
615 681 1780 1301
34 2025 1869 2226
2924 2710 3168 3731
3243 265 3435 3872
150 890 3629 1986
887 2649 1966 3398
1809 3060 1871 3783
46 2551 1752 2618
1453 1732 1939 2612
1030 582 2601 1530
113 1653 478 3735
1113 2195 3172 2764
1213 683 2176 1639
621 3705 3915 3994
2776 1411 3278 2184
57 1356 1385 3938
1683 1159 2019 2822
1189 1209 1338 2058
2473 1184 3641 2572
49 1095 1129 1341
1157 1746 3414 3121
3120 3330 3979 3970
651 764 3138 1468
429 3137 2302 3801
3405 224 3414 3033
673 1100 1705 1872
355 1443 2157 2709
2838 632 3367 3684
2166 994 2532 3153
161 529 2260 1888
2584 232 3012 2865
807 928 2195 1454
2822 2176 3748 3947
1204 975 2160 2483
1320 1637 1636 2667
3016 2268 3040 2735
1416 459 3887 2799
1228 1889 3779 3576
1402 292 1955 3838
2023 2601 3855 2834
1579 851 2326 3181
379 469 761 1098
2418 488 3556 2884
2139 469 2378 2877
3456 2605 3845 3778
456 2287 823 3166
1615 2098 3841 3902
669 265 3757 2645
3292 654 3705 2063
72 1685 3943 3172
1001 875 2782 2018
774 104 1924 3432
602 649 3950 3394
486 795 3965 2888
643 385 917 1568
3202 1436 3766 1533
3505 1299 3702 3878
91 2053 1277 3418
1981 585 3081 1968
205 1875 1431 3179
1747 3557 1747 3714
670 1496 3716 2643
2191 437 3379 2376
2827 561 3251 1194
3345 1092 3656 3420
2880 328 3752 1943
750 335 2495 2462
1464 930 2764 3983
2077 51 3848 2804
1542 1928 1970 3032
416 2904 1646 3740
757 1133 3534 1790
329 1275 767 2445
450 2772 2913 2786
2013 69 2454 3809
1674 623 3494 3629
3444 381 3986 1572
2179 2103 3341 3820
1533 2479 2915 3452
1756 2280 2767 3578
315 2042 1303 3583
869 2672 1517 3911
2772 1713 3330 3264
1704 3028 2534 3396
1336 349 1864 2614
161 2320 2394 2544
631 611 801 2885
3274 2121 3821 3268
997 1369 2919 2954
2500 1306 3799 3728
180 1038 2858 3031
451 1157 2656 1961
417 725 1103 2038
707 2508 3516 3627
1080 1936 3493 2710
411 1300 2321 1816
1721 210 2454 848
1243 931 3159 1515
702 164 3252 539
2090 1631 2582 3167
8 290 3915 3587
2236 1302 3342 3452
502 24 2074 2663
445 680 956 1193
2483 146 3202 260
1553 1041 1805 3950
2959 1013 3266 2383
1561 1499 2130 3994
1598 478 2810 3465
1126 393 2275 3622
96 119 3996 3565
1334 1950 1520 2399
205 1065 1310 3040
78 1579 3775 3924
2247 2978 2428 3329
2201 713 3202 2260
2271 1031 3965 2049
1514 251 1846 1864
558 515 1632 1884
428 110 2084 2448
2342 825 3792 2717
144 87 689 1305
2155 2669 3412 3977
1749 2477 3447 3142
1161 203 2801 1824
1099 1758 1892 2041
1705 463 3117 2915
2644 1513 2877 3735
1407 807 1621 1165
943 1213 2374 1678
1293 1786 2636 3903
387 971 1708 2029
2457 747 2592 2701
2494 2202 2924 3281
132 128 2981 557
2042 1554 3105 1853
1501 154 3569 1605
2729 1889 3726 3101
1411 14 2890 3035
1206 93 2220 1189
1148 2266 1184 2512
1673 506 2441 3526
1545 2177 2874 2211
145 429 1427 1984
568 1857 3116 3414
2125 1556 2387 2147
248 790 3681 3150
2827 560 3730 1743
707 1731 1045 2823
580 952 2647 2421
2238 766 3475 3023
1792 66 3999 3864
1514 994 3190 2268
1049 2525 2013 3564
369 546 3183 3761
228 2959 1127 3974
1725 1192 2422 1956
2214 352 3730 2113
39 856 2574 3277
85 2941 1138 3152
3284 1441 3311 2939
905 809 2075 3161
2029 1468 2453 2167
1292 1737 1921 2778
2800 3578 3694 3811
596 2221 3559 3561
115 1899 1108 3105
1529 1806 3549 3110
1103 1456 2020 3382
476 456 1358 1463
976 442 1455 2697
2927 1423 3595 2501
312 1197 2216 2740
936 784 2325 3072
289 2458 1202 3035
964 2202 1594 2676
2523 2369 3054 3874
700 1064 3472 1436
2162 378 3853 1295
3160 2048 3385 3492
87 3248 3751 3249
232 1729 898 3006
1309 753 2424 1819
123 1697 2751 3478
238 1279 513 3262
1504 2777 3149 3254
609 2393 753 3907
475 479 3145 932
1360 1771 2596 3693
702 2073 2334 3456
247 1548 2890 1791
581 3173 2384 3867
1421 1665 2449 2218
366 671 2630 3920
412 1735 1438 3592
77 516 1594 2772
2694 2032 3647 3750
1268 294 2338 1232
2850 215 3778 1638
1545 466 2761 3117
204 2245 497 3065
405 3236 2979 3454
2412 1523 2502 1746
2526 543 2753 2754
252 2536 475 3374
1278 3510 3169 3911
1589 670 3414 1664
618 2578 3279 2790
156 2435 921 3988
1580 1309 2503 3997
1720 906 3725 2016
497 2821 2119 2983
2476 387 3205 3794
1361 416 1462 3109
977 147 2750 2270
476 1304 3105 3501
2379 374 3565 2672
935 3113 3246 3989
131 913 2469 3317
1772 3500 2152 3565
3356 1381 3639 3529
565 876 741 3924
2466 128 3466 3014
249 1613 1405 3603
1391 1287 3742 1473
1421 40 1612 2660
1650 567 3838 1924
711 1267 2120 1861
1233 3343 3658 3777
1074 696 1181 3027
1701 1745 2355 3246
2666 1377 3630 2335
32 1973 1771 3350
519 219 2455 2683
355 817 2303 2353
318 294 3868 624
2766 3390 3923 3671
1564 1308 3988 1515
484 1404 3653 2903
1886 1787 2283 3677
1972 2144 2299 3477
1327 1103 3977 3444
388 2820 3284 3964
451 1319 1103 2474
2935 2045 3188 3362
2750 1085 2948 3911
1650 315 3020 829
444 2740 3341 3685
500 1776 3385 3090
1444 3550 3112 3900
2410 1060 2738 3821
3467 14 3986 810
593 277 3578 3025
2887 1745 2926 2759
398 237 2332 1823
701 1424 1647 3498
1173 540 3659 2859
1265 441 3646 3816
363 967 3002 2528
390 3238 3390 3438
1899 981 2255 2722
2789 836 2863 3800
975 1709 2048 1829
24 1757 2502 3213
2395 2850 3245 3913
1328 1946 1585 2432
271 2851 1274 3534
1995 2863 2575 3555
1491 1252 3407 2501
1370 712 2536 3374
84 339 1988 1913
2473 539 3872 3838
2832 435 3727 3560
2920 29 3759 622
2922 2050 3662 2418
1260 744 3916 3756
635 865 893 3261
1618 92 2017 3835
2103 2122 2338 2777
1340 1501 1544 3571
537 2931 3097 3227
24 713 3145 940
1053 1194 3557 1761
2135 534 3614 1129
1827 1518 2845 3553
398 1820 1977 2626
2529 323 2605 1221
1743 501 2976 1383
633 1341 3789 3428
2954 2434 3129 3253
1425 1900 2812 1980
636 486 3586 1048
71 729 3930 951
0 3024 2426 3555
3276 2976 3799 3279
615 1514 3417 2903
2203 683 3460 3030
145 2565 779 3524
662 108 3066 1231
711 2292 1059 3845
1251 536 2672 1599
2052 876 3403 3647
1195 255 2467 2559
1618 2064 2891 2319
2091 388 3239 1030
2225 2173 2350 2356
1679 2209 3341 2462
2034 2159 2422 3713
1531 995 2733 3903
1172 2206 2370 3996
620 1436 1205 2069
1582 1505 3992 2022
580 2059 3648 2522
1755 1457 2362 2342
602 1166 1773 2678
171 165 523 1782
59 2115 611 3706
2595 774 3306 3319
620 1986 1523 2190
1193 466 3239 700
2275 2760 3574 3781
397 1533 3906 2646
2404 66 2827 67
2886 1638 2991 3319
581 1702 3884 1928
2977 2438 3485 3045
273 5 1814 2888
25 1268 2328 3058
1531 1210 3251 1606
954 688 2634 2126
1961 1545 3479 2157
2096 2091 3143 2976
1125 158 2675 3871
1137 539 3904 794
1837 2164 2677 3433
858 1032 1143 3992
2298 3875 2587 3897
3614 1676 3867 3498
1506 1064 3297 3451
2572 968 3729 1090
285 946 1773 2682
309 1295 2174 1371
244 2564 307 3913
1260 1685 1868 1922
1386 1177 3694 1205
2139 1316 3346 3606
1623 2158 3466 2451
3164 165 3971 1112
748 1314 3342 3778
234 2360 1610 3105
3626 1420 3713 1986
101 1001 988 3916
1099 125 2034 951
302 878 3760 2459
369 1529 819 3094
1469 1737 2612 3772
3280 1489 3720 2277
318 263 3589 2907
395 2178 3338 3644
1986 2824 3934 2874
3185 204 3846 1256
893 1856 1610 3407
1553 1418 3138 1809
497 882 1058 1033
235 1283 1872 3818
664 772 3126 1273
450 2499 805 3705
98 1235 3418 2883
573 2889 1079 3139
3289 1762 3584 3101
460 2768 2227 3051
269 2526 2677 3594
994 2304 1395 3796
422 1892 3763 3158
3941 1562 3954 2639
240 2207 2153 3536
541 865 2963 2758
599 1002 1647 1015
748 761 2211 912
303 995 497 1632
1257 1153 3568 1524
917 1071 1259 3160
1820 1340 2865 3651
263 2030 3494 3471
2470 2237 3755 2442
927 173 1065 1832
69 1328 1924 2738
1806 1184 3179 1280
388 3022 3581 3302
2330 690 3770 1794
35 1410 2124 3838
1543 216 2941 678
288 2843 2269 3384
941 689 2678 2765
1023 239 1784 1066
392 3785 1867 3884
1473 16 2305 177
1400 87 2513 1291
479 1253 812 3873
498 324 3132 2098
2626 78 3915 2496
419 3167 546 3705
911 1875 1040 2644
1431 1471 3735 2037
664 1955 1020 2453
1164 266 3724 1325
1108 1472 1985 2306
773 829 2325 2162
2752 2759 3529 3935
2141 549 2836 1116
1646 2835 3278 3052
2842 608 3847 1358
371 67 2598 2877
1550 2956 2925 3255
1292 850 2349 3116
2239 282 2618 2998
2791 262 3870 1571
600 1093 2223 2759
2975 88 3581 444
681 892 1854 2599
1284 39 1364 3820
375 1935 535 1982
2168 1447 3500 1548
3410 1180 3459 2884
382 603 2650 3420
529 2600 2911 3281
1760 4 3153 3184
1771 26 3857 1132
116 224 3733 1514
1422 714 1679 2347
2419 1645 2436 3502
3801 118 3934 3158
1869 433 3562 3319
516 377 1401 2690
289 1035 513 3674
2254 2214 3900 3347
1655 1893 2718 3508
380 419 3181 424
434 1892 1050 2858
2167 133 2620 3979
404 634 2129 2055
1098 725 3362 3138
568 2298 2901 3311
1142 1414 2629 1880
2732 1378 3921 2140
848 1536 3373 1599
1815 1509 3385 3755
2860 3056 3616 3625
78 1880 855 3930
664 1655 2646 3257
853 1549 3775 2435
975 2859 1715 3946
255 1846 2778 3520
287 1495 1938 3665
1843 3555 3816 3871
84 894 3377 1714
65 1944 3993 3751
2358 660 2375 940
1909 1417 2222 3694
237 1960 3028 3142
1408 2869 1906 3166
512 2596 1337 2649
733 1043 2518 1583
1115 3099 2051 3121
573 1688 1290 3413
834 261 2160 594
475 1688 3007 3548
1845 1405 3927 1718
3293 2472 3460 3729
812 648 3759 877
1595 1264 3499 2974
1502 25 1687 3924
1457 2494 3930 3902
479 339 2494 2784
3430 2409 3533 3619
183 1212 226 2457
2745 1419 2756 3868
339 2134 3713 2196
1952 1853 2446 2066
3171 556 3390 3450
3162 988 3904 3081
2170 1672 2407 2750
2298 881 2671 2789
488 498 2147 898
2843 1265 3406 1514
2537 184 3931 2849
1981 2606 3959 2840
887 2166 1170 2297
2381 1814 2921 2612
713 556 806 3512
514 1386 2856 2178
638 654 2502 1549
956 640 1646 1626
2878 1048 3426 2915
1450 313 3126 2442
165 2841 2516 3319
832 326 1917 2721
1848 1139 2080 1245
1463 545 1711 3073
766 3476 942 3630
1475 458 1497 496
1313 1932 2966 3652
1192 106 1215 919
794 309 1480 440
906 1395 2563 2295
342 2596 2054 3827
125 2147 1360 2324
1472 1006 3437 1753
920 96 3086 1210
2706 1940 3352 3194
1740 525 3100 1228
3251 676 3947 1488
819 236 2120 3157
1800 1699 3672 1807
1174 3158 2439 3277
263 1614 2537 2147
1532 2599 3758 3815
2180 1522 3760 2530
1766 2317 3515 3865
165 2252 2094 3345
1728 651 2160 3173
1033 921 3412 2878
1441 125 3340 1901
763 2535 3795 3259
208 766 2894 2997
1011 826 3755 1563
324 814 803 3498
161 3556 573 3971
77 2646 374 3944
2266 365 3445 411
3039 1437 3814 1626
665 1707 2757 2378
1025 2840 2652 3950
153 17 2200 3845
3160 722 3392 2183
874 2181 2954 2878
960 1866 2529 3557
1279 2375 3143 3052
560 1442 3605 3656
871 734 3366 2409
2433 1316 2581 3322
934 2216 1096 2934
1783 687 2563 2707
1113 1905 1849 3676
3302 2174 3529 3821
3339 983 3711 2241
3828 666 3909 736
98 2670 1992 2831
2542 880 3892 2561
1443 93 2864 3034
725 591 1799 1672
1130 1749 2481 3502
913 1109 3900 2383
3235 861 3725 2080
1123 1211 1751 1563
3251 211 3540 780
1461 314 3453 1609
1222 2476 2653 2907
1899 14 1920 2953
385 1530 3911 2938
464 23 2174 1980
626 1742 3577 1767
2571 3011 3423 3535
1806 2310 1896 3751
455 2002 1039 2064
776 1029 2321 3696
1897 541 3169 2399
1276 949 2607 2440
533 374 3692 3646
1241 2449 3873 3379
830 16 2659 1914
1424 1226 2032 3531
2072 651 2878 3060
2008 2804 2897 3094
2422 307 3337 3876
2409 2921 2688 3573
467 545 659 2666
345 1696 2154 2243
274 1604 461 3270
1706 548 3040 2369
567 1018 2172 2031
765 1405 2956 3214
2113 2279 3797 3445
3636 3589 3726 3993
2010 286 2824 3445
2818 1698 3242 1744
1009 410 1135 3151
1339 151 1953 2619
1901 1806 2763 3638
1691 2794 1941 3537
3669 616 3886 745
2159 17 2811 175
2748 196 3684 2847
1159 546 2294 1199
840 1817 3488 2270
1952 2322 3077 3438
1022 516 3500 2420
2289 3376 3888 3704
1803 808 3817 3923
2455 872 2828 1082
250 485 1791 3358
2441 713 3025 1188
2037 3270 3445 3699
1212 3072 1780 3865
651 722 3402 3886
3410 866 3761 1718
757 375 3295 1130
1238 1606 1851 3028
603 371 1983 3304
1285 2148 3232 2413
863 1893 1294 1926
89 609 2406 853
2282 461 3531 1710
597 314 1404 3821
321 94 2846 2745
191 1364 3340 3466
2300 2088 2445 3766
740 1714 2194 2368
1864 1104 2748 1230
622 1084 3259 3739
569 766 2148 3312
838 1725 890 2418
177 346 1220 3082
1284 986 2596 2603
1104 1309 3028 3372
880 1183 1740 3171
1398 1483 2342 1668
1010 2717 2489 3706
2103 1004 2594 3453
1944 493 2707 3558
888 1454 2992 3950
370 1849 910 3841
1452 46 3219 2933
1517 463 2603 2181
3411 1866 3857 3960
1758 324 2413 3379
690 1587 1424 3625
722 366 2949 3605
389 1687 1350 3560
604 3103 1850 3808
391 1700 2219 2807
1948 952 3879 1260
815 2862 2155 3679
1240 1630 2464 3605
901 1261 3179 1887
3591 447 3920 1652
2665 2859 3238 2988
2119 330 2495 2117
3409 736 3614 3842
406 1535 1109 2994
1761 914 2464 2051
2261 1981 2597 2748
2158 1023 2865 1990
806 513 2544 1581
1962 677 3811 3767
803 3259 3069 4000
347 940 845 1581
3239 218 3464 303
1177 1543 2529 3588
2108 1223 3091 2860
382 1221 1666 3076
1810 985 3681 1562
1651 888 1799 2218
2668 1427 3165 3238
1177 1798 2413 2969
3170 343 3426 2749
2990 2138 3735 3907
1143 1836 1188 2599
1714 1558 3180 2939
128 967 1127 2146
1729 484 3370 1831
2904 1920 3769 2677
2637 2124 3129 2226
2084 1876 3588 1926
284 1895 1470 2115
568 1604 1624 1957
918 3473 922 3500
1193 1481 2724 2030
349 650 2192 1826
1259 258 3800 3085
926 1959 2016 2310
230 1007 3822 1659
455 1098 2674 1478
3824 1780 3980 2400
2340 188 3260 2691
3529 213 3879 1424
1849 2616 2436 3942
92 1098 1342 1402
91 2398 862 3988
3268 1012 3341 3513
33 1225 2470 2617
2868 1455 3688 2675
1382 3743 3892 3902
951 652 2592 3672
2406 757 2986 2900
1318 650 2934 3555
206 53 3844 1973
524 1934 2056 2307
1412 1673 3899 1888
1276 664 2410 3125
3763 2906 3803 3793
58 3122 2504 3472
2355 401 3189 1430
177 1069 815 1320
1315 1236 2138 2535
910 226 961 1403
2742 834 3638 1907
1080 2911 1571 3475
757 148 2006 1926
2297 1845 3072 3409
2688 1972 3458 3060
2135 1746 3489 1803
1517 1157 3416 3565
12 1192 1011 2691
18 261 1610 2789
719 585 2385 3906
1740 3092 3894 3862
403 1147 1921 1989
7 822 531 1371
1409 3157 1880 3222
324 378 1238 1283
1685 791 3231 2985
2601 900 3348 1293
3092 686 3323 3064
3286 3298 3450 3501
30 1145 2053 3271
376 383 1817 3368
392 642 2867 3340
2589 2106 3697 2976
578 493 1712 2025
785 2615 3234 3854
2184 489 3872 1701
1706 2886 2036 3902
2860 206 2883 2897
37 1682 1107 3178
746 296 3449 351
3576 886 3703 3830
1684 2798 1862 3870
55 1360 129 2827
2667 3537 3540 3564
95 144 1663 3849
9 570 2437 1840
1123 1835 2497 2646
2380 2029 3204 2556
133 319 464 334
2862 606 3453 3937
578 1281 3507 3408
1904 1311 3200 1486
571 3419 2707 3875
3369 116 3391 3598
2963 1593 3241 3582
1256 1977 2123 2036
412 317 1514 1977
878 1376 2136 3672
2667 1588 2984 2140
706 310 2647 2238
348 1457 665 2386
2749 2962 3182 3341
951 182 3689 1849
1374 1216 3362 3712
384 2190 1013 2906
3359 452 3491 2860
819 216 3219 702
2749 1499 3383 3326
1837 1284 3462 1365
1790 3456 2128 3830
2751 930 3937 3097
63 329 2165 866
192 1682 2374 3590
158 2759 2270 3368
26 255 596 1977
2962 3634 3649 3888
1264 2377 2681 2846
1336 1529 3960 3793
1150 668 2119 2674
1860 1062 3077 2318
1393 1587 1934 2637
2729 3213 2949 3316
1674 60 2770 3428
1329 588 2983 3192
711 181 1851 449
908 1501 1177 3258
2528 1302 3874 3586
363 887 1769 2185
1353 61 3905 3766
76 1290 496 2854
2000 608 2577 3630
797 1632 2029 3956
729 1857 3312 2871
1791 503 2987 2664
1270 1650 3822 1841
1395 1722 3018 1935
2404 406 3155 3685
1140 302 1960 965
471 992 2285 2283
2119 471 3613 2067
755 1322 2183 3677
2257 960 3892 2811
606 782 1166 3043
1004 1438 3413 2322
2840 114 3792 3206
170 1523 3549 2545
2295 121 3912 2080
2366 524 3019 2731
492 1070 1134 3534
1134 1593 1846 2149
724 231 3403 2771
97 892 3618 2082
1244 217 2454 2330
2025 1861 2607 2761
3204 1059 3376 3879
2102 2343 3957 3357
296 1887 3887 2532
2263 570 2345 1802
2207 2 3985 3976
393 278 418 339
449 582 3232 2104
2841 1 3810 1226
833 3021 3653 3220
1105 879 1609 1436
709 1390 2509 1450
2424 2501 2477 3358
1138 2756 2081 2959
776 1173 3600 3236
120 2127 2317 3215
366 681 622 3243
2796 1372 3263 3769
2515 206 3405 2666
1181 143 2896 3011
1030 1794 3340 2734
58 670 290 1275
2568 1374 3594 1752
777 990 3566 1536
294 549 1890 2522
1093 1555 2883 2637
1942 554 2402 2174
1583 3254 2343 3946
991 3495 2239 3504
263 1139 3621 3513
215 762 1641 2142
2034 1481 3346 2567
1249 868 2986 1750
672 688 1153 2830
784 1223 3504 1800
1495 3314 1552 3643
1201 881 2448 3539
467 509 1105 2500
213 2604 2733 3498
0 397 344 496
2218 3102 3582 3218
999 3357 2588 3706
1364 285 2918 2331
599 489 667 1029
203 1259 3851 1605
1511 878 1937 1447
2922 2601 3587 3491
1991 1411 2470 2409
2693 862 3911 1327
1993 381 2795 1868
1805 988 2468 2090
318 109 3494 1504
214 1734 2528 3886
1173 3449 2568 3496
1221 1287 2178 1674
872 2382 1927 2534
2512 509 3615 2862
2132 1729 3273 3170
991 562 1408 984
919 1324 2681 1896
117 2282 2922 3643
1669 710 3150 3941
213 3246 2483 3328
1866 2126 2934 3459
961 678 3827 835
1481 2813 3612 3057
2964 273 3972 1436
223 447 2208 3467
1772 2480 2295 3068
1239 905 3274 2328
69 963 904 3620
214 2348 1310 2934
3399 1540 3432 3131
3828 501 3877 3386
788 196 2268 3355
2908 1060 3830 1093
194 1208 3231 3760
128 2566 1952 3380
805 59 1546 1771
879 2547 2353 3129
682 2170 3560 3778
1929 3091 2138 3746
3435 899 3747 1858
2222 1301 3464 1848
3363 673 3926 2407
823 1503 2796 3402
628 1168 1951 3915
132 1915 2865 3279
552 193 1838 1597
369 2160 3312 3981
642 917 726 2461
548 2642 1857 3846
107 702 1276 1015
2575 535 2805 551
1727 2099 3415 3058
1057 2531 2163 3738
299 868 1028 3348
35 1058 645 1449
175 1446 3314 3651
1719 1404 2764 2248
885 1440 910 3919
271 1415 957 1686
989 507 1372 3983
1177 1937 3102 3872
1002 7 1622 903
352 473 2566 1367
2479 1208 2519 1998
3439 748 3734 3600
679 1538 2903 2665
983 533 1798 1239
359 1098 3275 3851
3919 1645 3958 3840
3501 943 3655 3708
556 695 3705 848
2408 832 2512 2075
402 2142 3810 2552
2273 1138 2706 2945
17 1786 3997 3040
718 1431 3539 2336
1798 90 2807 2874
1520 598 1946 1005
437 434 516 3214
2735 852 3907 2909
1266 2048 2742 2618
613 150 3797 3479
1015 1869 1440 1973
1621 409 3116 2279
2241 1861 2562 3576
493 1465 1596 2384
1363 1726 1441 2882
3464 2726 3941 3911
582 2765 1045 3837
622 3217 2096 3608
1580 1200 2565 2170
1334 1266 2469 1615
1567 1550 2645 2049
1108 3145 1132 3930
30 1453 3212 3406
2748 844 3913 3011
1004 1493 1932 3798
188 1144 2978 2030
739 3081 1050 3913
669 705 2687 2205
339 2648 897 3446
168 1742 2717 2313
2536 1277 3528 3574
3597 2990 3711 3842
1204 630 3766 3891
580 276 2573 1905
1666 2467 3955 3273
1166 1291 1287 3417
3411 557 3752 577
333 2600 3802 3055
554 551 1730 2830
338 2174 3763 2469
1591 678 3880 2140
801 1060 2655 3531
358 1275 2768 2551
31 2125 2699 3191
522 1009 957 1320
406 765 676 3252
538 595 2955 3735
3870 167 3933 1503
264 1000 1210 3301
2351 202 2506 2741
1895 1527 2149 1851
679 2460 3197 3448
1581 3119 2718 3266
44 890 215 1179
794 767 2599 1659
769 556 3446 3192
1990 256 3010 3174
1496 644 3653 1147
1643 1328 3804 1404
76 139 3715 1665
178 571 3564 1904
1607 75 2250 448
2168 2987 3403 3262
1036 1727 3457 3810
367 2102 3136 2286
2006 627 2647 3229
1760 3398 3044 3463
1214 379 2598 1736
2315 1239 3328 2768
960 188 1321 1487
1331 550 3589 2798
2099 952 2557 2462
54 1518 946 1573
2272 1797 2336 3361
1562 237 2653 2618
3146 1662 3454 2288
189 2688 3706 3748
620 510 2192 3182
520 3051 2229 3950
688 560 2081 809
283 2 859 416
1603 423 3922 1651
339 950 2468 2806
923 2106 2919 3827
1784 672 3749 3514
671 422 2222 3623
682 2212 2419 3573
956 917 3743 3688
1402 2357 2413 3778
781 2536 986 3791
1765 73 3258 517
2059 2584 2422 2651
692 1522 2305 3623
128 1000 3967 2574
125 1209 1440 1282
1544 1465 3993 3973
1392 553 2453 1259
50 3255 2062 3339
142 144 3366 3343
56 194 906 3468
3122 484 3566 2765
526 2165 2831 3738
85 1400 2673 3210
3060 1172 3067 1417
1094 555 3456 2055
1651 560 1882 1337
95 941 3444 2204
552 1524 2068 3708
1047 507 3238 2002
127 2066 1791 2563
1109 1393 3761 2896
411 2598 2535 3172
906 581 3332 2737
288 1217 1367 1219
247 96 3857 2290
1182 1392 1291 2053
514 480 3133 682
1886 1276 3732 1607
711 2451 1325 3061
200 980 1035 3960
132 237 3310 312
1843 292 3605 3273
2458 2133 3390 3893
195 863 3873 2978
227 705 3833 2088
2640 2495 2969 3441
1033 1075 3989 2260
2641 2951 2771 2986
1210 1242 3262 2003
907 201 2089 2193
3076 2848 3859 3291
1685 1266 2925 3351
1138 2854 1788 3674
397 1955 3758 2328
135 2680 279 3661
2120 460 3781 3921
2480 471 3468 3876
1288 1003 1524 1902
1548 188 3157 1501
27 2812 1282 3674
1969 34 2894 3452
791 525 3761 1211
324 81 1630 3450
1389 1343 2881 3739
1188 123 3722 1306
2334 233 2709 1674
1419 1942 1422 3412
725 120 1887 1804
876 85 2824 408
358 424 567 2462
105 2835 1847 3136
3226 785 3863 2941
3440 1033 3657 1439
69 411 2335 1254
1268 903 3142 2924
624 436 771 1059
104 2685 1799 3319
678 597 1803 1489
3606 3454 3997 3541
1974 1635 3961 2725
2662 859 2822 1406
2919 353 3925 3962
770 702 3625 2473
1425 3007 3353 3365
2241 1994 3331 2364
243 2306 3544 2444
1668 716 1979 1439
1099 858 3369 1813
779 1318 2613 3218
1458 773 1678 3345
0 2058 2353 3469
50 232 1522 2124
184 474 2567 1445
143 2363 515 3562
1426 718 3815 1399
243 673 1833 3759
777 1380 1022 1669
2166 612 3417 2724
1114 570 2904 3427
1287 3350 3273 3967
1864 1648 3433 3803
807 573 3677 932
467 69 1988 1306
48 1877 1735 2422
2556 309 3949 980
274 2185 2119 3012
188 185 2278 3202
16 1038 3421 1322
5 530 3367 1910
35 1097 1194 1510
1616 76 2212 3211
2934 3498 3021 3853
1909 2250 3880 2317
1295 1644 3965 2318
138 940 748 2085
940 2388 3167 3031
92 1362 109 1589
2543 953 3443 1625
2509 1075 2575 1762
442 896 3082 3348
1170 1919 3131 2449
3449 1837 3638 3034
1038 309 2621 3278
599 132 962 2036
2446 1895 3108 2761
254 203 1458 2872
79 1214 3646 1745
652 3233 1800 3367
178 325 1574 2067
1946 3286 2011 3797
166 747 2439 1630
2010 2086 2734 2164
3228 1520 3423 3701
426 2023 3407 3362
916 694 2422 3268
239 3237 497 3992
1396 1412 2357 2803
157 523 1683 2187
2323 3783 2387 3830
1733 2479 2215 3826
1229 2112 1817 2357
309 2197 516 2424
2783 1094 3605 2091
247 1431 951 3625
2336 2242 3352 3575
1308 16 1363 25
859 726 1763 3113
449 2075 2778 2401
731 1505 3084 3715
674 2044 2805 2696
1197 1391 2171 3754
771 437 2722 2935
1690 2065 2016 3164
1640 63 2409 3188
521 859 1858 2048
312 859 3607 3074
554 226 1840 3073
658 2248 2729 2481
914 609 1680 1476
757 857 3977 3978
1611 2047 2761 2407
1524 804 1723 3190
496 1326 1771 2317
1206 830 3413 958
695 916 883 2759
2325 1789 3229 3515
189 3774 2373 3903
1899 210 2603 3274
1836 2195 3651 2569
1677 2458 3701 3165
236 2827 1548 3497
113 2058 964 4000
840 1627 3057 3852
528 2939 3714 3273
3527 657 3791 2269
328 693 3641 1147
1296 2006 2790 3742
641 3732 1282 3933
752 2200 1910 3717
204 3049 579 3956
1064 1856 1292 3062
289 695 3978 2080
1149 1338 3501 3707
1395 2528 2917 3285
893 524 955 1870
1511 1952 3094 2558
2135 597 3146 2494
1255 98 2926 3028
1109 3858 2377 3872
129 2948 522 3670
1033 3143 1177 3595
1389 1193 3597 3209
2462 482 3628 1938
3609 2288 3847 2486
217 709 2003 3573
1338 1661 2053 1669
851 1854 3381 2361
98 1953 2302 3042
2395 2670 3740 3999
1016 765 3933 1160
1753 2384 2579 3828
244 189 2310 446
1727 3195 2742 3234
222 297 548 626
2049 1115 2655 3689
570 682 2321 3189
550 984 2064 1193
219 160 954 2603
1483 585 3109 3312
326 142 2422 936
1666 521 3766 1161
1791 354 1890 1284
85 2060 306 2956
98 838 2004 971
649 1751 2793 2369
3173 1992 3665 3519
1364 349 2546 1792
798 785 2992 2577
922 3657 3947 3758
1776 1224 3550 2951
2172 1458 2893 3274
1041 963 1524 3318
502 925 2375 1808
334 1261 562 3503
316 2347 732 2641
127 2617 2395 3377
607 745 1915 942
2861 1469 3026 3339
799 791 1148 832
1680 1719 2451 3735
757 1128 2359 3415
726 538 1386 1123
1089 654 1845 1292
491 1123 880 3959
119 1678 1137 2614
559 2369 1252 3934
1341 2412 2010 3974
1965 2391 2339 3509
2480 2538 2860 3588
3242 530 3391 749
2550 3876 2601 3997
393 2305 3900 3826
710 1343 2790 2161
796 2251 3425 3249
625 1094 3181 1543
995 1084 3724 2970
1082 1942 3486 3908
1330 1131 1607 3361
1137 1571 2147 3199
996 2593 1476 3166
756 1300 2332 3332
2425 861 3439 1888
246 197 832 1902
626 679 930 2228
441 2025 1731 3387
1384 164 2752 3781
2576 1315 2648 2809
278 533 475 3275
1569 1030 1576 3192
1995 1075 2014 2210
246 2611 628 2805
365 134 2047 2278
1226 1028 2302 2153
1546 610 2051 3902
259 1302 1332 2398
1335 856 3971 3348
1695 2655 3511 3139
1218 1127 2711 3723
6 176 260 3597
1291 396 3816 960
1812 1882 3563 2280
200 272 509 453
446 375 2640 3940
245 2353 2375 2920
3584 1062 3658 1921
1022 51 1745 2839
3633 1732 3937 2137
2724 372 3542 2892
290 495 3705 2920
1757 1978 2891 2987
3442 179 3803 1767
2019 897 3456 946
683 1379 2101 1667
1004 267 1485 1426
1416 1268 3499 3561
1229 2075 3874 3962
2736 2659 3813 3289
1112 1588 2780 1605
1087 498 2346 912
1826 2746 3165 3285
853 1537 3233 3408
1088 136 1492 2293
6 1140 2397 3940
2937 305 3493 3930
318 2438 3609 3686
2259 1543 2877 2817
104 2265 2350 2270
143 1909 286 2186
2627 3054 3079 3755
3426 1640 3999 2781
935 406 2387 430
436 2801 1863 3503
2413 156 3153 2579
2424 1453 3890 1797
2164 1949 3639 2185
18 1080 3591 2548
1150 2428 1920 3578
654 1792 2335 2988
1065 2190 3614 3581
1753 470 2808 1942
2041 709 3556 1867
276 184 449 1389
1436 550 3933 2183
506 1020 3626 2964
32 1475 1743 3000
2200 269 3647 3644
886 49 1571 3018
2021 574 2977 3371
352 2277 1801 3947
850 209 1397 322
3 457 1430 626
1349 1652 1554 2468
242 47 2923 3477
1399 3627 1894 3672
2157 1128 3778 1968
419 1969 3574 3036
1384 968 3226 2680
1905 974 2147 1747
766 813 2701 3934
260 2061 1898 2721
566 2360 3252 2920
920 2420 3742 3533
2407 2056 2965 3253
669 300 3639 2562
39 2312 843 2634
485 780 1928 1133
2759 2469 3108 3704
1299 991 2961 3178
2077 603 3555 3140
15 196 3841 791
1675 3156 2582 3195
2672 203 3447 1659
1476 1192 3297 2961
3007 1222 3011 1395
1067 2621 2222 3352
614 2004 676 2539
1589 472 3994 1205
583 1801 677 1860
2581 287 2666 691
1981 1324 2739 1760
247 1284 1106 1318
193 653 3375 1253
2369 2259 3702 2767
2434 2913 2635 3736
373 3341 3612 3528
2096 867 3086 1516
1267 3046 2439 3693
2032 1614 2687 1753
64 651 1055 858
1743 2114 2700 2416
2865 726 3093 1129
1161 2217 3339 3988
1051 2907 1954 3298
181 2125 3887 2355
881 2153 3621 2310
3403 1958 3461 3680
146 1 1695 3727
2515 322 3495 1152
235 658 3201 2138
239 319 2543 2876
2598 2365 3233 3386
2733 3026 3571 3399
1631 2788 2950 3388
76 1957 2167 3958
1052 2154 1167 3746
84 344 2748 1206
281 450 3063 2948
1638 1930 3677 1954
1475 2075 2480 3851
225 474 3212 1484
1208 1145 2289 3770
2331 413 2493 2012
151 662 1940 2724
306 138 1365 2721
1025 2883 2328 3808
2119 2314 2885 3396
973 1761 2698 3796
1693 323 2918 2143
780 368 1212 3372
635 2011 1359 3395
915 1143 3579 2992
183 1960 2822 2861
1904 446 1905 2689
155 329 1653 2672
2067 54 3555 1259
877 121 2852 2724
982 150 3399 3541
16 1487 3705 3660
252 264 885 1090
683 168 779 1038
546 293 2598 620
1049 1195 3252 3180
1260 1997 1888 2661
2878 1758 3943 2871
1430 2533 3697 3838
170 767 2582 1533
2090 386 3181 3732
1959 2799 2935 3939
399 345 2129 3660
1470 1625 3162 3986
510 173 3360 3894
3071 3586 3327 3950
2582 1063 2722 2604
463 3202 3296 3893
533 2871 1164 3221
2057 841 3956 1521
1339 1304 3686 2467
283 2263 2601 3738
1548 410 3646 631
426 1471 1390 2442
160 94 1693 851
3703 1484 3723 2824
819 2604 2969 3007
2484 1637 3831 3017
1749 536 2875 2895
959 2049 2674 2452
144 1285 2859 1624
224 637 2062 3687
2093 1046 3280 2308
100 1711 2654 3282
2860 614 3184 3793
361 599 3450 1695
667 314 750 2851
497 783 3164 3288
120 1526 166 3364
934 2313 3382 2539
2967 2687 3421 2827
620 2734 2631 3827
3634 1775 3687 3373
1959 1254 2969 3436
1921 623 3286 2902
1696 71 2872 3171
647 3286 1674 3851
953 20 1617 2915
11 1755 1766 3543
255 3176 1206 3239
1356 2719 3239 3273
1350 1549 1946 3229
851 1405 2522 1959
886 76 3831 564
1570 148 3220 2930
1347 500 2425 1129
993 1814 1207 2293
1272 2444 3472 3779
572 382 1011 1221
446 2009 3317 3080
2202 1840 2566 3177
814 13 2617 1393
3231 2418 3653 2721
503 2944 627 3427
1845 1464 2061 3935
973 2432 2452 3172
1179 1986 3380 2706
1455 531 1985 3953
1462 485 1791 3913
2081 725 3967 1165
3520 481 3878 3788
1502 1530 1589 3651
434 1319 1618 2220
897 1697 1421 2120
1484 3319 3181 3361
335 590 1142 1096
710 1642 3097 3986
126 2305 397 3897
295 1507 3504 3379
2339 2546 3499 3925
465 664 3857 1112
415 140 3401 2953
639 2745 1421 3250
527 493 2954 3368
540 650 3754 1122
1545 600 1588 637
1933 2813 3501 3828
1536 2008 2822 3553
414 909 2980 1141
1147 2148 1797 3517
3231 1234 3975 2282
54 1460 1874 2118
843 3312 3760 3795
508 2163 1752 2339
995 2193 3743 2997
3284 361 3555 2505
1315 450 2140 2704
982 1612 2078 3516
1161 988 3681 2140
722 326 3755 2219
1229 2062 3088 2848
566 1570 2375 3168
645 2248 2678 3454
682 1655 1041 1777
1675 90 2573 2302
1892 1548 2816 2736
1722 955 2987 1974
3473 2875 3866 3850
1427 29 3116 1820
1970 2836 3162 2894
2373 80 2500 908
1670 3732 2399 3734
3843 848 3939 3496
1095 317 1391 3658
2060 2136 3968 3507
1353 2146 2400 3049
1031 1116 3312 1419
269 403 1897 3686
353 1276 650 3446
742 2823 1680 2909
131 849 845 1134
2307 398 3390 448
796 1130 1438 2026
327 1830 2631 3416
1594 1644 3990 2266
1408 2707 2444 3506
2744 617 3342 3440
2636 3141 2926 3936
858 2564 1439 3176
2095 700 2906 1380
2307 2387 2547 2720
1058 2617 1768 3945
358 152 2464 3524
2194 1628 3940 1632
2606 1425 2648 1913
409 290 2346 2224
96 188 2304 2817
865 1902 2556 3816
1872 3757 2209 3955
1698 2836 2896 3940
1950 2205 3089 2353
3 739 2481 3663
361 528 1338 999
1692 1787 1887 2978
1291 2052 2534 3675
1195 203 2098 396
260 1633 1359 3098
325 3016 2696 3390
1693 2161 2125 3984
69 2670 1681 3084
694 1154 1591 1688
667 962 901 3063
1064 803 3134 2836
1439 1757 2469 3136
1180 853 2915 3767
761 1507 3976 1643
266 361 3541 2737
904 344 2907 345
1468 872 2945 2388
93 236 1633 833
1278 1218 2494 2849
1670 822 1783 3308
1200 1986 3124 3553
292 548 2954 3386
2104 1861 3943 2500
1787 697 2139 3537
2893 738 3354 2259
1497 66 2117 246
1833 730 1851 2926
443 1124 2440 2725
2559 1229 3195 2772
2748 1095 2990 3523
3042 3771 3902 3865
2490 30 2728 402
551 1935 3818 3147
2095 143 2536 1960
700 958 1505 3246
402 424 2466 1731
2799 341 3227 3849
1035 450 2070 2079
2764 229 2866 3848
827 2591 1157 3049
491 1259 1972 1623
1111 986 1173 3816
1590 1349 2314 2991
1177 570 3739 3317
1275 1234 2753 3430
462 1487 3495 2083
209 2329 3631 2577
466 388 1907 2817
1659 1202 2060 3413
3142 1008 3730 3318
1327 81 1460 568
1240 1748 3964 3805
211 438 1685 1799
97 2251 978 2373
250 1902 3251 3517
1250 1506 2674 1823
1995 1132 3153 3215
1583 195 3537 1261
878 3090 2559 3137
406 516 2355 1766
343 118 3140 3916
1641 13 3844 3010
1930 526 3536 1463
11 928 3200 2652
1998 2756 3308 3108
1797 1248 3676 1569
1239 1042 3266 1512
267 782 3585 3528
2760 1038 3200 2084
110 466 588 2286
638 2343 2957 3999
1247 423 2314 3820
3764 257 3924 2340
1880 1305 2931 3517
1144 1176 1464 3013
1800 2160 3616 3136
2273 406 2274 576
2511 1036 3866 2400
3033 348 3900 715
3039 3507 3538 3773
1981 2406 3020 2778
2562 264 3626 2465
1096 2611 3510 3911
671 455 2769 2065
2282 3396 3031 3416
1681 982 3263 2748
1648 1167 1715 1742
2699 1130 3855 3150
1636 92 2533 2899
1999 2145 2267 3137
2491 114 3925 561
334 2004 3718 2554
185 1895 2966 3102
126 2139 1022 2571
230 2820 1067 2885
2153 1113 3703 3635
2043 279 2704 3262
39 1113 215 3879
1071 126 3344 1841
657 383 1192 1524
2848 1532 3132 3408
1094 447 2045 589
1508 879 1661 2210
1533 1607 2008 2861
897 561 2119 2121
1280 180 3533 3115
1210 937 3859 1421
809 2264 835 3293
865 2192 1277 3177
1113 220 2344 2324
791 1991 1984 3404
1621 1966 3793 2482
326 955 1180 1463
1212 252 1304 2506
2427 869 3024 2078
1283 55 2695 925
1030 1317 1074 2371
150 1072 3826 1933
1402 913 2240 3196
436 1440 1198 1878
569 54 3598 760
2250 960 2475 1739
3947 2012 3949 3127
1945 824 3784 2343
1596 2005 3858 3035
336 775 3874 1393
200 3974 2275 3997
2173 1496 3772 3631
347 16 3926 3917
1381 659 2503 2938
2183 118 3485 1105
1375 346 1636 3725
1544 2058 2294 2289
3873 426 3945 2138
78 63 2851 1732
362 441 1925 2176
1907 123 2214 1593
847 65 1872 2369
2030 2781 2380 3405
639 748 2907 1934
2575 774 2871 1349
972 1593 1278 3474
3419 906 3950 2378
1163 734 3672 1319
94 2925 3167 3973
2136 2911 2847 2987
768 2122 1120 3967
1359 3427 2912 3655
343 912 1947 2797
825 1020 3923 2821
833 2525 1588 2854
285 231 1575 1403
315 1017 1331 2881
3288 1566 3507 3747
972 1751 1116 2939
1724 1077 1733 1269
2716 2314 2945 2972
339 2659 3513 2761
1717 2816 2585 3725
298 2842 3239 3958
760 305 1641 1517
169 786 555 3543
790 249 2255 2715
2284 2973 2932 3370
1139 31 2269 1946
726 979 2038 3482
2112 1482 2154 2229
349 906 3055 2212
1890 593 2990 3861
4 430 610 3628
1909 472 3717 1475
2972 1415 3121 2165
1008 921 2177 3021
1585 3378 3874 3485
1462 3175 2652 3987
1321 2390 3449 2398
2586 1574 3408 2437
1895 1032 3297 2093
342 556 916 777
766 446 3161 2197
889 593 1474 3408
2749 2294 3750 2586
253 286 3117 3952
456 202 3077 1869
1502 669 2139 1524
1022 2305 1246 2484
276 1882 3501 2824
1278 1991 3502 2445
3146 981 3933 3661
2226 2211 3874 3719
506 234 2238 3458
1028 258 1781 2633
930 2765 2562 2933
967 1910 1415 2858
184 735 2370 3212
250 2093 580 3184
1747 433 2407 3340
2066 22 3765 2370
447 1633 1373 3504
716 877 2728 1393
3299 749 3324 2119
2651 214 3189 1406
88 1688 2146 2343
2092 419 2674 826
1405 2083 3474 2924
1171 871 1237 3235
1371 1232 2421 3069
588 224 2390 1550
1283 8 3001 2179
2518 613 3533 670
1744 575 1878 1230
760 277 1520 841
206 859 3811 2612
2483 2003 3540 2963
1976 379 3028 2694
2193 1397 2338 2838
313 275 3659 748
3460 294 3864 1200
206 3748 852 3953
573 1518 3006 3065
911 269 2155 3141
2110 452 2155 572
1055 1 3657 2204
164 2307 1541 2763
1132 1458 2019 2467
948 1379 2550 2045
2509 1223 3711 1400
1267 2141 3371 2209
1000 58 3858 1218
1289 1094 1781 3899
3521 2119 3613 3560
1848 1101 3978 2705
1215 232 3863 2874
555 137 3288 803
1107 2293 3707 2903
14 2088 3214 3868
117 1768 1253 2917
1876 1827 2627 2763
1273 791 1556 1973
2097 204 3309 1869
294 2029 3859 3695
313 691 431 3982
26 210 797 2836
1904 2161 1994 2926
1182 972 3645 2270
55 28 3134 1257
1924 1786 3612 2374
743 896 3784 3720
1378 1873 1558 2880
2746 926 3766 2040
2492 2374 3374 3171
811 778 3470 3525
170 2488 2340 3467
240 2471 826 3903
493 131 3103 3896
1925 845 3756 2181
1532 3504 2124 3844
289 300 412 2909
3941 1287 3983 1500
1759 1007 1910 2983
1816 3385 2674 3406
266 711 2346 3582
2439 2430 3981 2965
3009 338 3269 2927
14 2068 1658 2074
3284 2021 3646 2907
1898 410 3071 3607
606 1831 2823 2394
357 1194 2061 1261
1918 1280 3909 3273
1754 1131 2318 3047
613 1312 1521 2585
2244 1655 3914 2156
1942 1229 3574 3100
486 1147 1258 2185
2608 552 3489 3384
352 692 681 2924
2656 1967 3443 2655
1356 1494 3971 2370
656 1561 2529 1889
94 1106 3480 1526
690 656 2556 1042
1216 2468 3626 3173
1776 845 2437 3813
1680 305 3208 395
254 402 2196 2695
729 1807 3524 2892
297 2355 950 3291
3207 1568 3489 2763
2154 1173 3179 3251
378 2615 675 3850
1067 2965 3438 3381
2408 2339 2464 2527
559 1284 1019 2677
2587 958 2973 2969
65 191 1793 1579
63 3365 3978 3671
419 1882 3801 2275
1982 675 3563 946
480 914 2151 1984
1233 2520 1884 3956
821 3 1987 2962
48 474 1417 625
578 169 2740 3375
935 535 2355 3516
823 2950 2508 3753
1372 2286 2074 3651
1787 1135 3259 2351
2130 2410 2933 3700
2002 3503 3984 3900
1860 2546 3910 3306
1 2521 3289 2645
1283 3380 1594 3455
2884 1647 3264 1863
1965 2165 2171 3214
968 2184 2836 2371
801 1795 3280 2978
3547 567 3715 2929
2335 501 3522 842
204 116 1657 2567
3576 3517 3607 3721
2590 528 3495 2271
260 1592 3237 1942
892 800 1036 2651
82 3016 1523 3966
1537 2596 3363 2856
1153 731 1423 2328
242 2777 756 3521
2384 160 2461 3987
1224 1280 1398 2046
3421 602 3547 1338
2032 2211 2265 2801
614 524 3854 3335
533 2456 1758 3194
2025 567 3007 3741
2375 1687 2739 3759
1967 624 2282 2878
1436 489 1814 2342
650 346 3730 2053
2134 251 3105 3978
22 1502 1257 3734
3760 2170 3887 3122
1509 3402 2212 3784
406 1770 2381 2901
168 269 3590 3366
313 1421 3341 2849
1293 1236 2755 1342
1048 1853 3822 3201
251 3223 2745 3515
2569 1094 3144 3601
2186 1090 2256 2260
1852 833 2463 909
1077 1846 1222 2648
1297 529 3477 1411
122 2313 946 2528
1529 1100 2837 1444
2475 24 3821 2567
3071 988 3784 2227
1627 3072 1852 3754
1592 2127 3429 3710
3334 433 3460 1956
3123 1326 3444 2168
1277 647 1845 2908
1070 1326 3989 2235
546 2833 765 3174
239 797 1918 2714
244 2740 2259 3493
2350 1525 3197 1955
6 3289 3603 3574
3727 215 3827 2520
34 2100 3878 3507
1436 1992 3325 2193
867 948 1179 2891
111 447 3599 690
1518 738 3051 2664
290 261 925 2067
2723 1981 3857 2329
677 497 830 2884
2377 336 2630 3873
3092 3222 3924 3425
137 1849 1927 3452
714 623 1755 2069
1066 198 2182 531
1376 446 1709 3568
1258 488 1699 2587
1651 1140 1966 1764
1046 288 3266 2527
1589 305 3680 809
472 3196 2964 3836
2118 244 3901 2589
195 834 2095 2261
1712 1664 2225 3424
1636 569 2600 2249
1597 1370 2818 2893
234 1458 2401 3916
2850 151 3824 3518
526 1657 2247 3625
2145 911 3806 2484
726 337 1187 2899
1132 387 3214 1767
1098 611 1395 3399
1439 1672 1945 1866
1294 1140 1478 2262
1725 133 3770 1863
83 679 2950 1734
2971 1572 3569 3947
338 1599 2820 3877
142 769 583 976
2099 2331 2362 3980
1707 130 2572 253
1856 253 2214 2952
1836 1202 2620 2151
107 984 718 1626
276 500 623 1020
181 448 3645 2992
1381 250 3247 3264
452 3117 2459 3973
156 277 907 1843
2754 493 3900 2084
1375 2339 3299 3367
589 1465 3912 3266
1786 1698 3785 1816
2774 1139 2878 2194
337 1601 1582 3365
1996 198 2645 1730
560 2047 3843 2293
1841 790 2248 2968
2772 2835 2857 3892
167 490 353 1825
2338 498 3125 3446
1119 2394 1317 3770
373 271 3225 3268
2832 105 3527 3904
1362 296 1380 2131
150 65 1565 541
303 1270 2803 1783
1374 2547 3163 2647
2489 2212 3531 2371
1997 188 2681 3229
70 2056 711 2746
762 264 2098 1738
128 854 3440 2155
487 229 2900 2437
1583 1791 2121 3331
1047 104 3355 1015
62 1225 148 2863
495 1376 855 2201
873 3227 3165 3728
1266 2356 2413 3493
385 568 459 1107
1695 307 3852 2668
1697 1332 2270 1498
2461 1295 2763 2899
90 1143 2970 1633
3324 1295 3693 1787
2855 2451 3087 3528
85 1859 2700 3880
233 1198 574 3158
273 1608 1358 2224
1334 2314 2740 3670
3088 3851 3136 3900
1094 875 2384 3129
96 1598 2619 2604
667 1435 3429 2375
344 875 1371 3433
274 812 1513 1499
1190 1386 3727 1588
1424 1040 3019 2744
1400 168 3310 3743
2525 1073 2532 2380
2358 1348 3005 3227
3125 266 3524 1318
96 503 256 2421
186 392 1895 1015
1311 346 2835 1786
1340 1057 2393 1739
229 1196 3474 1212
2199 136 2963 1104
3138 1330 3265 3875
2466 821 3849 2138
1333 191 2376 2009
194 2736 220 3260
714 1156 1400 2452
445 193 3134 3966
1896 2336 3311 2610
139 2181 3740 3436
1351 1265 2790 3985
307 1304 882 1524
2382 1475 3201 3419
746 1199 2704 2385
1022 333 3363 3350
1426 3090 2342 3283
2050 684 3915 2656
2696 425 3118 1361
442 2572 1089 3080
215 135 1685 1168
156 69 346 3421
850 1778 3479 2343
1489 1359 1593 1637
721 1671 1083 3577
2605 186 2892 1289
172 3188 3085 3372
260 3551 2202 3738
852 1752 1138 2073
3778 1070 3946 3805
2331 2008 2817 2567
1589 62 2843 3361
321 2043 1548 3457
1080 2144 2011 2847
1758 1642 1965 3700
1050 117 3053 1959
731 3046 3847 3762
1457 1182 2305 1869
642 697 3101 3504
308 2172 411 2801
1626 378 2184 1612
3396 1365 3637 2887
973 677 2784 2266
1080 1074 2916 3670
1254 1113 1948 3035
771 1855 1051 2167
1571 1825 1600 3377
1872 3072 3540 3638
1263 2600 2354 3506
1467 1403 3071 2986
1032 454 3107 3353
1192 1339 3639 3322
2783 1785 3925 3171
851 95 1267 364
490 1759 580 2655
114 958 3336 2433
1729 779 1952 2269
90 542 1652 3100
2508 596 3235 2630
417 1324 888 3991
1486 2947 2512 3788
965 2664 2975 2879
3094 1375 3490 1776
358 689 3985 819
3360 2006 3672 2767
2404 487 3073 1771
378 1637 1033 3183
136 1913 2882 3126
1654 1748 2567 3026
975 374 2200 3304
1044 581 1783 3320
686 1125 2130 2179
48 399 974 2898
608 1306 2084 3510
3017 434 3915 3508
127 536 2755 3607
2910 896 3982 1135
1760 1254 3529 3817
2180 1556 2223 3810
2472 45 2992 3285
330 827 477 2239
1443 1388 3803 3328
1881 2818 3544 2979
2480 1367 2764 1810
9 3456 778 3798
1728 767 2656 1993
1316 3271 2934 3725
2972 600 3779 2595
1035 91 3555 1522
725 2229 2543 3091
3021 684 3578 3410
865 3091 3732 3230
663 2261 1002 2593
3705 2256 3881 3164
745 654 3858 2002
3846 1141 3902 2729
42 116 3809 3537
610 946 1585 1626
725 1317 1803 3414
12 1123 2667 2219
1221 1355 1967 2284
122 146 732 562
1827 1750 3116 2884
890 1578 2029 2209
1804 882 1903 1016
249 1962 3914 2066
1461 1254 2584 3659
2370 840 2922 2214
2050 479 2632 2420
1289 1799 1968 3237
3614 1488 3894 2955
2094 243 2486 2853
515 1831 911 3028
1037 2196 1502 3183
2226 888 2922 890
2322 2205 3090 2536
917 1125 2439 2618
1953 1625 3760 2016
96 996 3288 3789
2891 699 3608 3526
44 1549 3722 2239
1429 2465 2031 3710
1763 1673 2073 2337
3171 439 3186 2232
957 951 1765 2786
1011 1371 1313 3702
479 531 3848 2793
2294 1015 2299 1348
2109 872 2457 1567
908 1299 972 2517
3324 137 3352 3155
2167 1136 2181 2566
3735 1689 3767 3662
3773 363 3813 3792
1532 178 2011 2777
1482 336 3545 3478
246 1629 1641 2378
166 510 1423 2312
3008 371 3264 3003
621 438 624 3944
120 1317 2146 3741
171 2524 3918 2911
2335 1454 3208 1545
978 3138 1715 3563
546 978 3568 3894
730 3329 3421 3413
1110 2345 3451 3289
583 2324 3597 3327
863 589 1608 3712
50 2821 2850 3065
2872 1376 2875 3190
1191 1070 2500 2472
176 595 373 2860
328 39 699 50
1529 3492 3339 3846
2584 1919 3672 3356
590 1825 3150 2126
244 64 544 3081
1857 247 3443 576
1138 1679 1346 2394
240 75 3007 1420
22 71 870 3374
131 3610 2214 3737
558 1199 714 2869
886 1440 2918 1463
2655 69 3416 663
638 887 3111 1454
3442 1132 3947 3373
1426 240 2564 3834
3238 1259 3532 1315
1885 3600 2370 3633
208 1351 1873 3141
442 936 1544 2688
738 308 1895 470
754 206 1753 2017
1417 2950 2420 3496
165 1096 2032 1412
531 1833 1089 1945
1309 1822 3349 2513
1669 1455 1700 3554
804 2265 1236 2667
2634 501 2828 1416
62 3884 3970 3971
695 59 1997 3301
1185 2881 3082 3187
2285 540 3704 612
1229 1942 3503 3106
2487 433 2929 1301
945 400 3931 3042
539 893 1776 954
613 1290 3397 2232
2374 1410 2589 3713
201 1528 1651 3658
2160 345 3021 3626
1071 607 1400 1840
1290 59 3580 1073
2464 112 3020 183
1251 584 3691 3110
1575 2843 2834 3681
1050 132 1644 1334
2762 1210 3616 1646
1430 2371 1621 3632
36 36 3018 447
2016 993 2542 2820
46 782 788 1339
3550 521 3828 1460
1547 3498 1649 3736
1464 1428 3243 3607
1662 1177 3267 3372
770 3340 1848 3993
475 106 3179 353
145 176 349 2810
183 2418 3464 3181
1625 1179 3314 1406
155 2037 662 3127
1601 3255 2660 3268
231 1663 1328 3718
878 2315 2592 2651
1823 496 2724 3920
1504 2072 2697 3864
3610 589 3912 1554
2759 1821 3055 2570
967 1079 3032 2066
1935 840 3344 1671
2905 17 3428 1856
248 777 3694 982
582 2502 1504 3052
583 2500 3110 3670
485 1870 548 3757
812 1711 1964 2932
1325 2576 2839 2620
376 3254 2112 3809
599 3221 1512 3713
2428 1394 2842 2624
1914 236 2206 2991
909 1913 2279 2516
1520 3013 2749 3436
2466 1807 3461 3598
1633 3175 3302 3920
1208 1429 1973 1608
3091 3307 3933 3418
2768 646 3015 3337
3169 2624 3500 3195
1113 755 3439 1864
2777 3334 3292 3667
1259 2791 2587 2978
3021 724 3994 3378
137 1043 1050 2566
1276 1504 2818 3559
1421 1594 3021 2097
798 1832 2996 2785
3135 1754 3839 2901
2893 3002 3297 3304
181 27 3404 202
1675 2660 3957 2728
2104 178 3348 484
1164 101 3454 1670
1850 1729 2160 2321
309 1526 3730 3238
2331 3135 3711 3649
753 1018 3391 3138
2929 1385 3492 1733
2712 714 3081 3981
3315 1573 3947 2361
3328 5 3658 1751
298 334 2449 2164
2231 555 2981 3602
1823 1366 2363 3553
1098 1076 2461 3387
94 1251 1727 3250
1578 576 1938 3440
510 753 2358 818
2165 658 2541 3983
49 1864 2243 2774
1824 1192 2726 2618
1164 1269 2805 1850
578 1445 827 2397
382 523 899 3311
1762 538 1916 2403
2589 2641 3515 2884
1 750 2717 3967
157 3270 1048 3715
944 326 2146 1422
133 689 2233 1762
898 3866 1501 3932
880 136 1781 894
230 85 2623 377
897 1187 3229 3453
2347 66 2396 1177
2110 1401 2817 3752
3135 351 3771 2571
1183 2232 1577 3779
312 472 1411 1487
920 820 2747 2730
1061 395 1755 927
1043 215 2816 3738
707 1279 2188 1324
3123 1541 3969 2815
93 151 1964 3422
1972 275 2576 3157
190 1951 1489 2386
1457 1112 2794 2193
280 1336 3596 3510
815 848 2557 918
1189 350 3141 3007
1484 90 3390 3357
3568 1482 3676 3166
399 1808 1951 2738
3087 254 3200 1826
2985 524 3590 2405
1838 1066 3188 3070
765 1468 3367 2475
1112 1419 2137 3354
1085 2385 2558 3799
21 2370 307 2830
1575 179 1723 2621
2493 127 3475 3806
1145 1147 3594 2709
768 1245 2639 1274
726 2304 2028 3110
147 3037 1406 3769
1588 2346 2491 3353
1844 412 2992 2259
2636 140 3707 3186
3086 2739 3116 3015
46 1796 101 3810
818 3622 2447 3760
212 296 3341 705
944 707 2971 1458
1131 3094 3118 3556
2202 2658 3304 3876
1478 2005 1831 3150
1177 1123 3539 2959
2365 434 3908 2708
1077 1527 3972 1873
1607 76 2752 1757
1453 245 3780 2296
3199 4 3847 2226
1157 1105 3549 2766
1874 2706 2946 3343
1762 3767 3441 3961
1106 236 3282 3182
780 183 2638 3234
422 1041 2455 1359
2812 2617 2874 3673
6 2475 3684 3937
1330 1176 1647 3614
1987 232 2892 2657
3822 1803 3920 3566
1420 305 2607 1520
2258 191 3869 982
370 1745 2027 3323
782 1554 2061 2291
784 927 3200 2848
1080 3307 1176 3880
1325 545 3698 3375
2336 1866 2971 2163
438 708 1003 812
1162 314 2673 1526
397 307 3465 1681
358 1229 1921 2489
155 35 779 1010
1120 2291 1773 3303
1898 450 2871 1241
39 1880 3966 3206
1156 1486 2665 3082
1907 2874 2882 3778
765 800 2189 3549
2798 260 3524 1601
1890 926 3217 1247
118 2815 2135 3095
1798 105 3728 1101
682 428 2465 2437
933 3341 1220 3843
872 2858 2348 3948
1625 356 2600 3248
105 3334 1196 3386
2936 691 3201 1888
134 1010 3595 1785
203 597 2248 3509
749 2872 2639 3176
581 1121 2525 2515
1198 819 1291 2716
1996 1285 2181 1595
922 324 3865 1289
872 1744 2107 1795
2534 3749 3415 3993
1116 147 2175 3943
311 1531 2144 2734
2390 1037 2913 2054
1564 2668 2299 3914
3761 1565 3870 3105
1056 1319 3146 2699
2521 2714 3882 3742
2201 1003 2496 3988
3254 253 3494 1088
2416 1156 3345 3190
488 1617 570 2961
1508 839 3739 3582
3139 2379 3557 3502
2218 2790 3263 2828
764 2704 2659 3353
3172 856 3496 3727
1488 2112 1889 3119
417 1334 3313 2527
3254 1240 3699 1551
132 542 536 3010
2077 617 2787 2049
1124 1047 2158 2835
286 361 3394 2559
896 1610 897 3297
2222 245 2976 786
319 392 952 3034
3 112 2730 3751
1327 2104 3530 2840
2705 2524 2778 3361
628 231 1792 3422
2817 1320 3945 1823
2641 942 3220 3886
989 611 2184 1439
2245 593 3069 2356
186 2211 2519 2888
1128 1601 3548 2788
2944 961 3949 2358
2019 2171 2179 3410
1138 1273 3116 1904
871 1732 2841 3688
206 1349 3187 3185
2648 272 3635 2017
858 2237 3906 3779
1644 2875 2724 3918
530 432 2787 638
519 1778 3580 2940
1258 1703 2947 3151
3308 526 3762 2270
1616 2951 2247 3170
18 3303 2726 3711
2112 17 3774 931
1197 215 3185 1806
1856 1990 3038 3907
1133 1282 2305 3404
822 710 3796 1064
2411 360 3518 1802
1430 1587 3434 2923
547 2145 2664 2695
1058 205 2784 2732
1815 1464 2326 3871
2365 396 2529 465
329 143 1169 1423
2762 1440 3472 3231
393 1813 1137 1958
2392 566 2498 2358
1042 239 2851 3450
1628 1226 1774 2476
495 1179 2963 1751
2224 1379 2664 2379
1370 487 3174 3587
1246 649 3394 1204
565 1856 1458 2905
1081 1827 2117 2832
1056 249 3425 879
538 1433 614 3942
1509 1475 3425 2237
314 1862 805 2270
615 2032 1862 2950
464 260 1504 3364
3106 441 3960 3779
2249 702 2518 1055
1886 2200 2475 3374
1244 2778 2704 3242
2220 3315 3617 3894
571 2129 2791 2345
1659 693 3575 1561
49 1952 2848 2885
414 1860 844 3482
3559 2977 3899 3360
3573 380 3845 3172
951 1773 3488 1800
1607 534 3224 2751
2233 592 3150 3648
2222 730 3530 3052
164 161 3877 818
226 2778 1163 3613
9 220 240 1271
496 778 1171 2069
2267 3295 2583 3481
2694 3361 3669 3967
1469 2307 2723 3157
1019 214 3002 736
1462 1297 2826 1818
3409 672 3893 921
202 1210 1436 3146
2282 1690 2433 2385
317 2445 3661 3813
883 515 1729 3993
1157 365 3372 3695
2594 3032 3209 3869
1061 551 3322 1547
2432 1348 3953 1591
1467 1648 3199 2728
2526 1764 2612 3863
3063 1322 3469 2005
1255 97 3382 469
1015 74 2720 2685
1432 174 2776 713
359 2193 2728 2402
1747 1055 3096 3274
2494 1663 2789 2540
1949 794 2788 1539
1920 1503 3237 3370
1112 697 1987 2523
1415 903 1772 2389
1449 1955 3755 3253
917 2891 2440 3659
1329 326 3076 2572
3159 1896 3218 2628
601 560 3556 3468
1318 1390 3611 1986
158 239 3744 1072
1138 372 1488 1707
1903 608 1913 3574
1609 1462 3439 1928
733 32 3995 1212
1508 1044 1635 2123
38 353 138 1051
591 1653 3686 3250
2270 3336 2803 3789
2876 837 3997 1964
3359 251 3775 3484
934 36 1419 478
1024 3801 2787 3949
851 2664 3772 3871
1140 2435 2649 2557
65 910 2757 2608
1651 2505 2865 3261
1806 1487 2989 2667
349 94 2225 3464
323 830 1022 2369
414 184 3934 819
601 1472 1466 2025
246 1085 1567 3904
2629 1455 2642 3072
1339 1062 1340 3687
2258 1751 2386 1990
2654 2355 3147 2700
1117 765 2405 3889
694 1275 2059 2598
2203 2940 2255 3102
1474 1701 1858 3478
2793 2482 3693 3515
818 64 2294 232
951 75 2413 742
2055 79 3692 1749
3215 824 3673 2912
2127 49 2963 3396
1127 86 3707 676
915 1133 2185 3524
1874 1328 1931 3776
593 2483 2234 3859
1728 1497 3340 2730
23 2287 3963 2452
1866 3198 2382 3343
3236 654 3510 1166
36 1295 264 1652
1488 677 3384 1203
305 850 1635 3887
307 14 2224 1366
2191 1100 2294 3366
728 74 2121 1730
692 1603 3131 2525
293 2567 2327 3915
1137 753 1608 2240
2475 3709 3711 3973
1454 2341 3056 3168
2474 652 2979 2062
233 207 3909 2234
685 1036 1700 3044
1884 1561 2949 2095
1167 113 3125 1503
1792 138 2026 1509
65 2317 3123 3787
274 454 2367 1658
3589 2765 3882 2771
1234 1911 1334 1913
153 1216 2292 3821
244 66 1231 1274
2366 715 3964 3085
3570 1433 3836 3375
927 216 2075 1350
2138 521 2574 3399
2490 275 2907 3770
775 490 1453 3249
2322 2914 3038 3233
1206 613 2613 3293
928 1627 2890 2994
3103 3249 3510 3556
2111 2127 3207 2533
2753 333 3223 536
687 107 842 2976
1399 380 2797 2020
649 233 2530 647
2295 253 2309 3351
1238 806 3607 2595
1393 1520 3505 3124
326 1146 2981 2588
642 1528 2738 3347
497 2866 3552 3436
234 136 483 2101
237 1606 3847 1865
943 393 3867 3922
75 73 2574 875
825 3869 3033 3969
3092 427 3215 2476
1033 444 3274 3772
399 1578 1004 3384
2782 1054 3544 3171
367 385 882 3004
219 1938 1983 2833
2779 616 3755 2484
2979 193 3152 3474
1762 383 2093 3983
170 530 3252 3605
783 2364 2776 3388
2384 145 2614 2581
1082 735 2533 2195
828 2718 3543 3589
2539 1133 3827 3584
3095 1445 3306 3568
2864 2711 3717 3611
738 1467 1525 3775
2130 1825 3808 2435
234 937 3298 3171
2737 791 3042 3471
2452 420 3817 1838
1417 10 1908 3422
1318 686 1720 3434
733 506 3783 1831
2348 1957 3060 3645
1836 3839 3212 3975
973 584 1698 760
3440 1275 3818 2125
903 840 2848 2457
692 367 3474 3954
383 460 1524 1838
96 2588 3433 3202
921 993 1074 3614
72 124 509 3936
1133 1999 3318 2929
409 2822 721 3819
44 2306 2905 2363
2855 623 3971 1685
1704 761 2217 879
543 2375 3655 3872
592 2571 1167 2971
302 1942 1869 3968
2448 336 2530 3305
507 431 1219 478
45 1401 3472 2550
207 1265 2813 1701
512 579 3252 2116
1476 665 1826 2000
1244 1722 2254 3530
2230 1699 2647 3184
2598 1057 3235 2223
820 1156 1925 1764
2062 537 3244 3857
1785 1526 3182 3562
1883 573 2889 3555
3218 565 3984 3225
518 318 2312 3667
115 209 2483 1947
1508 228 3405 2806
282 3197 1775 3770
1566 982 1973 2921
2043 229 2276 1716
1206 2701 1879 3216
259 684 3090 2378
1022 1575 2747 3987
2344 225 3718 823
585 548 2637 1685
1537 13 3396 2445
1902 2972 3636 3122
1821 160 2773 2121
1063 2003 2681 3697
1076 204 3752 2604
926 1798 1906 2643
660 1314 3751 1356
2985 1006 3487 3815
1873 1048 2943 3401
1790 1626 3910 2946
3447 159 3522 2319
111 89 2462 2545
1108 1422 2041 3046
2222 1372 3822 3467
679 1077 3061 3115
193 1109 294 2664
2490 3496 3888 3940
1435 2217 1545 3520
295 334 1079 2580
2055 1946 3017 3984
402 850 3453 2150
6 735 3639 1871
3506 649 3837 1046
2178 1213 2320 2726
456 127 3695 3736
188 1586 1046 3884
1932 852 3882 2853
1536 511 3044 1329
3526 3112 3933 3278
618 489 2703 1041
374 107 380 2663
3086 62 3792 1262
1468 1532 2036 1675
960 2101 2394 2247
767 1016 3172 1607
1556 799 2499 803
1826 221 2064 741
74 876 308 2535
510 1992 1168 2532
1644 3492 2802 3772
1678 3152 2746 3153
849 452 2686 651
16 66 3252 1829
323 664 3755 3138
830 957 835 3899
1699 82 2021 3952
2306 825 2798 2976
1824 576 2858 2973
1525 964 3086 2231
1371 66 2411 3284
55 2642 2378 2998
1234 1245 3698 1528
1482 1054 2624 3278
996 962 3588 3742
688 3126 3158 3732
698 940 3767 1759
1479 1888 3333 2414
2412 2257 2423 3132
555 1345 661 3038
247 1146 2777 1616
1795 247 2818 3952
1478 1119 3725 2305
1224 1906 3799 2987
1157 1043 1926 2555
258 1010 3921 2025
1719 438 3870 3724
638 1839 1610 2124
1530 3677 2295 3946
106 1326 886 3747
1714 2490 2595 3898
1497 347 1737 944
445 2558 3648 3384
1190 928 2270 3936
3233 3101 3484 3694
3217 31 3614 856
1922 1341 3291 3498
2040 359 3717 3897
19 3723 2719 3745
1810 353 2763 2594
1017 2705 1635 3367
2992 251 3579 3833
1909 1965 3558 2873
664 110 929 755
1310 946 2079 2016
665 1854 1628 2359
567 2152 3353 2704
3354 1873 3463 3311
1139 3435 1366 3612
54 73 1439 1333
89 2949 2286 3922
1386 415 3847 1443
1723 747 2244 3338
3459 726 3721 3240
2749 155 3602 2057
742 1200 1729 3972
1083 1251 3123 2377
1666 205 3506 3557
559 1685 3283 1998
1557 1406 2455 3538
2306 1622 3593 3134
1617 1822 3640 2440
1013 1477 1453 3230
385 2074 3465 3465
1635 358 1734 1556
2143 657 3184 3330
2097 17 2535 472
3202 289 3575 1946
2476 2025 3293 3200
781 1978 3702 2775
735 406 3361 1375
542 1063 1273 2959
1043 2066 2177 2536
911 2066 1160 2944
1314 430 2450 2260
175 566 1197 785
1085 2104 2835 2539
1335 836 3596 1410
3015 662 3905 1244
2480 821 3856 3585
205 428 1322 1753
2678 3329 3187 3453
423 1485 2123 2769
1416 1077 1774 3751
1472 1476 2899 2417
1180 973 1248 1972
1683 3409 2594 3550
1337 3271 3495 3309
1022 487 1647 532
403 1724 2381 2636
203 39 1456 3239
688 2410 3958 3520
2166 940 3019 3798
1129 3010 1639 3125
1776 396 3864 2605
1328 1455 3460 1690
2277 3103 3464 3683
551 1072 1340 2142
1378 1749 1851 1832
2319 684 2874 2440
1916 934 3310 3818
3207 489 3891 3741
535 542 3052 3888
1523 507 2154 793
3162 3177 3955 3760
3065 668 3086 2299
2151 1450 3307 2176
76 1841 599 3838
336 136 896 2260
1697 82 3650 2717
2187 2799 3617 2941
148 1164 838 3597
1020 806 3550 2065
1160 1873 2456 2917
3219 1017 3890 3305
448 1568 1217 2428
39 2779 987 3835
3129 823 3295 2394
2025 1823 3540 3440
524 97 1334 1445
186 2671 2589 3315
59 1294 1379 2049
1493 2400 1971 3453
465 3286 1692 3302
2526 3156 3951 3886
1918 2487 2316 3871
498 3199 2451 3256
3522 3321 3711 3982
107 1143 3728 1626
103 1119 326 1724
2584 396 3530 3767
370 322 2959 3660
662 2934 1895 3966
3327 752 3595 1602
2400 1360 3049 2845
1398 799 2008 3106
557 943 1718 2645
496 1487 969 2052
539 159 3196 3977
397 1873 2018 3511
658 2612 3992 3759
498 1875 1380 3597
2807 643 3725 2620
1250 1311 2970 2185
893 1271 1881 3325
450 723 575 2377
1299 27 1793 865
562 1009 3767 1073
1230 1519 3618 2333
372 2160 2699 3054
239 49 2666 3656
1849 1473 2612 3371
416 328 1560 775
1065 79 2920 3807
2423 2276 2567 3014
2123 1202 3753 1257
1945 1542 3829 2680
2565 1024 2626 1993
289 1656 1712 3994
373 1183 3178 3670
3341 579 3436 1255
86 393 1680 2913
192 664 3999 1177
1918 3005 2745 3890
1946 479 2456 2983
348 2505 1431 3404
1701 141 2194 3320
539 562 3121 1156
1210 1359 1303 2528
192 1702 3286 3473
99 2127 2794 2392
1738 1666 3430 2533
827 1765 1773 3923
1076 991 2118 1640
1902 3029 2302 3813
1357 1635 3803 1762
789 3377 3353 3771
204 1526 3012 3791
1065 2413 3952 2589
2586 1039 3500 2473
970 183 2527 3789
551 1947 3882 3980
1078 1178 1674 3651
1119 170 3188 2196
2032 1432 2276 2270
3066 2583 3786 2810
1869 1007 2059 1910
947 77 1493 375
119 706 3316 3812
982 153 1420 818
755 1353 2467 3795
2010 3625 2513 3840
1076 1499 2550 3304
1868 1641 2480 1932
1796 1680 2184 3569
2858 1147 3524 1231
1254 950 2835 1725
3060 1613 3580 3226
478 1056 1782 3085
2436 140 2619 3167
478 842 2756 998
1041 734 3146 2050
53 1985 2881 3220
3104 588 3980 2597
1713 1098 3192 1464
490 380 2953 1562
1216 393 1509 3748
498 1623 3608 1812
897 237 2418 2527
707 2427 2538 3921
14 577 734 2792
1247 509 1296 3381
2177 829 3100 1747
2416 2202 2609 2888
470 195 1122 1169
288 1960 2105 3816
898 1846 1566 2575
2860 585 3474 2881
680 2622 1812 2817
2440 1084 3563 1367
1954 406 2507 3254
95 2000 2979 3939
77 3677 2836 3983
1870 1636 2351 2828
80 1573 3821 2338
3911 2724 3934 3371
1003 1020 1229 3370
926 1841 2340 3563
1553 149 3465 1579
62 1943 2436 2591
233 523 1641 2089
2604 24 3438 1772
1743 1517 2895 3473
2328 1702 2958 3093
416 1039 1687 3303
1915 143 3369 349
1008 750 3943 2000
2604 1407 3055 2364
562 2710 2560 3995
260 1759 3708 2909
987 886 1392 2228
582 649 1923 2337
769 44 3533 3412
1239 740 2281 3663
2235 897 3621 3895
953 857 3560 2148
57 789 2978 1973
1767 1351 3987 3112
932 350 2089 426
833 2287 2027 3424
2216 181 2892 3519
702 1499 917 3320
1007 2913 3577 3036
3073 42 3869 3430
1197 301 3608 484
1487 2806 3183 3422
925 1382 1886 3720
940 2335 3744 3775
261 1271 511 2170
1294 1169 2577 3229
1297 65 1700 1184
1602 340 2728 3929
382 3372 2844 3800
666 417 3345 1891
2560 1469 3174 2709
1723 2874 3754 3937
1345 2050 3752 2394
1975 2346 3184 3657
1447 2336 3998 3518
614 1281 1403 1746
1405 19 2299 1089
442 250 2184 728
1399 557 1882 3371
439 589 2439 1058
552 1314 1572 1972
3608 3386 3620 3752
650 1213 945 1399
204 1933 1540 2164
293 1545 933 1995
2117 2097 3119 3605
3711 3064 3723 3400
1154 911 2126 3579
975 1035 2342 3449
906 1954 3359 3054
1270 2879 2893 3349
1020 532 3890 1605
656 2763 3782 3156
1064 175 3318 384
2737 1777 3073 3931
1793 329 3092 2691
455 3429 2747 3465
1190 1029 2547 2899
1714 722 2322 1311
821 1301 3739 3436
110 193 3202 2056
669 488 2720 3388
420 1866 1972 2034
316 115 316 1839
3590 910 3991 3573
2202 318 3087 2241
3404 3668 3486 3938
77 1722 929 3804
1617 684 1764 1974
850 2876 3865 3579
79 1758 1416 3622
434 1001 2901 3279
3026 2404 3887 3430
356 2820 2434 3156
1352 216 3447 2009
2777 2250 3885 3572
2962 1599 3847 2855
1517 1857 1772 3305
2528 232 2992 978
801 406 3911 3066
227 2698 3107 3860
1271 1137 3449 2877
555 428 1492 559
1677 791 2085 2394
464 2352 1650 3980
317 888 3039 2370
31 985 3506 3318
2711 936 3751 3431
2906 812 3740 1537
1112 464 2876 3628
611 3637 3761 3681
2915 249 3486 1090
2723 2853 3142 3140
733 1937 3112 2195
2121 967 3261 3485
1845 602 2034 1165
918 1202 937 2863
2011 352 2570 1478
302 2051 1903 2318
48 779 2184 1338
784 100 3518 2526
2044 1869 2829 2260
548 1192 903 2768
2406 119 2466 518
1150 2723 1184 3015
1051 604 1456 2398
1536 2393 3179 3451
885 1277 1101 1348
108 86 1001 3932
3806 2078 3967 2218
517 367 2913 3435
75 1753 2750 1964
59 1668 2586 3731
700 1321 1685 2527
758 1337 2663 1891
536 2993 2362 3926
761 208 928 2638
1036 434 3198 2127
2229 536 2397 2629
83 880 2656 1633
1265 190 3987 1225
862 36 1847 3763
1453 2177 2979 3719
1533 2415 2796 2839
370 1827 535 3153
1315 1406 1819 2426
1291 349 3369 1155
388 1953 3251 3333
1196 3711 2392 3779
1385 1347 3533 3531
218 1239 2412 2509
2596 1526 2704 3001
163 2300 2604 3770
3576 2078 3888 3341
1904 1540 2762 1797
179 2215 2917 2655
2026 389 2395 3873
747 2497 3782 3187
1628 2209 2131 3950
2313 669 3745 817
931 117 1077 1090
1894 358 2815 1258
858 89 2821 3398
170 2560 1751 3422
2183 2012 3067 2236
1478 963 1935 2265
156 316 368 3602
2222 1808 2944 3889
1932 2220 2168 3628
251 27 3067 1143
1259 600 1636 1994
431 544 622 3888
113 48 3271 3711
2235 2851 2852 3863
1897 1824 1921 3117
479 474 2992 2187
485 529 1957 895
171 2697 1779 2920
45 1652 737 2400
1288 1832 2926 2217
163 77 2374 3169
1219 2744 2471 3929
474 1305 2143 1499
3615 1089 3780 1427
315 2866 3584 2885
516 472 1363 2832
195 3299 2091 3754
1071 2458 3905 2946
2482 1046 3388 1611
766 153 2729 914
1796 1 3079 990
2247 388 3838 2440
1995 1491 2423 2828
1255 2783 1965 3861
671 2744 3871 3275
1473 199 2738 2037
1973 2975 2930 3263
164 972 1454 2698
312 1300 3381 3577
2313 1635 2401 2646
1233 2881 2322 3559
420 2084 3852 2331
3134 3431 3639 3523
1575 196 3435 2921
3763 1588 3922 1610
934 428 1032 647
1306 1292 2681 3199
633 594 1832 3449
248 3682 1771 3884
1303 1959 3848 3070
2945 19 3739 3809
2083 2118 3888 2519
1749 2416 3229 3767
982 592 2492 3682
267 2049 2327 2395
1150 2264 1882 3334
348 1188 1563 2297
1309 2273 3603 2625
313 1894 3580 2333
1432 586 2204 1257
3079 1431 3203 3856
1344 488 3455 762
1065 354 2997 503
1311 559 3667 875
2295 252 3100 771
2134 3289 2298 3298
1270 133 2568 1745
961 916 2617 1842
520 926 1906 2186
1894 61 3107 1907
203 91 1595 2709
1369 574 1421 3520
1928 69 3948 784
2430 1597 3515 3818
1297 1982 1804 2563
2868 2428 3741 3116
2455 1205 3570 3223
2174 629 3271 1291
2391 2990 2581 3069
1332 2130 3525 2735
1483 677 2451 1692
539 107 2610 932
1031 314 2846 3427
207 1840 2912 2660
821 1061 2450 2840
1505 690 3398 3901
586 1063 3363 2578
1162 2709 1465 3998
63 3237 2560 3642
553 1828 3182 2256
1035 147 2965 1686
336 1226 3739 1391
1137 800 3164 3525
186 879 2830 3567
3183 1648 3198 3473
1742 2053 3965 2588
49 1062 3863 1924
49 1776 985 2641
2858 1508 3341 3808
1473 3225 2027 3797
1855 1742 3870 2381
322 2871 512 3122
1490 554 1969 3710
439 901 3131 3475
812 580 1157 2396
624 174 1593 2908
1972 817 3792 1521
878 2383 1697 2451
708 3061 3578 3663
609 963 1329 2104
1399 111 3521 3291
2085 1938 3529 1969
1008 580 3734 3081
3506 471 3781 2238
772 1066 3690 3023
2924 2258 3251 3964
411 243 1310 3497
169 897 2510 1240
966 910 3661 1936
3683 465 3751 3448
1477 177 1615 875
417 1698 3880 2009
3291 1493 3947 3440
3918 811 3950 3150
855 834 3702 3884
479 305 3059 2710
2037 2911 2219 3475
1667 884 2844 3564
321 405 1404 2864
2426 3125 2576 3794
1013 987 1949 2644
1595 215 2177 3306
1346 675 2972 3438
415 170 3614 1518
2454 926 2455 3884
980 1616 2626 2849
171 2001 2512 2044
1016 2397 2286 2625
1467 1192 2684 3569
855 623 1510 3969
1244 538 2981 3757
1174 472 1611 2824
1481 2373 2019 3665
386 223 3198 2006
1110 2958 1293 3451
2066 305 3922 1399
1139 46 3105 1950
2384 3173 2967 3320
343 725 3651 910
3567 1465 3958 3449
1990 1704 2879 2632
1930 2703 3422 3023
1141 1908 2177 2251
704 2165 1434 3547
1941 1117 2371 3253
1544 1816 3166 2335
2573 3366 3057 3703
1827 1723 2483 2845
1384 1181 3150 2076
3268 2725 3372 3946
1513 2740 2777 3495
2218 2123 3629 3001
1165 145 2352 585
1026 1311 1816 3941
2382 1632 3427 2576
87 1554 3621 2350
641 1249 2899 2226
414 2484 1899 3329
1331 2283 2147 2443
1957 2963 3543 3605
1103 1900 2980 2913
233 3471 1084 3496
411 681 3012 1649
752 1101 2140 1238
846 3663 1686 3930
2622 2544 2660 2804
2296 1567 3110 2803
2504 2153 2771 3415
2703 232 3164 3444
359 386 585 3378
576 3681 3333 3725
1739 114 3012 3446
1658 2520 2744 2650
2033 987 3176 1856
2790 1665 3850 2958
1974 1282 3712 3599
805 3344 1897 3774
2374 267 2442 2194
2594 1329 3073 2807
989 298 3820 1101
1803 2052 2536 3932
280 3279 3290 3641
549 1305 935 1423
1798 133 2075 2175
2154 2653 3656 2785
1863 111 2155 2378
1482 1811 3990 2201
2240 405 3651 2049
841 864 1849 1150
993 2712 1735 2769
2416 2001 3142 3903
217 877 1652 2778
1304 1778 3923 3620
599 1713 1247 2279
548 1015 2326 3229
1449 847 1936 3714
1566 1472 1904 3974
288 3012 757 3376
391 1255 3939 1742
890 968 2141 1885
753 65 1005 2880
1451 2525 3241 3372
587 2900 2332 3335
1523 1464 3552 2697
412 1272 1660 1464
3255 1405 3287 3890
571 3703 2570 3741
3210 1168 3270 1232
540 70 1596 3553
987 987 1837 3992
1002 2083 3764 3718
419 2748 3652 3256
2399 54 3484 927
3136 527 3202 1151
992 94 3164 2932
471 264 3796 358
1662 2998 2959 3750
401 1012 714 2458
1099 2175 2268 2471
1938 1767 2651 3244
1183 645 1932 2691
2887 1687 3086 2081
211 747 1263 1154
1177 3391 3664 3475
699 1291 2550 1592
78 926 3275 3436
2244 108 3245 1722
787 621 1623 2462
1523 1877 1847 2982
634 541 1720 1738
1389 1825 3872 2285
84 333 1451 641
1569 314 2979 3035
2152 3040 2740 3871
1778 852 2789 1144
2203 3057 2722 3696
59 2243 2186 3651
470 138 2004 2185
203 278 2502 3310
1154 96 3795 2806
1611 734 2888 1712
2383 1372 3198 2126
2710 1767 3392 1837
780 2963 2313 3716
365 781 3250 3566
1560 780 2379 2348
4 1122 1424 1913
725 1353 1841 2254
1991 436 2388 3954
200 2573 1209 2873
231 1199 2413 3758
2288 780 2905 939
599 915 947 3219
775 859 3573 3612
320 2534 3967 3895
525 2503 3338 3907
2486 2020 3965 2980
621 1351 2214 1697
846 2874 1060 3820
25 390 1004 1058
2753 1311 3024 2403
1694 1693 2850 3887
719 2083 1692 3837
133 576 1645 1299
2338 2016 3171 2600
849 2184 1058 3201
502 1073 3117 2473
1961 1053 2008 1521
1050 1918 1752 3140
2179 2384 3954 3029
427 3039 3055 3083
251 1537 1268 3426
2001 67 2836 779
510 211 3359 1348
1345 336 1516 3425
1465 1747 1660 3828
943 658 2872 2268
1035 964 3830 2092
328 779 1335 2797
2050 1025 2178 2725
181 364 1963 3758
1631 531 2508 3425
2808 3381 3593 3841
1243 490 1731 1217
1956 2663 2570 3993
1826 618 2239 1751
790 3215 3294 3353
198 762 561 3282
97 981 3163 3063
1610 2042 2679 3435
2495 1405 2898 2489
3818 604 3851 3809
488 2006 3515 3612
1058 1651 2557 3962
1711 2394 2103 3854
579 714 2790 3059
221 716 911 937
277 2062 583 2102
769 1910 2025 3820
289 772 1523 2189
1460 306 1888 1474
1631 70 2727 498
1650 1994 1702 3258
2781 2562 3433 3904
2005 3617 2131 3637
1397 1767 1603 2456
1918 375 3579 1167
1514 2886 3916 3475
1122 422 1722 3269
1836 68 1995 181
2420 91 3835 3074
1660 632 3688 2938
1981 1122 2148 3032
1087 1994 2858 3220
2242 1895 2353 3994
1910 2360 2176 2912
1254 1443 2771 2218
1781 3448 1860 3900
0 1244 2048 2655
1451 789 2377 2645
141 3403 3622 3463
1696 2790 3634 3401
1023 1395 3477 2249
1993 1185 3245 3586
2362 610 3163 866
2326 2110 3819 2912
1731 1677 2916 2261
740 649 2816 1493
2767 1088 3701 2373
3075 388 3374 1200
1671 3532 3394 3862
185 741 847 1320
160 289 1870 3706
1449 120 1916 3481
435 1435 728 2822
2850 1108 3648 2237
510 1042 3085 3262
704 385 2508 3531
436 2741 1568 3031
98 1465 3093 2147
286 1332 2932 2368
308 27 3570 1320
2208 361 2936 2891
473 1825 3538 3783
1150 244 3001 3850
897 211 3472 978
773 1028 1643 1118
797 233 3396 3152
363 140 1762 3307
86 827 503 2116
642 2761 1840 3962
1346 596 1935 2958
2639 258 3203 3151
1846 1683 2467 2020
1239 2090 2986 2432
3527 415 3965 3560
1884 1959 3431 2519
325 390 1893 1500
1895 1867 3933 3005
140 1082 156 3696
2747 516 3753 2770
2487 572 2761 929
1000 1336 3315 2929
3485 1742 3536 3197
1331 2070 1886 3453
1358 36 1828 2632
521 818 2543 3707
3322 385 3552 1035
1230 1875 2600 2697
1862 1388 2312 2095
547 521 2419 1493
1606 23 3108 976
783 128 2633 1039
534 1079 3742 2662
885 678 2444 3196
837 35 2354 2557
390 774 729 986
215 49 1560 3831
543 1102 1960 3524
1401 791 2260 1835
3476 233 3912 1386
2115 464 2492 2973
1778 2809 3276 3771
1272 1525 3669 3117
1843 14 2561 1201
2290 2777 2981 2908
887 580 1830 3277
1663 2709 2980 3553
1766 2638 2669 3463
990 2778 3274 3328
2286 2774 2333 2971
3137 2972 3708 3223
51 1285 3893 1868
1228 1219 2874 2808
1996 1054 2022 3657
763 2842 893 2963
1474 2570 1857 2765
745 629 3773 2469
1858 2195 3291 3656
699 130 715 1684
3093 846 3442 1153
77 2839 650 3882
1159 654 3710 839
257 1708 773 2837
299 1495 3998 1809
700 835 2476 3782
864 1611 1463 3354
1527 1934 2420 1982
2878 1483 3002 3337
727 57 1713 3113
151 2989 1338 3525
457 1747 3850 1879
3649 1004 3700 2299
2854 764 3873 3336
464 647 1726 833
1756 1312 2019 1811
1404 941 3168 3011
2559 1621 3920 2877
2725 462 3199 582
2825 1007 3686 2355
3168 1979 3382 3335
587 461 3030 2654
2217 178 2537 1652
73 1523 2791 3716
2006 1050 3767 2499
621 1808 3644 1810
935 2472 1583 2498
3030 2752 3366 3725
182 248 1733 2787
1187 1495 3230 3822
326 574 484 1289
2009 3453 3527 3922
108 1821 3533 3763
526 1059 1536 2892
2424 419 3947 1357
2259 1128 2817 3067
1603 299 3037 1807
1239 334 2309 3877
96 2469 493 2963
891 518 2510 2940
2112 511 2203 3733
1110 36 3703 3323
588 10 3844 1553
644 296 2183 3211
2074 1201 2778 2964
1794 2187 3668 3378
2120 1753 2553 3695
149 3618 696 3742
436 373 2212 2155
1512 2355 3485 3937
265 426 1117 3660
2535 251 2557 1604
637 212 3386 1245
3447 1134 3948 3001
1283 972 2006 1610
