4000 4000 4000
1931 263 3797 3516
1452 2002 2347 2216
2876 1369 2987 2085
860 564 1901 1083
156 1682 2919 2302
3183 2459 3690 3699
1908 1455 3549 2141
737 1066 3779 1232
699 672 3810 1772
633 2290 2578 2410
201 1436 3882 2760
59 587 2787 665
1134 411 2417 2582
1148 207 1193 1162
3562 1583 3799 2045
1333 29 1909 1397
1892 2698 3964 2703
2682 430 3995 956
1131 1691 2951 3517
2996 1041 3005 3130
18 1036 931 1597
165 2296 3863 3649
2075 2181 2432 2649
75 254 3386 779
163 1998 1165 2544
510 2133 1747 3265
2817 2490 2968 3253
1067 635 1427 1653
223 1884 224 3162
1091 182 2226 1969
976 267 3736 3678
238 2242 3526 3222
574 570 1143 3013
696 2236 1429 2906
1126 378 2648 1110
1101 1525 3070 1960
1195 1564 3479 2133
34 762 2873 2172
3479 693 3759 1088
3367 18 3851 700
2276 2192 3472 3591
760 2869 1835 3927
1704 443 2423 3689
818 1506 2763 3200
849 1372 3172 3116
1776 597 2491 2976
1114 1358 1394 2788
1523 2185 3615 2186
598 395 2926 3918
2218 461 3785 3752
1135 400 1949 3836
435 1514 3117 2798
975 534 3055 2936
2405 2414 2429 3169
1927 1079 2833 2336
859 986 1279 2753
1597 1197 3975 1629
1219 543 3508 2336
671 69 1216 655
416 2396 3649 3464
1714 1967 2705 2991
2469 715 3480 3099
2753 931 3451 3137
1374 1159 3802 2475
250 1981 3262 3427
275 454 1779 958
3031 624 3408 1815
126 1392 1277 3442
179 212 592 1185
1603 3553 1659 3961
2608 69 3856 298
393 1438 2042 1809
3036 3018 3647 3598
1094 1430 1835 2405
1506 249 2257 752
565 1524 3047 2772
332 730 3587 866
3559 2496 3648 3254
1638 949 2456 3982
1531 344 3375 1719
2215 607 2768 2259
1269 3758 2130 3856
1465 1389 2789 3106
2880 1404 3338 3153
2200 134 3875 1170
428 68 3151 3965
2561 1002 3037 1562
135 1013 272 1437
1307 1570 2315 1695
1975 1337 2070 1411
1346 148 3313 3695
1796 1482 1881 2499
714 1798 3762 1823
2937 79 3186 1202
782 952 1943 2251
121 3577 503 3986
912 286 1804 1394
1518 3006 2242 3841
1851 1233 2282 1830
1149 612 2434 1444
211 711 3392 3648
885 1792 1265 2341
342 1729 803 2191
118 320 2084 2054
82 1194 545 3483
1417 936 3984 2917
673 2108 3507 3734
199 1643 3929 3934
457 2350 3149 3066
2570 114 3795 2629
1146 501 2705 691
487 1398 1301 3885
2052 859 3419 1325
3641 1661 3921 1717
832 2413 3390 2608
1317 323 2129 2794
1104 997 2405 1719
2894 1607 3254 3359
2453 893 3840 1291
679 958 1621 2787
1641 1238 2268 2009
2104 2427 2408 3270
1516 1106 3921 2291
324 1829 1763 3583
1293 209 2104 494
809 2143 2300 3956
1718 1654 3533 1781
2117 29 3665 2342
377 973 2621 1581
1165 1753 3594 3423
853 1717 2516 1943
2487 655 3129 3685
747 1759 2370 3581
79 1363 1577 1641
1654 3194 2560 3951
321 2190 3920 2490
443 245 1654 844
1473 1491 2053 2688
2187 1757 2795 1890
1948 1407 3542 1984
1228 761 1526 814
1593 2421 2366 3866
289 1077 1154 2070
1043 3031 1647 3429
552 1946 1165 2141
2586 1138 3870 3431
1010 2840 2015 3146
1924 290 3011 2157
2314 1154 3020 1523
701 1090 1163 3529
920 892 3379 2140
369 1259 1471 2035
2181 1577 2401 3772
735 2972 1187 3331
803 170 1693 1429
1326 1214 3094 2960
2460 2607 3849 2785
3094 2591 3272 2770
1023 1160 2513 2943
553 955 1150 1191
920 539 3675 3725
628 1171 3002 3530
1139 2037 2740 3380
1029 54 2711 196
2698 505 3458 1592
886 560 2514 2477
745 1214 2228 1458
985 1066 3267 2422
2716 2145 3553 2339
3199 3102 3737 3718
622 1632 1846 3063
1902 2838 2429 3597
2655 1905 3070 3270
2140 2245 2970 2497
1081 3913 1484 3938
1345 781 3128 3718
1756 2138 3964 3888
517 2054 1779 3152
2058 212 3357 3036
406 1865 2828 3588
111 828 2469 3698
997 959 1198 1698
1457 166 3283 279
1205 323 1744 3615
844 1964 3373 3277
3872 881 3881 3292
2012 2820 3518 2904
690 1645 2349 2846
1555 2022 2561 3899
1122 3093 2310 3455
1710 675 2905 1223
700 81 2600 815
1214 450 2845 2913
303 2367 3677 2657
1489 585 2200 1834
643 923 1805 3573
1637 2592 3449 2946
1335 1813 1977 2389
1822 328 2810 3992
968 2538 3811 3665
3657 705 3796 2945
2419 987 3216 1836
95 217 3518 2523
144 7 2057 2037
2890 856 3778 2140
1450 3291 1696 3881
2740 185 3449 1332
87 2508 2853 2713
1779 943 2278 1574
58 273 1870 3786
662 325 3098 1416
2089 1166 3166 2699
2215 437 3819 2936
345 1436 882 2897
1278 1594 3458 3943
3046 1955 3451 2634
129 1908 3382 3923
1163 1951 1961 3631
376 2331 2921 3591
1053 13 3735 1891
2158 994 3027 1029
2463 885 2485 2656
836 194 1612 297
2876 193 3302 3759
2191 527 2617 3561
2605 500 2804 621
2279 908 2398 3578
1889 401 2757 972
1218 1705 2355 2383
1862 270 3832 2288
2689 766 3690 1208
831 2641 2051 2939
33 3570 3334 3717
569 1989 2168 3817
524 3 1710 1384
3177 268 3989 3012
308 1257 3851 2840
3051 2518 3936 3749
1608 1160 1677 2325
2951 1091 3572 2444
404 27 3930 2988
27 992 3968 2856
2430 1119 3804 1800
153 746 3775 1241
1791 126 1998 1671
461 1723 2859 2641
1058 2710 2016 3821
875 929 3273 1108
1075 1531 3967 2582
2047 2413 2422 2568
398 2856 455 3700
1288 228 2328 818
1585 1634 2509 3609
2161 1904 2969 2041
1210 1487 3225 1670
736 1937 3542 3126
860 1315 2469 1552
1942 257 2467 2489
2844 583 3733 1247
2762 82 3116 1648
590 464 3874 3041
3156 555 3882 764
457 114 513 1602
1831 777 2548 1709
1284 1844 2220 1975
1762 2463 3884 2695
2093 1062 3906 2547
175 514 3217 2324
610 642 1197 3632
2005 2476 3192 2890
1088 878 3284 1505
417 848 680 3654
675 73 784 2086
579 227 1307 2619
927 1989 1283 2739
445 1068 1782 3872
234 395 2092 3200
387 690 1149 3183
2815 1909 3971 2019
931 2075 1883 2209
161 3148 1009 3156
2477 2184 2698 2336
1273 1260 3572 2096
142 683 2917 695
1265 923 2753 1624
80 2425 953 3549
1393 530 1940 3449
982 1725 1885 2936
1156 254 2895 1597
3375 2681 3629 2950
1296 371 2810 3965
989 2943 2337 3876
734 1009 2361 3539
3384 2068 3435 2415
1316 2998 2237 3587
410 369 2316 1871
5 783 2336 3940
834 577 1066 665
1466 233 3528 2294
1633 2759 2439 3902
2115 2578 3645 2640
211 3106 1299 3451
1353 865 2178 3865
974 1 1301 1569
1302 698 3949 2035
2299 1917 3880 3172
328 922 2904 1785
1243 2422 3271 3755
546 1044 1132 1349
573 277 821 923
2910 1273 3478 3924
554 155 1342 230
2283 1395 3008 2343
1267 558 2553 887
2287 1088 2373 3474
160 1513 1870 3348
675 183 3683 1789
3546 1208 3963 2237
281 597 618 2156
1278 1968 3372 2291
1551 1969 3445 3434
1261 2223 1813 3091
2865 688 3712 3550
3358 2884 3457 3772
2844 167 3862 1625
1539 1586 2204 1735
1376 1093 3031 1874
196 502 2847 2422
167 1016 567 3753
110 133 2363 2354
93 2337 1008 3347
2528 179 3102 1350
2929 384 3033 3303
382 2895 2059 3369
443 2294 814 3263
979 595 3223 1552
2484 434 2680 2513
230 238 3551 1512
2 1686 3321 3536
1012 1799 1446 2352
1259 225 2800 1332
2187 2534 2522 3377
1676 540 3807 3057
2414 1027 3547 1682
2214 835 2524 1794
1093 2671 1460 3116
2884 2243 3232 2965
1791 129 3164 3159
2324 236 2331 2457
2549 2063 3125 3686
37 1426 2979 1530
240 1526 990 1546
1059 3685 3810 3717
1317 1309 2975 3398
1960 2445 3508 3913
446 649 1218 1780
1325 2478 2005 3607
1928 658 2995 909
3391 2810 3741 3151
744 1234 1711 3735
3025 824 3534 1155
429 174 3994 3500
2138 1753 3852 3690
121 787 2031 3025
136 394 1819 1802
168 1772 3820 3904
100 901 2505 1355
1057 3734 1157 3759
84 294 2236 1152
121 1094 3962 3899
1017 2254 3473 2381
2077 3066 2285 3590
1974 1846 3731 3973
188 1778 2836 2628
1921 2881 2149 2955
22 2229 1894 3173
1905 448 2238 1310
440 2252 2816 2625
1439 843 1924 2902
1165 283 2968 2956
1041 305 3536 1527
1764 194 3221 788
1302 402 1834 2892
1115 1407 1643 1839
204 541 1551 2787
1505 2656 2143 3034
1363 1212 3086 3998
3065 1063 3851 3924
3516 128 3538 962
1183 1213 2031 1549
909 2199 3879 3329
754 1500 1533 3868
1639 1528 2268 2557
1611 663 1807 1326
1102 2193 2919 2583
2205 1693 3801 3150
499 1718 844 2000
826 791 1293 3478
495 1545 3779 2706
3494 2892 3998 3964
660 1085 1814 3927
332 436 2852 2947
2341 1899 3998 2020
923 117 1789 418
412 493 2693 766
151 1123 741 2018
1279 32 2422 511
2765 608 3918 2435
2285 2152 2471 2645
491 3590 1044 3821
861 556 2515 3615
2617 258 3098 1782
639 439 2458 835
2513 1886 2963 3891
2302 1200 3194 3895
621 1416 977 3857
348 2854 3672 3974
364 451 2361 3482
374 745 1721 3654
446 2053 1392 2853
575 38 2550 3835
1681 2755 3909 3818
1506 528 2844 1359
1890 203 2598 2887
2161 1152 3376 1413
1016 2470 2047 3328
719 2370 1261 3133
370 1077 3457 2025
855 2300 3005 3835
130 1203 2920 3052
304 179 407 1972
2519 1648 3126 2068
273 687 3569 1380
385 326 2847 2349
485 1119 684 2255
319 1337 1428 2543
1520 2126 2348 2313
355 1756 3161 2506
1461 1740 3547 2077
1621 2164 2511 3680
25 878 3550 2959
1364 1206 2176 1368
2672 1224 3450 1296
1606 1225 2672 2894
531 2759 1374 3317
760 2315 3901 3698
1439 2488 3694 3054
1144 2896 2422 3253
1381 1365 2710 3678
2801 219 3719 2060
265 2022 2140 2331
1713 1237 2874 3857
2778 1333 2791 1461
1642 838 2910 3766
574 1880 2301 3517
1195 396 1679 3566
1686 868 2698 2558
597 1748 3822 2804
923 630 3368 1837
1375 520 2876 712
2184 920 3618 1029
1652 1881 2249 2398
1924 3957 3310 3968
2246 1127 2935 1435
122 1318 2726 2207
617 1161 3909 3085
1102 1172 3548 2192
1472 489 2208 1811
2256 1244 3553 1523
830 1153 3741 3043
689 991 3602 1841
392 190 3626 1916
1895 2916 3825 3901
1857 458 2055 2906
311 1754 805 3947
1213 756 3100 2473
1612 1204 2364 2273
289 737 1667 3865
1130 1021 3428 1637
1485 654 2089 3370
2527 1704 2980 1726
73 1749 81 3282
1472 1046 2425 2934
654 757 2044 2944
848 78 3544 3357
2052 2904 2148 3075
131 2538 3902 3131
948 372 2914 1059
2922 68 3470 1446
3525 251 3692 1970
29 80 3353 1106
331 2107 1522 2186
1051 1925 2485 3943
1598 3480 1921 3705
1029 420 1377 1781
1329 1329 3108 1673
580 237 2455 421
199 103 2598 433
721 468 3031 3089
522 3399 1112 3512
1678 1291 3248 1990
730 952 985 1662
643 278 2091 2102
3066 795 3704 3461
2912 3652 3520 3836
1501 727 3107 3964
1794 726 2112 3896
3319 2863 3766 3547
537 1330 1892 3423
437 3021 2239 3580
613 1575 1375 3096
246 157 1737 3862
1721 1956 2279 1980
613 1505 1926 3174
1582 1433 3895 3601
692 3016 794 3595
563 1404 1752 3475
441 156 912 2210
2359 1615 2524 1657
1010 421 3995 834
215 1685 1494 2751
762 2018 1536 2241
2411 2738 2930 3654
522 373 1630 1997
468 1713 2476 3085
1739 947 3834 3627
2246 1527 2840 3680
328 1018 3817 1073
1637 221 3888 547
2022 221 3631 3488
490 746 2919 3569
171 268 1256 2628
1982 1035 3209 2765
321 474 3486 3275
1214 1191 3555 1206
2599 124 3240 1989
368 63 1311 890
225 243 2084 1976
1631 1383 1913 1504
2954 624 3583 3120
1280 556 2074 1838
12 1656 2347 2023
124 192 3052 2432
697 1063 1069 3983
1895 1003 3433 3578
893 2563 1142 2895
1528 1102 2739 3869
1704 1956 1968 2077
1661 482 2798 1742
790 1864 2368 2747
2859 413 3261 3041
109 2279 1099 3431
2889 521 3814 3273
2497 1425 2774 1604
469 404 1854 3066
1355 769 2244 2425
1026 245 2175 2857
919 2211 2264 2667
464 1477 3857 2512
2657 1288 3037 1581
243 320 3528 3445
2712 1797 3376 2114
2004 2213 2044 2273
1719 644 2037 3433
266 771 3094 1764
1657 1521 3335 2573
122 475 1113 1746
3095 2187 3953 2882
1022 1570 2173 1690
1770 764 3358 1068
1231 918 3294 1398
2239 2251 2580 2800
364 124 3636 2234
1238 3062 3437 3684
2272 217 2546 528
3181 1513 3919 1951
42 1818 3658 2189
788 3208 2284 3893
3162 2105 3257 2872
281 1036 2094 1323
71 355 1031 3685
752 168 1687 1603
685 11 2392 1686
2675 2370 3255 2877
465 140 3814 2089
565 60 3667 1445
1205 186 2456 1424
620 2242 1242 3798
1480 1276 2228 3810
56 3259 3204 3682
2178 3691 3943 3712
1195 1933 2798 3637
1934 856 3177 1545
1309 2670 1828 3925
378 229 2539 1722
2167 288 3511 3619
1853 613 2313 1328
1829 540 2225 2650
2901 1112 3322 2192
673 998 2840 3095
328 859 1495 2986
1339 138 2696 721
1399 3198 3662 3444
3788 47 3901 2710
1628 1452 2910 2925
1549 2362 1893 2433
2595 930 3720 2669
2971 2536 3626 3385
192 985 2530 3380
37 2096 3633 3115
3095 1407 3413 2096
956 1524 1069 3100
293 3039 2467 3319
822 2117 1581 2768
927 2921 1678 3630
2249 2340 2673 3866
472 1240 480 3894
2207 1396 3455 3984
473 1010 3029 2582
1714 560 3921 2282
918 1976 2328 3677
639 1311 2161 3331
850 1060 2000 2326
1496 1938 2667 3101
719 520 2849 3497
679 1341 1181 3151
1715 442 2113 2482
2108 1567 2272 2575
328 1446 1819 3477
1821 2159 1878 3306
1225 437 2603 2966
3056 187 3792 2210
1441 909 1943 1974
2109 1218 3565 1417
2409 3315 3612 3328
1264 312 1610 853
59 3143 3251 3951
1000 761 2355 862
2312 2350 2742 3416
2663 1101 3289 3878
757 2951 3521 3131
25 2150 2576 2825
877 1556 2568 3055
1641 791 3130 2397
692 398 2127 446
2184 563 2385 598
1345 2461 3784 2972
202 718 1716 738
1656 527 3826 1101
2536 2540 3055 3841
1226 2452 3956 2697
1693 1449 2016 3489
263 2908 3372 3780
1138 2231 3637 2600
2211 360 3838 2216
1469 303 2556 2224
1497 2305 2136 3698
1237 1901 2474 2876
1981 1464 3376 3000
634 556 3528 3955
1014 3085 3567 3370
961 408 2898 1353
1168 734 1639 3996
2837 1658 3599 3081
2062 828 2573 3545
241 211 3886 2949
225 245 492 1806
2688 2122 3992 3606
1730 352 2492 1694
1453 1787 2993 3681
668 3027 2125 3126
454 1510 2163 2861
2754 641 3700 3993
2971 997 3547 3357
1542 376 1774 1679
2685 618 2773 3459
1029 2719 1375 3757
2208 3395 2269 3900
550 3349 942 3608
581 2759 1332 3274
3064 514 3927 2807
532 1043 2332 3136
517 1157 611 1486
1450 2787 3330 3690
2674 2465 3783 3937
790 3064 1452 3412
3188 3835 3438 3927
1778 2289 2495 3287
419 2708 552 2774
12 1001 3888 3305
1160 1042 2770 1828
1120 1366 1358 2495
2954 464 3422 2498
1266 999 4000 2751
346 1924 3812 3180
341 170 641 2222
692 1874 3460 3170
3010 1990 3358 2958
3085 125 3395 2499
579 970 2189 1355
1958 2693 3163 3999
368 1438 2219 2620
933 38 1240 389
515 85 2988 3286
1579 1898 2308 2676
955 751 1562 1300
1337 1934 2034 2331
1688 724 2493 1397
2664 3322 3976 3407
1641 1276 3824 2309
336 1514 549 2811
1026 205 1399 3400
906 1569 3086 3548
63 664 3634 2410
1762 2739 3999 3157
2306 902 3665 2162
648 230 751 1498
982 1702 1195 3784
1044 1624 2938 3256
1215 170 3788 3073
1377 896 3207 3768
2305 1037 3856 2736
218 33 3632 322
159 991 1746 1565
161 429 3667 2952
351 2152 1780 3855
859 1593 3447 2600
1000 920 2755 1346
1878 670 3538 1743
1720 2082 1888 2405
1932 1428 3952 2664
2069 969 3985 2988
785 220 924 2626
485 214 759 1546
1191 2410 3789 3242
1665 1716 2976 2414
2199 2985 2318 3158
882 806 994 2778
2451 3250 3609 3530
1460 647 3847 3393
971 843 3183 1247
164 622 1581 1965
2570 1001 3517 2911
671 1574 1359 2352
391 1257 1485 3642
978 24 1753 1191
2182 2012 3837 3042
757 830 3584 3055
1388 1307 2051 1702
119 2106 2974 3880
449 1799 2234 3250
324 1067 1700 1500
502 696 936 2067
3249 2968 3872 3813
1137 562 2950 2938
1254 955 3341 1459
1687 3391 2292 3986
2238 120 2368 3323
1451 1759 2166 3843
14 1651 2136 1682
484 259 3799 1279
3865 563 3982 3240
2892 589 2944 647
855 226 3977 671
250 1620 2700 2079
845 958 1656 1852
1243 1282 2697 2754
653 497 1315 1058
2121 2070 2254 2177
787 1231 2919 3896
845 365 3993 965
1874 1122 2134 2797
987 500 2186 2641
818 2435 2585 2862
1384 2705 3445 3975
1311 2669 2202 3238
1494 601 3642 2368
518 1010 1407 1687
978 678 987 3044
2191 1835 2457 2646
2315 1315 3381 2681
1109 1747 1333 3983
448 591 2777 1290
1038 768 3611 2317
1001 1362 2076 2781
799 1016 2014 2959
1249 887 2997 1564
680 2246 1471 3402
1222 272 2599 952
2831 3268 2915 3697
1463 8 3534 164
373 1006 3466 1581
453 1205 3018 1644
1092 1053 2023 2205
2235 1473 3775 1707
1931 1721 3121 3726
1031 70 3908 2504
774 1522 2012 3961
2496 520 3798 3424
713 3101 3563 3124
1147 179 3704 3894
1352 2677 2817 2706
1611 2107 1761 2176
1030 1841 1203 3445
2387 203 2509 790
791 802 3534 2517
102 638 1738 1539
811 2556 3642 2658
1659 1532 3652 3944
786 952 1805 2444
2714 1700 3189 2084
683 1043 1357 2784
439 2844 2514 2907
3184 520 3952 3868
238 359 2360 410
2161 703 3713 2043
2942 3416 3747 3992
1453 1749 2064 3628
1709 2443 3679 2498
1039 1403 1630 2459
888 1653 2832 1788
428 124 2314 2203
1501 3183 3248 3435
148 1004 1301 2695
2041 1094 2825 1818
1782 454 3631 1105
1642 253 3605 643
1065 1321 2214 3196
19 1237 1806 3295
399 3053 482 3788
3018 1321 3272 3269
1354 1661 3993 1867
749 733 3840 1947
1948 217 3337 767
2402 483 3560 2756
101 114 1570 2744
1473 80 1794 1514
2263 670 3367 1436
2341 1088 3807 1254
1156 170 2572 255
1552 3370 3427 3691
373 881 3898 3678
3188 1541 3764 2607
2083 470 2227 658
62 2309 3639 2786
1143 2737 3304 3523
1987 173 3247 1143
521 629 1477 2183
1057 874 2122 3592
1990 207 2782 3964
2862 864 3622 3798
474 113 916 2067
1623 1853 2478 3779
868 1760 2266 1986
672 44 2691 1515
2627 1791 3631 3025
1257 1731 3634 3398
855 1468 1156 1803
3270 1141 3680 1544
705 344 2211 1159
197 2965 3231 3923
824 2163 2667 3626
158 3180 459 3611
2528 396 2689 2257
544 1124 3736 2880
737 1053 2871 3999
540 3154 1255 3412
1760 673 2843 1483
1425 2768 2252 3930
2052 235 2593 762
3271 2196 3271 3556
3422 3593 3704 3822
215 730 3924 2929
54 3574 3274 3609
1509 1438 3272 2220
2224 1008 2627 3443
487 2081 3690 3095
38 30 3727 1462
360 1390 3892 3256
1439 75 1861 1850
3197 1476 3868 2267
124 645 3578 2621
2054 1329 3993 2497
1774 1953 2294 3013
198 2056 2854 3888
2443 304 3386 3279
2298 2084 2776 2195
1710 2358 3525 3616
1009 2526 3864 2574
474 3390 2653 3649
2941 1381 3654 3593
1147 1835 2419 3901
1012 231 1428 3365
2518 1727 2814 3877
1568 1611 2562 1934
403 628 539 2512
583 3 1161 833
2877 259 3804 2453
862 2621 1613 3940
1047 832 1518 2377
382 661 3628 3372
712 3289 1908 3549
1602 1828 2811 2184
1440 1438 3780 2688
945 3362 1119 3943
595 2554 2836 2862
756 2074 2176 2124
3139 611 3795 3697
1235 2939 3005 3874
1022 3150 2014 3430
409 2687 1661 2978
717 1489 2056 3354
87 1151 2255 3759
3430 1216 3658 1812
113 414 3965 598
976 1624 2850 2200
888 1783 3416 3718
1868 1022 2146 1243
1239 1701 3618 2523
1063 651 3405 2578
1572 215 1947 2283
2218 1746 2778 3808
417 3567 3067 3736
489 836 2193 3223
3382 1663 3580 2945
2299 1673 3967 2889
59 358 3404 768
1266 639 3197 1473
2348 2030 3695 2326
3215 2396 3587 2414
666 901 2183 2119
803 1092 2221 1621
691 936 3177 2691
1364 116 3949 3176
2345 978 2540 1658
1188 757 2216 2101
1155 1235 3750 3998
1531 3141 1895 3454
1748 1665 3325 3706
2111 1223 2661 2448
1981 1704 2016 3576
1355 2514 2296 2913
2070 1561 2171 3179
1931 3096 2223 3616
943 3172 3345 3701
482 355 3760 2706
96 1579 2994 3336
891 1603 2746 3364
2780 2850 3527 3400
62 153 474 3183
2558 1117 3757 2035
689 1329 3427 2407
568 2457 3043 3167
175 674 692 2112
52 1436 2423 3967
2377 123 3645 445
871 249 1445 3062
536 980 1232 3767
1332 1229 3437 1455
2498 1208 3982 1334
883 3425 1048 3990
3049 783 3960 3746
265 1339 533 2082
2490 3385 3236 3799
703 86 3674 1185
76 440 1275 2288
226 1063 1611 3777
1249 876 3766 3103
1646 1066 3443 2567
1251 444 3942 2973
296 202 851 1884
863 3762 1803 3777
654 49 2591 2679
771 891 807 1203
1445 1638 3468 2049
933 180 2045 1691
1441 244 2366 864
3143 2194 3564 2292
1106 1959 1647 2697
567 492 2475 2417
814 144 3285 3854
2054 44 3159 567
268 1610 2301 3252
1213 1583 2773 3488
1594 403 3284 1041
1260 1159 3568 2334
52 1952 1602 3079
2823 1412 3946 2676
2750 2813 2942 3470
568 1034 2939 3705
149 2145 3500 2896
150 632 3840 1551
1838 36 2086 3431
785 1706 966 2252
1512 1815 1719 2440
1882 3184 2730 3711
71 2098 3613 2776
449 1623 993 3126
3023 2326 3429 2441
2714 2182 3008 2819
543 2061 3827 3745
1709 1979 3388 3025
1011 812 3410 1960
1846 2881 2504 3936
1962 162 3627 3295
1979 1168 3662 3022
1340 888 2352 2378
2200 148 3753 3931
1633 426 3635 1204
1939 181 3388 2727
3724 513 3771 1542
136 1572 876 2229
2873 1754 3104 3633
1862 898 2393 2776
2240 224 3747 2449
236 1153 2550 3077
272 404 3351 1796
955 305 1043 1189
2322 769 2998 3630
2076 1073 3481 1653
133 208 3800 3465
475 814 890 2570
418 95 811 2676
395 436 1988 2057
1762 2481 1930 2967
861 2430 3686 2483
2357 2131 2634 3627
2149 2402 2724 2924
324 2655 2587 3842
69 110 2907 2366
1290 17 2161 3591
521 732 2326 1924
767 2218 2043 2592
3859 339 3973 2683
533 2236 3547 2884
2591 384 2706 852
3372 3420 3957 3843
654 239 3356 2745
2651 2762 3175 3166
1504 2789 3382 3933
63 584 335 3392
2167 1070 2364 1687
1965 1951 2125 2071
929 948 3134 3879
2426 790 2907 1166
526 2402 1440 3053
2058 2246 2175 3139
361 588 3757 1748
396 428 3812 1472
141 130 1298 3570
2838 840 3886 3791
2597 2761 3124 3795
2468 221 3758 1839
343 1640 1023 3467
693 374 3394 3109
729 930 2183 3598
1126 3190 3712 3747
2142 968 3769 1464
249 748 474 2153
423 402 3346 1474
2024 221 2187 2913
889 1725 1031 2186
2761 1128 3596 3143
464 2702 2637 2810
1618 2866 3459 2904
3016 2489 3111 3918
226 3269 956 3441
601 1546 2919 2251
920 283 1425 2792
517 1961 2243 1972
863 1080 1235 1627
1213 2205 1269 2303
1333 309 3282 2807
387 1295 990 1581
318 2164 1416 3235
27 639 3075 1650
785 1839 1478 1878
1621 817 2607 2323
1677 698 2416 988
2198 1836 3809 3769
249 91 1988 1021
234 187 437 2982
3212 2172 3916 3094
1856 282 3619 619
137 253 3976 2647
403 1163 1113 3655
2729 2273 3973 2290
1168 196 2098 519
1190 1963 3294 3787
823 782 1712 3210
2104 2431 2408 2442
1008 1903 1482 3339
1122 3178 1732 3342
1321 1106 1715 1370
228 755 3997 1540
1493 1080 3073 3586
160 1376 3071 3672
419 1115 3563 1899
1171 1705 1532 2832
2159 713 2880 1452
1095 529 1544 1338
1662 1166 2947 1473
727 500 776 1341
372 1605 2608 1788
673 435 1859 3616
587 2936 2947 3935
639 3567 2630 3808
633 863 1925 2233
605 2481 857 3998
586 2871 3147 3316
1028 1529 1721 1656
3192 1976 3267 3661
458 244 986 1536
2198 2116 3248 2212
843 490 3698 3396
237 2782 1577 3351
1278 3255 2527 3994
1634 2098 2271 2175
440 1757 667 3595
1292 581 1392 1384
612 3849 3473 3862
377 976 3929 2562
933 412 3156 2737
1029 3293 1126 3736
1807 1133 3187 2033
62 1496 2622 2194
3345 1736 3863 3285
103 315 958 2255
380 45 2646 749
978 366 2235 2439
1013 971 3927 2819
1696 1562 2104 3142
1983 3560 2260 3751
232 291 3600 3936
717 763 969 2299
986 626 3604 3310
1762 1240 3046 3057
2807 1579 3863 3106
2158 1048 3659 1201
1342 504 2085 625
100 1866 649 3710
1808 1952 1949 3153
31 1698 1297 2065
2607 1974 3993 2977
544 439 2279 3704
2771 1462 3965 3863
519 2154 2683 2940
337 2004 2136 2817
941 161 2878 2614
2381 2093 3273 3653
2642 736 2812 3261
1389 552 3940 784
2537 2317 3682 3192
3675 1111 3847 1982
1356 2145 3854 2559
2518 46 3856 2587
800 426 1623 3889
592 1452 1269 1640
275 205 3124 3543
1906 803 3378 1330
201 865 1388 1269
1476 540 2077 3945
331 141 1774 2412
2025 2 3867 3838
2175 497 2307 3203
3797 1984 3846 3835
2313 1397 3483 1967
2548 2571 2712 3864
2046 982 3468 2902
779 2947 1480 3458
491 1302 554 2174
373 1105 2852 3916
730 944 3696 3038
334 3370 1420 3436
1074 92 3384 2932
270 126 3420 1629
58 730 1288 3961
717 740 883 3241
672 136 1408 1573
460 2991 2592 3433
637 1232 3945 3853
1357 1648 1768 3132
940 1954 3227 2149
1194 1432 1607 1824
2703 2012 2963 3652
752 2276 3856 2392
487 1227 3749 2128
514 1373 1471 2493
385 2 2169 1995
1264 3012 1645 3618
1750 2055 2987 2873
2558 850 3464 2174
1528 1422 2844 3182
1588 1069 3652 2585
1833 1727 3644 3527
559 2275 2419 2626
148 777 1155 3448
2679 1967 2811 3599
193 2000 670 3027
737 3182 1513 3372
1200 861 2167 3343
363 1943 3258 3148
1423 438 3835 1955
1528 877 3271 1230
2677 76 3393 3376
1344 2990 3652 3208
1415 1716 2062 2161
1498 49 3966 3674
3021 817 3119 3933
1016 772 1324 913
15 243 1527 3246
2169 2050 3535 2709
2360 1512 2641 2548
2193 1932 3517 3539
1424 1639 1641 1978
547 306 579 2200
486 1136 3192 3793
482 950 1992 2092
3729 1305 3985 1466
1902 974 3583 1914
3340 1845 3996 3493
492 1712 544 2676
1432 902 2089 1544
1168 1080 2869 1979
2312 900 3576 3102
421 1981 3455 3727
1727 244 2778 1467
971 798 3912 2490
3639 896 3699 2834
2992 143 3509 1140
479 411 1132 1454
3203 2214 3764 3081
1161 186 2396 1435
313 2493 3701 3501
2346 1921 3077 3165
2939 47 3519 2490
935 355 3134 2174
86 485 3941 679
1616 1195 2983 2250
1094 658 2163 2491
983 1644 2302 2075
729 2681 1746 3158
1967 2278 3098 3063
272 501 668 2233
73 2256 543 2770
1235 3097 3511 3202
2966 1682 3751 3638
768 1489 2176 2784
135 162 1446 3177
210 1627 452 2803
290 661 3055 1135
128 1886 282 3202
2905 2492 3314 3083
1961 244 2218 486
2220 1607 3476 3386
713 475 2914 3915
1817 1642 2534 2986
2601 359 3900 2380
3080 2469 3384 2848
964 1160 3760 3990
1074 658 2368 1859
680 2612 2420 3817
317 1241 971 2792
1313 1505 3482 3362
2102 1249 2825 3315
1708 782 1892 1530
495 1890 587 2091
1783 2817 3382 3165
253 3293 1271 3348
1695 110 1882 2374
859 2376 3960 2956
2701 61 2937 1859
1250 3391 2111 3602
922 2578 2962 3949
2458 2472 2807 3765
2540 629 3411 1808
868 2599 1598 2635
507 108 2572 3189
287 2168 844 2710
2328 2328 3447 3684
1004 1733 1012 2072
1985 3594 3136 3814
331 1633 1277 3162
2167 3216 2417 3551
154 2206 1502 2257
891 280 2086 3805
1187 139 2376 1555
3277 2899 3400 3784
8 1605 179 1871
3000 552 3169 2829
542 1293 2051 3899
2096 2168 3648 3100
267 1147 1219 3170
136 3181 1998 3638
853 2189 2582 3851
634 2505 3465 3194
962 532 2941 3344
901 138 2804 1499
2242 1843 3943 2360
1159 2373 3792 3124
1085 157 1588 2661
84 1437 3229 1910
519 1015 1832 3369
2661 1321 3195 3408
3138 375 3991 3189
907 1524 1898 1894
457 1845 1923 3543
680 209 1506 577
2219 1077 2783 3146
2310 2062 2889 2768
532 42 2837 3376
710 699 2660 1470
3389 1274 3683 1680
354 3725 817 3857
3288 2064 3947 2130
1094 766 2428 3585
1832 869 2155 3017
1405 1826 3569 3471
3550 427 3784 547
3203 1674 3307 2084
2538 33 3098 2097
78 1626 559 2435
967 1742 2504 3263
1517 892 2393 1456
1896 1196 2152 1813
718 2629 3882 3492
1175 1306 2606 2646
741 1773 1327 3772
2089 397 3458 1040
1902 92 3552 2168
1635 2159 3391 2373
2106 504 3380 1766
3234 106 3884 1739
2153 715 2536 1945
802 1521 1514 1784
376 3320 1287 3593
424 2539 675 2690
473 2170 2432 3467
3530 1503 3789 2808
783 1869 1861 3785
720 981 2472 3594
3712 2713 3962 3422
2441 87 3619 3758
428 2088 1453 2459
608 2619 2019 3786
815 699 2643 3855
815 1170 1952 3884
808 3107 2928 3162
45 674 2101 2141
43 1508 70 3982
132 1628 1112 3928
18 1923 3537 3082
1228 3424 3958 3680
2166 900 3804 2390
2246 377 3153 1438
3820 2178 3897 2577
2919 354 3120 2746
10 20 1584 3098
1313 628 2012 1108
3397 961 3604 2418
108 2019 2507 2079
573 1565 3243 3408
960 2145 2798 2555
859 323 3299 3028
723 719 2627 2672
460 1532 999 3952
54 968 1785 3216
3329 1399 3888 3639
2473 1137 3229 3909
1275 1969 3401 1994
2120 1098 3715 1512
364 2523 1933 3578
2254 3082 2329 3140
576 15 2783 3929
1637 1926 3663 3841
3563 677 3691 3940
1287 2136 1609 3132
348 1792 1845 3508
2234 346 3093 1240
495 1224 2884 2141
765 76 3161 1413
1105 1202 3986 3823
872 2118 981 3390
642 445 3812 557
2097 2155 3523 3844
2595 661 3540 1170
889 1001 1762 1531
370 49 596 309
141 3353 3742 3943
310 437 1742 3319
2041 2303 2999 3179
201 998 1477 1110
820 870 1497 3350
154 2796 1484 3405
511 1948 779 2427
784 884 3588 2989
395 77 3210 1957
2483 2232 2812 3734
1052 419 3473 2201
1058 997 1119 1511
3353 667 3670 1890
2588 970 2794 2676
1863 3 2408 1277
760 906 2202 2403
359 178 2061 3629
1816 1834 3133 1874
178 157 2302 2841
1808 1766 3702 1865
1988 2215 2888 3274
339 716 1211 2858
802 2634 2843 2698
1211 1507 2425 3130
2971 2474 3289 2949
266 392 3117 3118
285 1755 3653 2428
161 1156 2373 3084
1391 2020 2731 3706
195 2988 1696 3905
13 799 2488 2720
262 2105 3564 2392
106 195 2866 2308
916 2985 1546 3959
2065 816 3222 2923
2737 1256 3224 1475
812 1280 2057 3430
1070 840 1884 975
762 198 956 1113
2028 1215 2118 1796
3014 525 3149 1941
2094 1915 2525 3314
2224 1528 2233 2213
3284 152 3630 1317
2280 1259 3903 3539
2692 1879 3185 2414
2650 907 3453 3213
3604 3576 3885 3857
967 339 1000 1352
1686 3276 3753 3340
2985 91 3042 2360
431 3174 2798 3742
743 3254 1008 3354
230 2735 2613 3612
2094 1356 2804 1642
1572 1124 2476 3298
47 2603 2681 3287
2215 1409 3481 3201
2450 272 3630 469
2860 3068 3363 3460
1907 928 2330 3508
981 708 3467 2586
1538 1653 3350 3551
1854 2331 3067 3266
892 379 3208 2161
2151 817 3458 922
1557 3599 2115 3631
1167 2617 2917 3055
958 799 1193 2652
307 1146 908 2137
1293 614 3682 1806
1137 1574 2076 3558
1795 80 2917 2426
331 1404 1125 2300
111 902 3473 2311
983 402 1562 431
1411 2252 2200 3540
655 1530 681 3849
3218 25 3513 3402
869 78 2733 145
2874 195 3058 1706
2829 839 3189 3303
2790 1618 3997 2239
780 2365 1968 2686
476 2876 2438 3634
1255 2884 3599 3100
925 291 2165 3555
3597 2921 3927 3011
744 115 1518 1685
3424 1805 3451 2126
476 543 1948 1425
456 28 1639 3932
482 568 1212 2414
1477 889 2605 3902
1785 1080 3298 2046
681 391 2846 530
718 1155 2416 2189
1149 1290 2071 1762
1761 1135 2038 1583
30 339 3621 2198
2791 1607 3395 1747
232 3389 3038 3453
2530 188 3051 3876
323 1337 3767 2081
792 733 2256 1091
757 240 1820 688
2393 1050 3116 2831
3405 363 3820 3509
169 1025 527 2885
319 104 2844 2722
1637 1646 1910 2616
2514 963 2549 2997
153 1105 1699 3884
477 1694 3724 2325
681 1084 3352 2366
310 804 3934 3442
2614 123 2872 2524
3280 903 3969 2641
2797 1095 3604 3336
1531 2562 2351 3299
715 1896 2224 3623
1026 865 3079 2555
624 689 778 3140
2488 2728 2780 3264
1272 760 3585 1237
805 309 2073 3441
2363 388 3631 1326
2397 2087 3527 3217
989 1097 2490 3852
640 715 3718 2531
1522 3210 2788 3441
491 1051 664 2486
1232 582 2992 3376
360 2043 3398 2380
1268 2905 2626 3070
1534 329 2756 2475
380 1424 397 3360
1158 883 1538 2992
1960 496 2422 3892
149 1600 3313 3263
3448 2610 3750 3723
156 2710 1284 3493
1623 1116 1835 2265
2186 1110 2439 2592
2336 47 3128 3839
69 3601 3065 3709
157 431 3884 1165
1171 2005 2273 3560
2608 251 3224 458
349 519 3562 3899
1249 3209 3160 3932
1020 2219 2315 3873
448 1202 1506 1990
900 1633 1054 3400
674 2625 2005 3071
1058 1512 2839 3840
1762 2770 1987 3833
1058 523 2423 1100
3099 417 3495 3394
192 2721 2428 2740
249 2748 2274 2816
276 2241 2895 3751
1690 104 2359 2508
795 546 1555 3467
1577 746 2356 1640
492 431 2882 516
1621 1240 3117 2388
1334 472 3479 2882
717 141 1481 2087
110 206 1372 3614
494 1812 3043 2461
2390 1336 2390 1883
280 1486 774 3871
551 371 3986 2103
1006 1750 3975 3766
1905 766 3661 2287
351 3222 3889 3990
1879 1922 2395 3755
2280 1186 3379 2297
2147 1735 3266 2176
1448 607 2801 3193
417 1189 3751 2118
1205 1714 3878 3081
562 1359 2446 2324
503 2109 814 3355
2175 655 3105 671
2512 1059 3287 3232
1250 576 3644 2488
129 890 2528 970
220 226 385 1522
747 2391 3956 3521
315 76 480 3467
1847 2406 2089 3846
554 461 923 3123
121 1037 3591 2708
1506 1173 3122 1571
167 2865 3799 3507
2508 2042 3516 2942
710 203 1095 1313
1639 2783 2989 3834
657 738 2955 2607
1341 514 2088 941
1835 1160 3231 2375
1864 2740 3067 3997
1594 650 2829 761
349 2881 3766 3740
68 2485 2322 2722
711 3156 2079 3285
1301 77 2130 784
2409 397 3156 2395
1394 2167 3790 2876
116 581 938 3831
519 292 3955 3924
98 1723 2562 3822
39 145 2532 3005
973 2808 2987 3827
749 477 3000 1183
1462 1084 2008 2757
245 1519 332 2669
1586 2048 2212 2635
1971 760 3355 2945
1102 35 2529 3630
2725 270 3680 675
3061 1696 3270 2014
2976 476 3254 3924
1541 1773 2166 1922
795 380 3297 3800
970 3276 3444 3491
73 192 3085 3260
954 3336 2942 3774
453 292 1282 3648
456 708 2822 3692
3101 1180 3560 3256
2487 2889 2980 3712
2307 776 3085 2952
2236 1468 3891 2311
1440 1058 3465 2560
2181 1278 3880 1723
2403 51 3037 2438
674 241 2473 1164
1715 1361 3411 3902
1524 128 2807 2131
1616 669 2883 1577
1234 200 1502 3167
473 2492 875 3768
2341 1114 3198 1350
1015 877 2012 1061
405 1823 3996 3637
2806 6 3691 960
265 130 3235 1505
249 1450 1042 2004
1387 1337 2891 1563
3302 2012 3854 3042
47 1153 1441 3043
1850 1203 2214 3379
1194 1470 3916 1819
262 2977 3359 3740
88 2544 677 3385
1360 419 3825 1396
1962 1463 2324 2094
2856 1461 3917 3775
659 2323 3353 3214
21 613 443 2649
2328 1373 2594 3887
833 1130 1661 2519
672 1016 1197 1148
952 1842 953 2183
1914 2731 3579 3914
1370 705 1490 2878
2418 2276 2736 3095
1436 962 2847 3941
2991 1512 3376 3625
700 2335 1048 3329
190 317 2269 3997
1855 559 3963 811
1535 1657 3829 2849
429 527 3567 1007
2211 104 2890 2592
377 2406 3952 2990
1241 592 3394 1449
1173 58 3235 1842
980 916 2140 1590
644 2763 991 3074
277 2620 2484 3396
307 1217 469 2713
2014 3255 3404 3930
502 1101 2430 2755
473 1575 2743 3615
1178 2405 1507 3727
1377 278 2124 3887
2432 946 3836 3171
1375 2956 3566 3349
678 2172 768 3494
933 2187 3145 2443
724 1032 3154 1423
1534 3148 3203 3803
1244 1252 2231 1550
755 3853 2732 3962
3097 1063 3609 3461
1424 47 2662 3717
1790 1325 3477 2192
4 418 3603 3526
503 551 2842 1413
135 128 3522 2892
272 2623 2025 2920
1900 2624 2348 3583
846 1139 2048 2335
416 1984 2342 3996
1529 49 2492 329
1593 1029 1765 2399
458 3833 2384 3966
1678 1041 3345 3971
1525 278 3624 3420
2044 700 3200 1229
2754 470 3611 1241
2715 1452 3380 3919
2724 2186 2867 3666
1251 2 2962 1573
2025 43 2674 3721
271 1035 2264 3015
84 411 1753 1601
1590 1538 2353 3019
1465 1525 3261 3973
1161 1225 2210 1448
3022 1034 3402 2490
2831 249 2893 565
1101 2743 3170 3076
53 1771 486 2547
2240 381 3426 1310
3458 1806 3715 3502
1296 2199 2161 2898
535 920 2828 1818
3134 139 3439 975
1203 734 3622 3045
1327 118 2358 3377
1302 755 3934 1640
482 1394 3540 1720
1841 574 2828 1514
1161 1038 2569 1606
650 1766 3456 3776
1115 3627 1496 3772
144 272 1430 2902
1570 1670 3843 1990
2457 556 2778 3063
2748 572 3729 1758
1993 1891 2517 2505
1113 745 1767 2266
2294 2010 3255 2253
1122 69 1867 2719
1934 2821 3873 3700
171 1190 3737 2720
756 492 1152 1466
866 12 1070 3014
2364 645 3033 2819
2942 556 3505 2260
401 75 428 1588
1660 533 2227 556
399 1259 3648 2794
2960 155 3177 1562
2713 286 3503 3984
384 3190 650 3909
1672 199 3126 3201
1142 1171 2828 1427
1472 1452 2909 3242
2027 7 2269 3466
1751 1429 1770 2421
546 914 3666 1639
2507 962 3437 3627
1251 1744 1542 3971
1775 192 3069 887
2257 1359 2922 3530
1295 1302 3222 1561
69 1344 1023 3853
2204 1918 2667 3321
608 1801 3162 2091
2369 1159 2504 1636
1166 1134 2955 2243
1913 164 2815 460
380 2879 2344 3159
3011 3625 3632 3674
2461 175 3570 3323
1348 3644 1644 3762
244 737 3592 3985
129 2313 182 2485
104 1318 1722 1368
172 748 2900 1265
1065 417 1968 2499
3665 2937 3737 3371
2893 1620 2940 2495
2648 2667 2789 3901
585 1768 2913 3292
2341 141 3292 2067
936 1871 2036 2149
829 270 3202 1854
514 1542 649 1904
289 1047 3976 1970
1512 606 3438 2918
460 1482 1514 2975
142 1030 452 3626
629 302 2404 2549
3042 1339 3603 2849
908 3290 1194 3434
1868 1892 3332 2972
367 1153 3661 1911
929 2785 1872 3024
377 103 539 726
1041 1049 2630 3808
746 823 1076 3933
46 615 2666 3981
2074 2200 3352 2424
1572 951 3169 2266
2449 186 2468 1718
3548 199 3594 2294
721 2119 3047 2605
2693 506 2974 3842
611 332 2887 3839
2602 2233 3271 3887
1752 745 2126 2303
2346 84 3807 3864
1256 2914 2195 3513
2661 795 3423 3473
1904 1617 2531 2675
2245 206 2473 1522
1018 315 1177 1689
1610 2043 3056 2207
1325 1182 2063 1755
47 2539 2862 3412
731 397 1950 3197
2151 2441 3840 3321
1012 1963 3599 2213
2497 791 3395 3527
1944 1184 2733 3538
201 370 1523 2922
2179 706 2424 1980
203 2139 1928 3262
3179 1184 3948 3112
1190 121 3940 1616
238 2424 3356 3256
1626 470 3159 3537
2765 3477 2769 3904
40 3461 3005 3979
1221 1742 2581 2194
1873 1309 2790 2301
3427 986 3586 3002
2449 286 3414 2398
854 510 1035 2266
774 2778 3406 3285
849 1910 1591 2927
2229 1648 2817 1697
27 869 2000 2822
2773 336 3879 3394
1057 78 1865 1748
634 750 2215 2620
341 188 3013 2857
1313 2513 1733 2600
1 1307 3441 1690
1055 644 1361 3508
1238 2680 1298 3455
403 1361 900 3231
2300 2093 2721 3175
505 1673 1489 2532
1957 277 3102 1274
1112 205 3292 3483
1922 866 2471 1700
1357 3338 2346 3663
466 1269 1204 1582
345 1732 2145 3056
2973 1135 3409 1786
1161 592 3407 1439
1103 485 1189 2781
609 641 3890 3977
46 1618 3175 3961
587 829 1225 1591
367 98 2195 1434
3773 218 3840 1274
9 1179 793 1824
479 2138 751 2363
2111 2674 3675 3315
902 178 1452 3206
1831 1023 2913 1678
22 135 3622 935
1660 2730 3198 3426
42 2773 3126 3222
128 1129 3648 2781
574 2136 616 3978
149 311 1916 2123
85 542 2636 1945
119 2349 3467 2833
1747 569 2207 2763
836 2692 2914 2910
317 2257 3901 2932
811 2007 3265 3156
2922 1745 3494 3056
3002 618 3418 695
1536 261 1695 2869
1921 839 2900 3213
3004 174 3457 2803
1813 165 3165 380
1296 1827 1408 3576
1527 1674 2211 2326
196 2655 1914 3081
1682 1041 2935 1102
2803 19 3411 1578
772 602 2107 3051
1130 2078 2946 3889
515 1013 2581 3877
48 3129 322 3428
345 3442 1341 3873
1232 3256 1706 3466
1226 816 2922 1020
2432 1622 2812 2990
1086 2299 3140 2501
62 1484 1213 3896
2258 447 3438 2296
649 2738 1142 3480
747 989 1818 2596
624 2349 1607 3970
730 1054 1720 3221
108 1696 2540 2369
299 1331 3518 1413
3358 2415 3944 2851
3548 978 3659 3270
1381 1052 2431 3053
2164 693 3073 1490
1592 3058 2722 3403
1761 110 3990 2260
2902 838 3706 2234
1374 786 1584 819
251 1870 3075 3503
1504 1260 2898 3695
208 466 3890 1128
1393 159 2864 2409
1177 2937 3491 3862
2297 368 2848 726
1912 923 2107 2387
3428 2389 3662 2879
102 420 2916 3747
2879 1928 3650 2155
579 819 3482 953
1786 2264 2724 3778
2238 1107 3021 2247
793 2399 913 3720
2148 976 3130 1829
690 2048 3107 3235
761 584 1604 2333
1935 689 3792 3342
150 334 2039 620
78 911 3513 3609
1811 1378 2246 3792
432 2676 3746 3411
2071 78 3732 2131
2627 3019 3195 3146
3889 397 3970 2112
538 1384 3069 3533
1752 3046 3726 3419
189 3040 1072 3116
1168 168 3644 615
1176 76 3963 2098
817 460 2714 2658
453 2836 3805 3871
39 1101 2355 2272
2646 1874 3387 2633
900 1231 3593 1815
1079 95 1703 3527
272 1176 1785 3523
2991 1204 3036 2582
1604 2554 2064 2870
457 427 3756 3121
300 964 3669 3786
473 1974 1508 3919
2636 1715 3780 3578
2744 2547 3653 3551
330 1526 2381 3595
278 90 1156 561
2188 388 2355 1244
1532 2697 1590 3209
764 2199 2515 3354
367 320 884 1696
2069 2926 3415 3452
1259 7 3681 462
293 3351 2800 3948
1516 1673 3817 1735
972 1340 2487 2425
1805 2693 3101 3328
1233 27 2544 219
1128 43 1974 3992
1369 1158 2691 1952
3395 909 3698 3138
441 2014 793 2820
2919 160 3547 598
105 2993 2783 3879
1146 538 3243 2545
2966 220 3179 3477
20 291 3729 2387
1020 1534 1900 3332
1909 973 3555 1031
1610 1991 2187 2756
882 687 1021 866
462 649 822 2892
984 1301 3481 2521
2667 672 3726 3344
887 592 2652 2025
1587 1917 2907 3231
1020 3862 3780 3982
8 1105 738 2582
1534 1113 1667 1651
1046 3596 1391 3711
2070 3170 3740 3861
1389 212 2990 3714
31 597 3214 832
193 3083 3847 3202
91 440 133 1967
636 2457 2374 3043
1810 782 3444 2100
1415 2738 2071 3941
2842 2515 2956 3529
2316 3719 2888 3898
472 2061 3308 3844
782 2897 2112 3576
1666 1293 2849 1346
861 2463 3494 3879
1402 862 2543 2655
1188 237 2002 3916
454 703 2865 3157
1557 2382 1878 2669
995 1832 1254 2128
43 1017 1097 3922
2201 604 2260 1669
2018 461 3144 3417
469 942 937 1329
1661 2380 3181 2888
2514 2685 3085 2866
170 205 1861 1161
2189 420 2961 811
73 807 3612 1987
842 2240 2150 2857
743 1937 3681 2368
767 2292 3099 2653
857 656 2041 1685
1529 582 3387 3048
1682 714 2893 1626
2581 1716 2877 3098
2414 71 3046 900
1574 103 1595 313
1771 391 3856 1733
2277 203 2358 2393
2903 74 3838 200
654 832 2057 3424
402 1234 3773 2153
2800 3022 3694 3931
1614 2853 1758 3782
111 1513 3931 2366
1407 1187 3545 2900
2576 68 3996 3437
2365 1874 3829 2605
981 1679 3372 2205
571 1617 2956 3206
2540 1658 3720 2299
226 1043 3618 3977
823 464 3584 3376
2524 583 2802 807
800 1130 857 3451
2924 939 3018 3485
2620 251 3967 2571
852 1835 1563 2778
914 1597 1375 3413
1202 967 3849 1625
139 699 708 2553
111 292 605 3943
374 2789 1138 2920
636 100 3742 1546
2705 634 2925 3434
1267 28 2962 498
2158 1053 3253 2391
1626 8 2334 3888
689 1126 2964 1534
541 2299 2004 3159
174 734 1879 1545
1893 457 2634 1982
3385 1156 3865 2144
1412 568 1426 1137
2176 3038 2789 3114
1690 2372 2508 3932
3140 231 3658 2317
2638 781 3990 1388
1612 1528 1921 2232
723 808 2479 1556
1711 1009 2840 3962
547 288 3126 3153
852 1476 2294 1495
243 146 2127 1783
2463 502 3897 2694
72 376 1008 947
475 526 2610 3560
415 257 2382 3092
152 562 3579 2614
403 95 1099 1385
1862 1970 3437 3978
2293 243 2786 665
152 600 1676 1436
794 132 3281 3507
727 2640 3841 3744
803 1922 1801 3032
1612 1183 2209 2767
130 1981 2752 2589
2479 715 3137 2422
861 2363 1885 3902
3454 2191 3980 2754
445 690 2776 2291
64 1775 291 2673
772 1087 2459 1143
213 3770 3564 3770
1190 2111 2975 2283
670 2071 3315 3056
1050 668 3434 2896
404 3215 2591 3860
359 2819 1454 3488
1490 1950 3489 2631
2281 1194 3208 2764
592 177 2655 1917
1310 2896 3886 3069
2173 1446 2581 3285
1723 1214 2538 3450
1136 2397 1608 3069
1965 2123 2399 3575
398 945 2224 2749
1772 2839 1938 3313
1911 261 2027 361
2643 1004 2660 3002
1569 2551 1604 3253
1619 72 3212 1970
714 882 1521 3023
1899 792 2181 2989
273 1444 1122 2837
668 2491 1338 2703
268 3674 1864 3966
3198 1780 3285 3268
624 220 3601 2977
2931 788 3650 1568
1202 1692 3520 3461
1337 928 2350 3218
1052 606 2980 1884
3002 1998 3647 3167
2261 851 3219 3362
2086 115 3130 1420
2034 2306 3674 3156
714 889 3551 1827
2231 2414 2706 3471
436 2033 3195 2627
353 2719 2919 2856
2144 2123 3338 2869
1192 610 1733 731
1629 1241 3326 1999
2462 1371 2895 3407
3870 1034 3921 1312
2497 659 2674 3314
3255 1376 3322 3967
2110 1055 3802 3476
115 1960 1054 3427
744 1733 3589 1996
1997 2733 2601 2846
466 3125 507 3727
275 3661 2876 3914
3602 22 3859 3108
2500 1091 3988 3426
2565 2491 2886 3631
2354 362 3014 977
3235 2249 3844 2769
37 288 1140 3127
2424 1045 3936 2549
627 605 3957 625
1741 2569 2080 3689
1305 757 2508 2078
1745 2665 2878 3688
65 2760 3015 2934
506 696 1875 2113
29 2542 1565 3017
197 532 2294 1075
56 1179 3911 3768
2379 2063 2666 3696
42 2705 2123 2763
2355 1682 3664 3571
1216 545 2596 3308
1986 1884 3781 2772
181 504 2639 3189
78 1729 481 1813
1164 2702 3400 3943
558 2068 743 2597
2755 189 3742 637
1044 90 2361 1350
2686 1649 3968 3706
351 351 1686 937
849 789 2268 3624
180 2135 795 2928
280 229 2732 421
484 305 2203 2951
39 1254 1407 2222
669 381 2515 1466
1347 2007 3071 3814
1038 1524 1619 2433
2956 14 3619 2996
400 1779 1073 3938
2406 1551 3474 1763
2851 891 3064 1943
2914 2931 3457 3659
2926 2306 3568 3754
692 2599 3500 2735
1571 132 2096 648
910 135 1516 2970
2206 2244 3737 2418
2377 2039 3300 3128
1545 1074 2839 2813
770 1418 1011 3309
777 1583 866 3680
1716 2248 3554 3875
3447 1193 3692 3842
1956 1691 2022 2756
212 265 1820 2575
655 428 1199 800
1833 1380 2366 3223
1324 2615 1776 3356
2157 3635 3791 3911
2214 647 3896 1012
3306 1381 3834 3221
1147 788 3954 3689
607 1749 3631 3382
1823 1758 3652 3942
1775 3111 2444 3812
868 339 1906 2598
1756 325 3876 1287
2730 921 2878 1254
2462 788 3530 2248
716 938 3772 3524
507 533 1790 2218
31 2734 1977 3896
2211 2113 2942 2797
479 1936 1597 2660
1071 2978 3479 3186
685 2436 3323 3469
759 2012 3487 3659
174 1756 3203 2835
565 487 1380 1615
1903 748 3981 2228
1689 3566 2716 3609
1939 1734 2486 2191
1157 1475 2747 3605
3 1354 2548 2746
1250 950 3482 2224
1858 771 2936 2816
1253 2002 2339 3910
2102 1890 3017 3746
987 1756 3024 3418
2677 1203 2833 3174
839 601 1191 1912
1803 2118 3818 3852
1770 1282 3115 2905
116 579 3617 3468
3419 1446 3707 2796
647 1137 2949 1582
666 886 1599 2634
25 233 1421 3029
2259 2148 3529 2808
402 3345 2813 3488
3055 46 3086 2635
222 183 910 646
1127 70 3699 2995
1343 2170 3296 3713
2627 993 3274 3979
237 1762 3880 2696
1098 1243 2125 2289
1325 2535 1428 3020
1787 659 3328 2764
1886 440 3192 2306
825 127 3126 2231
1217 567 3545 1087
3267 1406 3595 3277
991 455 1670 3367
1364 196 3434 3022
152 1610 2350 2059
2891 758 3326 2409
1127 3317 1134 3683
1065 2807 3779 3373
930 1989 2483 3068
551 1599 2830 2665
2183 1295 3841 1660
2148 241 2832 2466
2712 3489 2905 3920
2030 1201 3270 2445
425 2353 3348 3553
1198 51 3286 1822
584 1080 2248 2600
133 788 3907 1447
1627 96 3439 2171
517 1537 2108 2500
711 10 3435 80
1775 2785 2722 3080
718 2167 914 3135
1385 190 2193 2068
35 192 2100 3991
3088 769 3583 3641
803 1678 1078 2584
1105 797 3159 1167
2396 3206 2660 3594
320 3467 1683 3632
2041 2267 3040 3098
739 1414 3522 3556
2696 6 2713 3733
359 925 2435 3787
848 730 3806 746
31 1860 1086 2578
231 444 3595 2533
385 678 3569 1032
1446 736 3758 3398
1184 1066 2816 3466
311 344 2641 1924
2053 770 2405 2488
160 1920 3391 2426
162 909 1274 2762
2592 1854 3109 2270
858 3549 1406 3858
2310 476 3511 2763
1579 3080 3918 3440
71 1341 1749 3238
737 2560 3775 3923
363 974 1630 1828
1800 2411 2709 2862
3270 2356 3521 3264
547 1862 3912 3658
453 1594 1770 3951
852 0 2521 3937
2320 492 3149 2721
422 754 3042 3264
930 2052 1780 2447
800 2695 1784 3126
1248 718 2727 3196
362 708 2916 1708
1011 1 2309 2404
1903 2965 3614 3461
2057 2007 2767 3956
919 439 1034 1161
403 1537 1109 2955
1089 680 3646 2003
106 899 3413 1427
1052 318 3867 3545
2944 2520 3406 3744
75 410 2742 1489
810 535 1504 1229
209 1746 1814 3754
412 1155 2045 1544
1080 539 1928 3837
913 692 2840 3788
459 1517 3685 1554
1898 3785 3347 3805
21 1136 1054 1403
1099 1627 1617 3888
130 2052 1767 2068
143 88 1150 3054
55 734 3684 3963
721 760 831 3086
2692 316 2941 2846
2720 58 3982 1042
1058 62 2299 1227
389 1198 3247 1516
2209 1808 3951 3379
62 1835 687 1913
1397 1694 3000 2799
2776 2471 3647 2794
14 184 2045 1023
621 3029 1058 3395
269 1038 2624 2686
713 2066 1960 2954
2551 2255 3942 2724
419 2806 3130 3518
274 2527 3600 3665
1303 992 1734 1911
1241 1068 1623 1679
536 854 1096 1231
54 748 211 1201
33 108 307 3739
172 2478 2673 2720
257 2408 3606 3910
2 388 3507 3011
1839 2914 2570 3384
1538 2278 3550 2514
126 3495 1191 3950
1739 504 2477 3517
683 1217 1133 2595
1784 3576 3407 3874
3118 1600 3578 2681
1079 2198 1448 2324
231 2002 3677 3613
882 2777 3765 3354
2046 940 3042 2001
169 115 2398 220
888 179 3479 3429
1585 205 2995 1592
1603 69 2066 720
1509 1833 2770 2661
589 2497 1753 3894
801 2240 1419 3584
20 1744 2983 3847
3310 1139 3329 3457
1529 901 2486 2649
14 2301 1517 2886
1159 1794 2567 2033
166 656 1479 1150
842 2374 1140 3723
310 1719 1908 2795
2713 3217 2920 3658
1861 1801 2090 2550
875 1265 3072 2915
2730 1182 3608 2166
1286 2934 3939 3173
1494 149 2142 1348
755 1643 1489 2081
382 1570 1139 1576
38 117 846 2925
2533 2277 3293 2507
1493 158 1991 1955
987 1053 1831 3714
549 1938 3672 2924
1727 2438 2485 2610
1979 1451 2519 1838
452 1605 3694 2146
802 1870 2526 2193
193 87 1046 2240
3327 1533 3815 2082
1730 2321 3079 2770
2545 1279 3439 3861
135 1462 877 1548
1230 1411 1919 3004
1563 2682 2358 2773
1892 2902 3220 3016
611 672 3317 1760
630 1654 3195 2052
2050 378 3995 3600
571 719 1631 2304
1264 605 3302 2237
2057 183 2725 3062
190 923 1967 2818
3447 580 3660 1500
1701 3372 2056 3554
2356 2624 3199 2988
2291 966 3095 1959
1514 1412 3606 3295
2206 2929 2371 3652
2289 650 2702 1993
74 1473 583 1784
1355 1602 2261 3819
821 2373 1576 3008
1222 450 2927 600
2984 2280 3403 2984
286 558 1049 1716
2311 3724 3872 3738
1703 2543 3012 3450
756 2923 3039 2984
2522 185 3203 2224
1070 2959 1341 3087
2013 829 2500 2697
296 587 1523 2382
340 1607 3288 3228
1508 1141 1579 2839
989 858 2257 1452
601 2907 1341 3768
2346 1150 2415 2189
732 444 3282 2605
2243 3075 2639 3468
629 227 3638 3275
1169 2681 2108 3509
109 466 1647 1009
2637 2098 3316 2400
1683 2461 3246 3485
71 943 1195 3948
377 500 1390 1798
3420 186 3503 3354
2328 1838 3782 3086
741 1903 2345 2369
2698 62 3932 1822
1066 2310 3059 2894
1523 1485 3579 3575
2593 1673 3342 1901
39 291 2886 2721
186 610 3986 2653
411 3082 604 3246
2754 2194 3093 2754
2294 466 2510 3927
1650 2225 2511 3042
1534 1731 2300 2597
3940 1081 3940 1534
5 265 2310 2562
1884 1059 3592 3675
2193 232 3236 3697
2173 746 2588 2998
842 473 1267 479
2434 1192 3409 3881
2484 915 3255 1200
907 2443 1076 3320
1793 832 2097 2677
509 3347 1382 3563
2098 1715 2531 3168
2348 2834 2691 3490
2209 1752 3832 2923
231 44 3473 2110
1869 534 3904 2829
904 907 2873 1182
1514 123 2351 1750
893 1823 2127 3954
2278 1193 2562 1731
22 1907 2078 3193
2626 996 3471 3270
1420 2396 2024 3918
154 1133 1911 1999
80 1844 3305 2568
397 8 531 3678
2188 2977 2758 3863
1158 1780 3005 3302
1347 1249 3111 1654
463 835 734 3866
2418 852 3061 3295
2651 183 3823 855
983 1116 3087 3989
516 201 867 1293
742 2845 2681 2969
1588 1929 1657 2730
1358 2705 3898 3323
376 690 1243 3592
3729 1394 3779 3040
399 2715 3008 3642
618 494 794 1575
2643 56 3063 1271
2411 350 3225 2399
536 370 3714 2391
1002 1985 3670 2625
359 1514 1723 2594
37 2552 846 3940
1001 1071 3718 3288
869 467 3226 3092
1143 118 3057 2987
825 918 3110 2865
2209 1378 2309 2064
2083 3092 3745 3767
3079 2529 3691 3827
2330 2435 3004 3573
1612 2013 3058 3129
42 269 1110 1545
3772 1975 3779 2426
484 2983 1258 3436
2481 2446 3860 3444
1391 1363 3323 2935
2450 266 3697 3988
531 1379 3047 3770
1364 856 1688 1823
113 1549 1457 2085
152 1417 3130 1561
726 471 1090 2990
183 2063 2750 3134
121 698 1023 3555
3273 158 3595 512
193 1100 1360 2138
2317 1274 3475 1790
1282 498 2951 1392
1102 699 2179 2322
32 117 1598 729
1828 741 3453 3511
420 1338 665 2684
2647 461 3170 2097
1393 1093 1982 3690
888 2851 1641 3268
132 117 664 847
1463 1469 2431 3735
294 3070 1468 3819
134 678 1136 1339
495 2358 2706 2858
270 1215 3858 3431
1447 96 3714 818
1942 613 2975 2019
2978 1649 3738 2765
1419 1183 2259 2945
2182 317 2659 1619
758 981 1004 2616
2624 385 3593 2901
1111 1472 3853 3401
653 1236 2863 2969
1539 2295 2242 2559
610 2941 1857 3689
1727 1384 3279 1627
1547 19 3679 1059
2489 1244 3063 1686
593 1539 2048 2892
1903 1930 2037 3861
2390 281 2523 1568
1471 488 1634 1205
3224 1940 3523 3840
570 545 3018 3014
306 2204 2302 2790
2070 516 2712 2717
1546 1982 3314 3444
1470 1907 1720 3038
216 1163 1109 1255
200 3006 756 3785
2232 1658 3256 2736
1370 2080 2701 2782
1973 477 2466 494
535 1723 3431 2178
1530 775 2005 1151
3015 749 3586 3319
652 2160 1547 2823
2821 1645 3952 3141
570 265 2601 802
1949 973 2512 3978
2696 2848 3147 3340
1234 2138 2949 2709
279 271 1240 2503
2171 316 2259 1970
1827 1487 3403 2408
1524 279 1983 3979
1199 603 1290 3641
2152 2786 2680 3870
1069 155 3158 3076
115 598 569 1688
3905 2528 3927 3573
1379 2501 3489 3856
602 2664 778 3488
1330 4 2319 1450
1540 43 3840 476
1370 194 2315 2986
2870 805 3150 1105
2115 945 3608 3128
2001 140 3319 3785
1934 3005 3114 3376
2638 859 2675 1055
652 848 3018 2588
2041 559 3731 2410
172 248 429 2259
771 1305 1077 3577
274 2240 1582 2725
1527 1800 3326 2166
3242 281 3371 769
2433 1324 3139 2971
803 63 3713 2450
801 1819 1957 3675
1248 1833 2162 3681
1932 2164 3054 3485
1003 1053 2877 1974
3248 392 3488 1910
2169 951 2679 3846
2828 1695 3380 3648
1474 65 2512 921
862 631 1014 3512
109 817 3777 3238
2485 1113 2486 1600
1379 123 2793 2684
2047 49 2828 3996
584 3339 3612 3952
555 885 1122 1342
2579 266 3485 356
879 106 2097 1669
1822 1507 3205 3413
366 273 1648 3546
1466 664 2942 2467
1217 1092 1737 1208
137 1798 2793 2188
2183 1947 3242 2144
232 1672 585 2115
1026 1424 3596 3631
659 1594 926 2366
406 242 1881 318
2390 1698 2635 3542
508 1561 3133 2133
1578 115 2128 3145
698 124 2451 548
2755 317 3626 1584
749 1983 2609 2654
237 631 3962 791
46 161 929 2345
360 3164 2247 3338
2302 1959 3419 2619
204 682 1806 2631
506 2341 611 3660
1191 430 3820 1456
1742 331 3440 3749
1310 305 1785 790
1251 2326 2632 3044
3637 62 3683 1618
1936 18 3643 3495
1859 3138 3973 3870
2162 2643 3369 3929
1687 1014 1991 1728
1274 1330 3387 1343
351 2064 2599 3709
590 1234 1276 3842
630 930 3871 3150
872 680 1131 2510
345 1500 3198 3664
234 924 461 1843
1660 2229 2016 2545
1921 489 1935 3412
2557 303 3309 3065
257 1538 473 2347
202 1190 938 2511
475 1241 3666 2780
555 2588 991 2953
2860 1998 3477 3090
1371 1878 3427 1927
2247 2792 3418 3008
864 1655 2690 1864
2034 280 3712 540
601 1032 2673 3364
622 981 3876 3400
745 1151 3411 1807
307 3344 2192 3585
760 2309 3783 3559
2058 976 2520 3509
398 1377 405 1791
1619 3200 1988 3910
346 216 1050 2227
1717 516 3693 1112
127 573 3986 2121
3237 1130 3589 2224
2711 2872 2965 3579
2757 13 3281 322
1837 3068 3223 3101
922 1162 2171 2065
800 944 3783 2271
776 895 1422 3915
1369 394 3603 633
1045 1657 1291 3827
113 189 886 1245
2647 740 2914 3967
532 2560 1400 3296
286 1413 2645 2228
972 899 3051 2228
1879 1957 2684 3988
169 329 331 3233
2450 2782 2764 3882
2929 2397 3049 2459
2401 570 3312 650
722 638 2412 3658
1854 1166 2505 2968
1197 1092 2834 3219
1050 41 2114 641
1043 1298 3363 3493
570 1309 2606 2421
982 3629 2151 3813
1677 1268 3907 1480
801 2807 3750 3498
1032 2959 2919 3945
2143 453 3236 1138
2020 1348 2914 3130
1036 966 2243 3901
317 158 3267 3518
3450 818 3581 3562
492 132 1587 715
1482 318 2504 3936
279 402 1322 1052
388 745 958 2007
2104 2237 2555 2615
414 3801 2471 3872
100 643 3701 784
751 2080 3314 3293
627 1276 2990 2688
2387 937 3271 2088
1158 1586 1186 2943
627 795 1469 3218
1973 23 3031 411
917 128 1800 3078
180 2939 2244 3786
2182 157 2253 3804
771 53 2665 789
659 2213 1741 2472
488 1691 2206 2093
1318 71 3022 1910
1109 2942 1241 3668
764 64 969 1506
2416 2814 2549 3475
1682 77 3074 3353
1615 1123 1918 2868
274 529 642 2037
1362 2554 1370 3322
90 509 3475 3937
642 2548 2909 3661
728 1073 2329 1145
777 2166 2555 3063
2615 3481 3515 3693
972 1721 1567 2156
1733 2380 2095 2776
1390 3514 3367 3640
1411 631 3898 1397
982 1780 3949 3812
688 1307 1653 2967
2997 1685 3974 3759
2787 2308 3540 3339
1348 1148 3588 2341
1909 701 2140 3303
494 6 1119 1116
1454 720 3998 2694
1654 59 3619 553
120 3560 868 3697
3 1183 2600 3427
996 3220 3807 3455
708 1260 1464 3011
2060 996 2078 2029
941 1150 2722 3378
496 36 2362 910
364 2167 2182 2774
687 1579 777 2167
635 1790 2140 2268
137 732 1204 2101
1827 868 2689 1164
445 955 2211 1386
16 1356 3667 1514
849 1771 3536 2856
1210 3367 1444 3553
779 2200 3668 3823
522 176 1990 2112
480 2255 2619 3419
2564 351 3071 1436
1262 181 3952 989
1938 558 3619 3312
528 342 2214 2029
2986 2939 3756 3632
1424 2931 3435 3998
1923 1247 2554 3953
1051 196 3788 212
2789 2457 3154 3737
1448 1544 2137 2152
493 3025 1632 3095
708 2337 1804 2537
1325 338 2813 3269
125 2149 1670 2810
247 807 3381 1725
2692 839 3852 1117
2221 55 3700 2423
637 1488 2351 2068
3270 1002 3597 1662
811 31 3263 2234
1435 2055 3315 3567
1215 729 3937 1689
937 169 1489 1928
176 865 1904 1207
2723 162 3754 1468
2218 1277 2764 2692
774 2653 3912 2967
1309 1268 1372 2522
1678 3341 2320 3570
95 167 2325 868
290 1928 1326 2683
2646 571 3198 3676
2529 53 3347 3713
265 75 1824 3197
93 1889 2547 3988
2528 2983 2600 3767
494 1965 1138 3768
1874 1250 3773 1296
1085 639 2509 1876
2610 1177 3906 3184
330 505 2545 3871
2875 592 3148 1115
2437 718 2441 2832
3015 3652 3326 3776
1111 657 2511 1388
1493 334 3739 3398
389 1427 1475 2669
1625 197 3575 946
833 283 3271 3420
701 1008 2245 3213
371 914 3477 3102
674 2390 1528 2523
1003 3572 3625 3928
100 109 693 2347
153 3625 2671 3691
934 111 1575 1340
2889 223 3852 1079
633 946 650 1717
1926 1514 2595 1540
1340 1949 1477 3322
454 321 2160 1920
996 1919 1103 3160
2719 3287 3046 3818
1448 1746 1675 3295
907 1757 3874 3470
2540 74 2762 445
2323 2354 3140 3122
2583 565 3828 2572
11 2846 2021 3775
2471 1927 2663 3981
838 2156 2455 3928
1917 3281 3320 3487
1267 1969 1500 3800
981 2522 1085 3186
1508 2614 2372 3497
424 1682 2658 1693
3076 1461 3290 3525
27 588 2118 1389
1210 3121 2252 3240
1596 337 2018 1086
748 3697 3216 3914
2307 3361 3401 3747
973 431 3644 3120
584 7 1654 1938
2671 1565 3176 2131
2525 994 2924 2721
1690 335 3672 2651
272 1919 2788 2719
3481 154 3711 1255
1252 2558 3621 3860
793 1143 3851 1830
2609 670 2614 702
706 514 2102 3612
591 813 1739 3159
1420 686 1901 1509
396 1115 3664 2342
1640 1131 1770 3442
730 914 3938 3668
943 181 2012 239
431 758 1825 3594
1181 216 3125 3928
1377 877 2573 3601
650 26 2529 2455
2162 2676 2383 3659
2405 956 3454 2474
3331 2431 3561 3780
2268 69 2887 2789
198 90 1729 1684
1252 1630 3053 2265
2396 1281 3530 1623
642 337 2356 1415
2288 302 3233 3694
732 1920 3409 2922
2185 2448 2273 2890
1143 2536 2115 3734
1038 682 2814 2895
2270 1227 3136 3133
1164 1606 2317 2553
2187 3033 3949 3595
479 635 2032 3423
2711 404 3268 1545
246 331 3680 721
1242 2098 3213 3511
2304 632 3891 1736
1822 1506 3119 3055
1718 18 3212 934
818 1787 2101 2943
1030 1402 2139 3485
1846 777 2762 3480
1219 1423 1942 2334
3820 1136 3855 1311
637 655 3509 3561
205 134 3850 2594
34 664 703 704
87 128 288 708
1278 2269 1436 3573
363 37 1666 3474
723 1496 3048 3237
291 1935 2620 3594
1717 2766 2912 3595
2413 2400 3060 3421
107 267 561 2878
3132 3756 3491 3971
1575 2216 2401 2236
1974 1302 2962 2666
184 854 1225 902
746 2530 3391 3154
1965 380 2957 3247
125 322 2909 3384
1824 784 3281 2466
3375 2065 3855 2954
2148 63 2180 2495
1557 1240 3427 3868
2322 327 3852 3304
421 2512 3771 2793
2078 2303 2631 3019
1310 2071 3307 2267
1269 1538 2148 3211
789 150 3864 3618
488 183 1477 1382
2903 2273 3420 2430
520 200 2283 1579
2036 97 3669 1666
807 565 2305 3488
415 850 1229 1887
1676 223 3905 3695
675 653 1052 1883
1093 1523 2954 2044
1027 1006 3771 1369
2614 630 3549 3362
374 831 814 3042
3905 1032 3979 2943
1443 913 1815 1314
2989 1283 3387 2600
1840 2759 3405 3975
705 357 1124 3633
499 3164 3239 3833
2901 360 3416 430
1549 1590 2762 2786
432 2067 3105 2873
1442 1787 2681 2130
2859 810 3430 1504
1709 145 3490 658
788 699 3595 3739
140 655 303 772
762 1409 1760 2257
1189 1177 2662 2508
1875 1079 2428 1513
1836 290 3037 1318
439 3520 3045 3905
1617 933 1751 2108
3248 191 3985 1856
634 426 2002 1359
1270 3010 3245 3179
113 811 3511 2558
1239 1411 3042 2487
1675 2166 2309 3067
1497 294 2930 3500
687 1788 2280 2156
1204 801 3371 1920
810 721 3110 1182
1884 649 3516 2867
1543 624 3895 2724
1126 3867 3686 3878
85 1087 2765 2053
462 426 2549 2516
494 214 946 2291
1762 1774 1806 3811
733 2097 1760 2548
1531 140 3863 2731
1421 1993 2029 3893
3563 374 3866 1150
407 692 3601 3477
1918 164 3658 1551
1075 507 2321 1142
2108 3170 3145 3778
22 667 1158 2276
2909 3377 3061 3537
59 187 3472 360
1297 2069 1565 3023
3437 990 3901 2985
3553 1653 3853 2536
325 996 2472 1853
1177 1171 3740 3613
1119 245 3011 3355
1155 237 3011 2629
1066 3735 1758 3954
1192 837 2694 3734
992 3187 3963 3720
524 3161 3597 3922
2173 469 2853 1778
1161 19 1682 1496
2041 1127 3438 1600
99 489 1255 3056
1120 653 1179 1116
204 2731 397 3236
1024 1325 3524 1870
923 27 3806 163
2140 492 2195 2850
57 1325 2132 3310
103 2148 3945 3318
2003 528 3218 3006
3440 2126 3630 2362
993 736 2115 2543
18 2508 63 3205
1019 328 2676 3072
474 2066 1202 3576
389 2518 2977 3807
331 1967 2897 3621
303 1552 1335 3555
2246 143 3828 3292
823 529 3230 1412
670 930 3197 2176
2449 2274 2618 2983
1174 2016 3788 3389
1764 453 2312 3865
971 1625 3222 1911
1584 1647 3904 2861
821 1315 3666 3493
578 109 1842 2960
2311 1172 3572 2621
237 1454 789 2970
2261 969 2956 3258
481 2234 1579 3868
853 1326 1874 2163
502 2273 1686 2559
1388 2172 1499 3245
325 2148 950 2707
370 3179 2888 3217
636 305 1864 1003
3048 2846 3512 3915
859 1230 3807 2629
91 2734 2191 3662
1462 988 1657 2157
947 2512 2129 3430
3591 3015 3621 3804
972 1822 2013 2202
723 574 2897 2666
2028 1216 3010 1448
1018 717 2334 2609
802 1167 3868 3533
1489 1071 2382 3955
606 378 1786 1088
194 698 2527 3290
539 216 579 3089
1925 67 2015 374
1430 3303 3833 3376
366 2269 1673 2415
3501 500 3751 1254
2900 2185 3972 3443
343 2333 1335 3798
3116 3415 3549 3646
760 1421 2170 3165
2917 31 3137 2696
1953 545 2852 2461
827 2059 3678 2452
1567 1917 1701 2572
775 1841 1907 3357
2150 228 2869 3688
1485 290 2204 1242
660 778 2054 3932
793 2682 1286 3422
3432 3537 3589 3739
33 180 2505 1420
1463 1807 1759 3838
1817 829 2464 1240
1658 3128 3267 3542
433 592 2005 2966
563 1170 3696 3185
1577 2624 2618 2644
3725 1106 3970 2455
76 1349 3652 3877
566 2752 673 3676
5 2608 1526 2706
2370 2557 3935 2997
776 1154 3275 2376
88 209 3558 849
186 2498 3575 3884
2648 3085 3963 3647
928 1279 3190 3510
1066 1417 1364 2497
250 894 3858 1064
286 117 954 863
1687 427 2664 1240
999 1787 1449 2140
854 86 3341 1447
1185 2368 3031 3950
766 3050 2468 3147
922 1718 3176 2916
472 1563 577 2686
1484 1156 2612 3972
769 45 3339 1014
2795 1779 3270 3598
3112 1364 3329 1702
605 724 1210 3071
389 1218 2058 2391
146 2601 727 3255
2024 3629 2348 3714
361 982 2198 3083
3109 1213 3771 1533
1820 434 2777 1051
2518 822 3266 1151
1737 1648 3938 3112
1340 3010 2946 3986
164 1840 1070 1993
2068 1252 2073 2803
918 1734 3103 2324
960 390 1804 1430
1344 2014 3860 3349
1965 1049 2233 2184
2489 3263 3208 3297
815 1434 2431 3501
160 130 1172 2612
2555 1575 3275 2767
2602 652 3543 1958
1294 1760 2485 3279
1701 1540 3721 3060
1230 545 2714 790
2053 2871 2520 3526
1336 818 3758 1947
511 3061 3742 3838
578 1170 1834 1175
2436 904 3009 3624
889 1076 3131 1331
2425 2739 2942 3209
1643 1810 2997 2623
2724 1713 3131 2275
1747 1483 3342 3946
641 723 3924 3633
2988 586 3248 3246
3001 1832 3004 2114
2144 974 3447 1561
2124 1962 2733 3337
3308 1680 3924 2728
224 2830 1934 3731
656 1125 1367 3052
615 2053 1167 3289
105 575 450 1229
815 305 3093 1040
2247 2420 3649 2584
683 806 1803 1627
517 40 2488 2891
1742 305 2203 436
200 602 738 3491
2929 2157 3940 2293
1712 1745 3117 3336
612 495 2359 1304
15 249 1360 3443
2498 803 3311 833
516 2274 1148 2640
1037 294 1962 1224
1260 70 3468 1482
2078 263 2652 2229
719 1368 1657 1789
47 1218 749 1262
2141 705 3499 1172
1663 1897 3326 1917
728 1247 1405 1384
2050 923 3108 3927
682 967 1385 1951
2748 2221 2885 3350
850 2587 3602 3291
1208 1829 1718 2303
1622 1627 2139 3811
2715 2238 2952 2315
2786 2986 3698 3199
689 2133 2340 2562
2445 1392 3885 3742
1523 1801 3506 3301
2244 2420 3640 2798
1099 1328 1860 2236
2823 1087 3413 1690
1398 2795 2194 2864
1430 989 3446 2939
600 1674 2278 3666
1870 121 2539 3961
2720 520 2831 3162
2974 951 3586 1930
1205 1675 2117 2692
200 572 1242 1809
12 923 22 3872
608 2195 2138 3954
1573 2686 2555 2756
624 463 3658 2030
629 59 3110 113
332 1170 3250 1816
462 175 2751 1781
2611 465 2654 1152
682 2072 976 3811
291 1406 1905 2137
469 566 507 3001
1669 801 2986 903
1742 2105 2269 3760
481 409 690 3586
429 207 3539 3781
2162 1143 3922 1282
802 2544 3349 3092
2454 3353 3933 3824
451 2495 891 3513
3503 1703 3650 3894
1877 109 2917 128
1409 1544 1994 1999
1049 1625 3923 2212
220 182 2046 1295
165 292 3528 1058
2427 3336 3480 3440
1753 55 2825 3507
519 18 2715 3731
745 3579 2088 3972
3621 1602 3702 3315
1668 29 2162 3107
1300 3293 1649 3699
1026 95 1288 3370
311 1449 1456 2566
155 2362 1618 3535
565 2929 2799 3721
40 625 2301 1070
2825 1690 3078 3112
1204 1412 2396 2671
534 1166 2031 2345
2468 223 2691 1687
215 399 2761 3403
407 1907 1965 2991
1471 669 1722 1181
3831 3147 3969 3974
2180 950 2639 2687
2873 2020 2884 2097
2931 323 3321 780
309 95 3606 3549
625 1099 3437 3470
1162 1278 2974 3736
1968 1065 3517 2195
1196 2989 1399 3304
1179 1982 3034 3923
1988 1200 2738 3543
2553 3608 3340 3950
457 1162 2432 1672
1077 2368 1716 3132
1039 1738 2647 3888
362 813 1228 2010
538 2540 2670 3395
785 377 1998 2780
610 2998 3285 3013
1621 851 2034 906
2888 1188 3516 3861
1513 311 3363 2437
2107 1609 2955 3991
2908 850 3428 2418
1560 210 2710 366
1694 1550 2156 3483
290 173 2729 222
1624 1619 2559 2239
2700 672 3306 1566
285 1452 615 3836
208 1081 2524 2149
2026 292 3765 3098
2475 617 3912 2743
506 3625 3948 3694
157 2608 3477 2667
2934 673 3339 2886
2348 1626 3796 1951
971 1169 2144 3770
2113 1386 3953 1844
2973 1593 3178 2109
2043 2310 2840 2901
1041 1094 1924 1295
476 30 2933 2187
232 2369 2527 3467
3167 512 3340 634
1202 625 3394 3900
825 233 3047 3659
3453 2413 3820 3952
1659 251 1884 1923
1183 6 3430 570
1962 343 3706 2167
1789 3346 3221 3825
2661 1839 2891 2484
325 2412 934 2910
1608 197 1839 2365
1016 1207 1305 3381
2584 125 3936 725
2328 1896 2894 3475
67 1053 309 2210
431 1692 1556 3243
1538 2549 3911 2702
396 1702 1720 1839
263 451 1954 1148
1174 74 3766 332
2130 2342 2701 2518
147 2844 2017 3168
1602 1658 2147 3690
867 411 2670 779
382 671 3783 1886
2811 800 2949 3360
1083 12 1574 2464
706 220 1376 3762
474 1134 2156 1244
2097 655 2877 766
253 2056 3551 3325
43 3168 2451 3535
1735 925 3451 2145
1742 483 1935 1187
1346 3171 2571 3490
831 127 1201 3573
1467 1175 2169 3029
411 548 2912 2775
124 479 3537 1971
1557 772 3406 1242
2061 478 3656 3851
936 3010 2219 3300
1302 844 2961 3545
1953 197 2820 3107
262 871 3799 3037
1791 2195 3008 2528
1857 2946 3005 2986
1498 1856 3543 2642
176 1585 2029 3706
29 411 2632 1188
2227 1973 2410 3156
1565 2112 2805 2523
1132 788 1734 2930
1552 912 3167 2411
2250 452 3518 2724
2245 1886 3406 3721
1584 1915 3036 3362
3124 2071 3385 2107
1006 262 1536 1333
1803 69 2244 2815
1838 2899 2361 3962
485 404 1233 3595
1247 3585 2606 3776
2926 1513 3754 2920
1871 3316 3206 3867
2146 1274 2318 1749
445 2290 497 3375
1758 681 3786 1676
3350 848 3737 1756
51 717 319 1258
3649 979 3682 1486
3340 994 3649 1784
910 275 2480 329
3149 172 3843 3632
2058 849 2150 1010
1469 564 1979 3642
186 1256 3555 3400
294 2618 3473 2751
1461 248 3313 3204
357 3398 3688 3510
1025 1966 2983 3868
1195 755 1969 1156
414 1368 3458 3232
2188 1979 3918 3155
673 2287 812 2909
680 31 3179 2822
24 1336 3359 2552
1324 598 2625 1593
1002 1067 2111 2275
628 785 2885 2027
1426 2700 2051 3078
1779 3274 3468 3901
1704 2658 2037 3666
921 207 2983 951
716 1368 993 1628
1062 3083 1461 3284
1230 1257 3859 3195
2216 350 2825 1546
2912 2274 3076 3626
578 1918 3373 3833
3174 1907 3849 2310
694 1216 2727 2162
2142 227 2959 3182
598 1207 2222 3036
2495 2698 2987 3514
2828 901 3392 3936
1640 524 2638 2942
1718 1447 1876 2607
2585 3250 3007 3881
1992 117 2917 1702
275 1765 2682 3738
1667 698 2663 922
2103 1020 2575 3806
2338 2195 2538 3865
579 93 1555 2891
1552 2300 2412 3206
1607 2304 3147 2721
555 1784 3193 3944
1884 1456 3596 1627
2757 2887 2790 3465
383 223 1411 3866
693 46 1263 644
1271 2430 3921 3436
3383 577 3610 2994
2393 1783 2896 3347
96 1268 3239 3868
183 3151 1423 3721
1058 310 1727 3301
39 1662 519 2978
1165 3527 2888 3964
1847 1469 2134 3413
462 1190 3437 2208
2304 801 3222 3910
1175 1057 1815 1445
1558 1673 1866 2722
2752 1275 2765 2321
184 606 1623 1791
471 771 2883 3785
2780 2228 3573 2585
150 3279 2326 3869
2549 816 3065 3964
812 307 1421 1374
1064 2348 3867 2936
150 596 1410 1923
668 444 994 3151
932 214 3036 3458
609 1120 2851 1741
798 347 3094 1895
1383 786 3951 934
1664 516 3417 820
1992 3367 2731 3611
3173 3174 3429 3477
1745 257 2952 2931
1928 292 3455 3343
2467 1513 3305 3951
1720 3289 3106 3761
1949 22 2132 443
209 3249 993 3718
2307 410 2490 3267
416 38 2386 3599
351 186 3702 315
904 536 2681 1973
2310 437 3587 3994
489 367 2159 1508
1514 1545 2271 2968
303 2105 3469 3066
2815 392 2855 1253
521 831 2161 1066
1771 7 2205 3938
1424 134 3945 2129
135 1420 573 3058
75 1594 2660 1710
463 1065 463 3454
836 1610 863 2255
3631 52 3791 118
172 1312 2144 3072
1005 1317 3022 2768
161 2197 3314 3588
618 3506 3100 3570
1212 383 1308 919
532 274 1669 588
1698 2834 2126 3007
533 717 576 1431
1038 1409 2441 3627
2929 3590 3434 3893
628 1166 1591 2211
2265 1936 2356 3824
1820 2576 3836 3457
2025 2522 2126 3075
1631 36 1757 3547
903 248 1982 3049
1205 547 3391 3914
3058 527 3221 631
1908 2180 2156 2591
2649 1170 2970 2981
267 1354 3666 2739
1212 3287 3433 3879
1472 95 3632 2888
742 217 3061 2753
1368 1075 1708 1802
3119 3314 3711 3970
1810 1745 3513 1829
3204 714 3624 1681
2294 589 3530 694
1067 493 2072 2150
370 779 946 3256
800 1242 3843 2883
1000 868 3748 989
209 709 3988 1825
525 31 3935 2184
1685 1506 2412 1788
1241 1516 3730 3181
1636 861 3932 3980
1113 2421 1408 2840
1568 2003 2958 2894
1207 3201 2146 3366
1511 28 2011 3854
1978 843 2091 2612
3355 1138 3645 1155
2798 393 2986 1885
208 862 1984 1606
130 369 3782 3170
315 251 3222 388
3118 1568 3327 3857
929 1567 3696 3498
355 1825 738 2869
2280 1724 2886 2745
865 276 2223 3926
3166 1427 3520 3668
1139 2832 3997 3956
2264 945 2408 2822
1088 148 3856 3589
2070 2199 3067 3539
1773 77 3656 157
544 2065 1346 3777
721 1445 3324 2915
2891 2071 3874 3727
1699 179 2926 2312
1499 3890 3397 3895
702 456 3758 2481
1149 252 2081 1790
2649 796 3942 2649
130 337 3045 2848
768 1995 3600 2729
1277 1716 2390 3999
1073 579 2351 1926
875 1256 1573 2659
1003 1238 2712 2699
2040 467 2895 1737
688 368 2673 688
446 507 3229 2986
116 2089 491 2329
1758 535 3028 3667
1876 137 2148 2937
1045 3023 1188 3133
1429 2150 3645 3615
1085 1408 2039 3632
119 1013 3741 2119
407 343 624 583
2934 603 3267 2388
1275 1193 2082 1472
879 348 3351 1485
1479 706 3286 2117
3277 558 3426 2053
1622 595 1718 1414
193 1990 2426 3504
720 1337 1480 2995
678 498 3360 3702
1732 1626 2826 2502
1150 1652 3930 3532
3507 808 3646 2280
1765 409 2390 3944
157 993 2362 1028
1574 2304 3896 2873
2238 790 2647 3780
860 693 3392 3601
1341 1616 1803 1903
2532 786 3236 2736
412 2854 1497 3752
656 1985 725 2437
2486 347 2561 1835
996 1351 1181 1676
1582 2378 2397 3281
821 1006 1245 1452
2781 396 3994 2969
393 34 1420 362
1265 1364 2196 1847
469 1840 3321 2979
1593 674 3362 1405
870 3200 2276 3734
2256 2768 3323 3184
56 1773 1705 1865
804 1627 2918 2550
1560 552 3738 2351
2155 973 2496 3650
1411 3385 1583 3468
1823 2852 2383 3009
2159 501 2530 668
2774 1289 3957 3029
2030 319 2683 1811
1995 687 3651 1252
2534 3413 3420 3479
1565 333 2844 3251
1243 2455 3096 3586
979 1474 2270 3009
2903 2738 3318 3911
691 2375 3050 3157
2967 799 3175 2211
535 2084 916 2255
2682 2566 3867 3134
1954 469 2778 1825
1749 675 2087 1558
200 181 1243 3109
3374 241 3727 2250
227 1177 2589 1889
712 473 3264 1685
2023 708 2626 1196
1335 943 2520 3690
1091 1429 2559 3804
2400 1576 3402 3859
215 1318 603 3357
779 249 2537 2060
233 1495 2113 2412
2178 8 2311 3953
310 553 3136 807
1666 1290 3792 3283
1582 884 3540 3070
996 44 1123 967
2177 1884 2884 2706
1472 1855 3290 2039
1270 2310 2572 2526
1157 1854 2301 2245
1164 876 2616 1325
1707 629 2994 1261
678 328 2198 820
2121 1178 3381 3942
1672 270 3289 3873
707 511 2220 3649
2072 3031 2167 3468
1098 456 1728 843
1678 919 2998 3682
867 1135 2151 3113
148 1526 3064 1554
323 1906 697 3830
422 916 3393 1107
1905 2044 3829 3490
2217 2098 2764 2613
3044 740 3658 2647
2305 412 2887 2316
1822 1843 3300 2937
707 804 1506 1197
2390 2046 3692 2687
1645 1368 3790 3697
2758 722 2863 2418
864 1310 2902 3632
1231 353 3920 793
403 323 2492 3981
781 1491 3207 2111
740 2846 2259 3215
2521 244 3770 3301
766 448 3782 960
166 449 756 3923
466 1747 3915 2919
267 3569 2523 3595
1717 2494 2765 2782
161 1738 3042 2895
713 2135 3032 3651
565 3031 3111 3751
535 2369 3218 3188
1650 248 3826 2713
3657 630 3980 3268
135 860 1349 3365
789 181 2338 2339
1499 1661 1979 3848
649 2912 2221 3769
2407 477 2828 2055
1279 1407 2612 2300
954 45 2702 2814
2019 1072 3693 1950
1457 332 2238 2732
3136 757 3148 1809
1016 512 3381 1902
1274 1501 1735 2267
115 976 3295 3191
851 2352 3204 3866
136 3601 3120 3788
135 1200 2824 1739
1221 98 2334 1943
254 736 1481 1391
1554 2234 1814 3575
1369 54 3304 1610
1517 33 3116 1021
784 909 3969 2316
189 886 2108 3741
124 2177 2867 3515
490 107 3404 2124
1484 2479 3324 2505
60 122 246 2663
1840 475 2925 2286
175 3302 1105 3894
292 3246 2901 3565
300 906 537 2387
1537 365 1649 1601
54 2901 3879 3791
194 2056 3852 3945
519 2582 1554 3074
2267 1258 3259 1455
901 3165 1793 3279
1468 1338 3812 3921
70 1584 3948 2905
270 1837 3948 3767
2167 1313 3370 1534
2709 2365 3368 3319
1750 155 2571 3075
3217 859 3882 3062
265 616 1256 1700
2478 583 2500 3918
943 3027 2113 3554
2344 1820 3034 3556
228 2365 2054 3188
39 2107 165 2608
2724 618 2755 2180
1264 1135 3974 3641
1974 488 3468 1023
356 996 3960 2927
1451 205 3035 815
1421 2431 2816 2935
2844 1435 3863 2019
331 1145 792 2331
1094 496 3976 1371
973 326 3118 606
288 1547 2056 2398
339 2659 2582 3001
2517 1270 2732 2094
432 2190 1730 3006
2347 594 2469 1164
172 1455 317 1714
1094 1107 2078 1855
788 1697 1232 1983
2849 820 3608 2101
2034 316 3764 2930
2126 99 2901 2121
3718 258 3756 3865
2984 2425 3329 2622
3102 769 3349 1622
607 531 1676 2430
2346 1681 2915 3751
414 2755 3337 3207
1549 298 1563 3976
728 525 3708 757
1994 1011 2024 2340
2878 458 2942 1864
769 2435 2087 3717
37 1730 1824 1900
422 1740 2297 3675
456 403 3238 2726
1442 783 1668 3411
282 1182 3572 3772
1252 938 3091 2025
400 1601 2100 2353
1302 667 3034 3751
223 195 1001 1588
1750 873 3639 1903
439 503 773 1648
1475 804 1525 1029
1694 1885 3987 2414
1113 3191 2626 3720
1125 1049 2877 1833
1647 127 2417 3653
735 1672 3921 2272
2284 1014 2438 3273
280 125 3151 1788
449 3759 1689 3796
1142 26 2668 959
494 834 1892 2046
2284 1352 3137 1765
2197 3002 2601 3013
1259 1251 2085 3958
2294 1225 3633 3378
373 1537 3052 3575
122 53 3460 2612
91 1479 884 3266
1704 2562 3125 2604
1562 2475 3391 3203
1825 85 1889 3478
871 490 1591 1329
3724 1690 3971 3079
1461 341 3746 3324
703 2753 3834 3107
1371 1018 3459 3346
521 804 3356 2372
342 341 1906 2664
771 2856 2734 3469
3035 1107 3824 2247
1807 1841 2454 2425
1384 3599 3911 3972
2048 1089 3074 3370
1870 1034 2145 1363
1120 868 3921 1644
1537 825 1839 3877
1597 1979 3055 3613
292 902 379 3433
130 2215 137 3711
1685 913 2511 2677
630 689 3556 3577
735 107 1021 406
566 3431 2209 3633
2114 962 3926 2751
1107 1603 3285 3444
1249 479 1292 2618
1898 362 2861 3648
2492 6 3241 1090
11 2015 3766 2288
1217 272 3365 806
685 894 1207 3744
1019 2465 3846 3733
2176 558 3939 1906
2147 1584 2461 2301
3181 3047 3195 3459
93 465 3972 3407
1607 1635 3287 2889
2561 96 3697 212
426 1297 3473 3353
940 3196 2068 3956
1744 50 3797 2664
1760 847 2849 3490
1167 827 2186 3607
883 2660 3720 2996
611 31 1226 3588
250 2047 3545 3344
794 397 2396 930
1168 485 3918 2338
3065 761 3882 3901
487 1769 2274 2601
1391 888 3205 2347
2312 2180 3893 3357
1370 2346 2871 2769
2523 2484 3745 2687
3014 2907 3080 3090
3726 1725 3780 3309
2677 3383 3312 3645
2840 3100 3547 3612
546 1751 2276 2599
498 312 1015 1963
3267 959 3767 2805
1495 2189 3339 3955
1877 2447 3483 2926
1893 2528 2509 2805
3281 912 3471 1911
1420 1109 3039 2167
1096 137 3424 2725
3463 866 3781 2859
984 927 3199 1140
744 148 3823 1068
1594 3299 2609 3561
3080 1003 3092 3359
988 653 3400 1929
1160 663 3406 3040
513 1946 1689 3358
2613 2897 3305 3267
268 1721 2905 3476
2106 552 2583 3510
1095 2155 1455 3150
913 1020 3555 2249
2676 421 2852 3150
2280 1112 3353 3758
1611 431 2546 1049
158 2867 1598 3334
2025 1290 3185 2690
3671 775 3696 1786
3642 494 3976 1133
789 2829 1393 3665
1245 992 3619 2568
376 381 3134 856
733 165 3808 2641
2491 349 3953 666
216 2618 2527 2859
2182 1965 3786 2272
717 258 3434 3806
439 2397 3489 2571
1047 2128 1766 2386
57 527 1132 1286
2404 653 3517 3462
1518 1106 1949 3631
2369 852 3370 3790
1611 3111 2443 3518
1395 242 3632 1358
2441 154 3181 694
1415 434 3959 1226
39 367 2089 1320
1610 272 2440 2005
1678 1411 1711 2780
761 1316 1552 3748
2787 1981 2817 3071
3665 2128 3821 3855
694 1244 3741 3564
865 2330 2374 3593
776 1696 1137 3350
2769 55 3281 3374
1655 1328 2386 1771
359 1262 3163 3841
265 2391 1210 2722
2484 1653 3009 2818
2161 290 2755 1953
2774 1688 3633 2208
2134 127 3879 2916
251 42 1600 271
932 2457 2099 3285
158 1623 630 1968
1332 2577 3081 3627
3280 1550 3489 3260
2978 231 3375 3716
406 715 1368 1527
2177 954 3141 2211
2580 1266 2782 2057
1433 167 2610 626
44 450 2514 1943
803 132 3586 2355
198 1939 3294 2475
244 462 2995 1908
740 813 2336 2676
683 315 3727 2469
3009 398 3503 3586
159 1465 1017 3144
722 1644 2078 3255
3641 1293 3959 1974
1679 2171 1708 3403
1526 928 2998 1355
104 1596 1162 2486
2318 1672 3864 2893
1863 632 3953 1016
816 629 3085 2119
113 1326 124 2128
1548 124 3480 3482
158 3581 1712 3970
2909 2604 3706 3622
395 613 2650 3725
2996 70 3589 2898
1054 116 2365 3856
2107 1743 2689 3014
1159 290 3613 3635
1235 631 2539 2817
2057 1810 2951 2493
3052 1162 3137 1408
2871 637 3474 2974
2552 1929 3410 2462
352 357 1333 1949
3704 2261 3780 3591
1523 1045 1877 2378
3479 293 3913 375
1400 3254 3653 3714
807 2192 1331 3553
92 2039 3550 3216
2273 223 3778 3069
1625 2490 1984 2512
265 2661 3646 3159
17 2456 1105 2814
442 337 3419 460
3449 2022 3991 3876
1144 627 3324 1853
107 1418 2287 2019
1260 3389 3330 3710
1782 2289 3490 2644
2265 874 2675 3246
1087 2189 1174 3688
2297 1608 2506 2377
435 1525 1236 3589
1024 3537 3440 3967
520 1236 3318 1731
1846 495 3745 2403
512 458 3070 798
256 2263 476 3527
209 54 635 512
1081 3501 1877 3580
1617 2456 2186 3299
162 1941 1552 3452
2089 2206 3061 2777
1316 1397 1807 2305
2914 984 3382 2989
2019 388 2678 3318
429 136 1717 919
2529 2183 3225 3149
1817 2381 2472 2484
2632 741 3022 2201
926 48 3337 1755
999 2140 1657 3980
990 962 1323 3344
2564 2953 2849 3260
