4000 4000 4000
861 1316 3327 2152
911 1275 2075 3734
2233 955 2466 3583
877 1832 3859 1904
731 2413 1122 2697
675 884 1990 3528
1315 1625 1993 2166
147 1216 3929 1874
72 1042 2904 1680
733 303 1359 1406
634 685 2625 2350
2815 567 3189 1372
601 726 3192 2465
478 2383 3534 2646
1495 256 1576 1652
374 459 3707 784
2804 466 2918 1251
1058 646 2348 971
1642 1556 3351 2424
356 1361 1919 2191
2898 742 3759 2588
2162 31 2936 3313
590 110 3638 3331
2579 1593 3301 3012
1543 328 3332 1423
1992 35 2702 1611
304 2117 2528 3823
1942 132 2506 2416
1480 2689 1809 3583
2955 79 2982 547
880 460 3565 3916
2911 1325 3400 2408
1497 1 1661 3869
51 437 2852 609
2483 165 3806 1950
647 454 3092 3176
991 1887 3724 2510
2058 74 2601 2936
675 1021 1346 1954
1134 2083 3035 3699
1109 2986 1429 3713
1212 888 1263 2952
2848 1841 3603 2560
1704 2595 2729 2868
1173 3394 3758 3516
52 1283 405 3875
820 3271 1738 3624
1865 622 3755 1523
1682 1953 1781 3874
542 17 1203 3874
567 1455 1776 2453
194 288 1622 338
1985 1948 2040 3847
1802 2305 3482 3920
1336 1130 2259 2354
1064 1299 2244 2679
1304 1015 3292 1207
3010 1858 3271 3096
825 2497 2349 2795
1451 1535 3417 3961
1868 875 2456 3863
401 627 2385 3222
1066 964 2363 1918
1698 1746 3913 3269
1514 606 1692 3441
2134 3094 3285 3455
1509 450 3913 3152
2999 402 3597 3359
223 2394 3273 2486
1266 811 2133 2986
2933 1002 3342 1590
1073 3371 1824 3458
2557 259 3399 1033
2237 818 3389 2283
3717 882 3765 2673
3036 1257 3283 3506
1309 1749 3128 1977
1290 161 3566 2850
1326 2124 1732 2752
2193 707 2444 991
2245 647 3809 3241
633 3146 2250 3622
3039 2443 3061 3416
1141 1153 3778 2201
1835 643 3313 2860
607 991 2897 3592
2336 235 2631 3698
2107 696 2616 844
297 2470 1166 3044
2162 3205 2584 3741
706 211 3030 1360
837 2053 2792 3390
1776 2792 1850 3259
1435 1955 1862 3436
339 535 2924 2252
2778 569 3381 2694
1395 93 3998 2612
226 675 1516 2420
199 1908 1631 3646
903 555 2159 2484
839 366 964 3051
2648 261 3383 3004
525 143 1994 3064
97 1648 1681 3555
1001 2820 2048 3843
1276 325 2364 2011
1250 339 3252 788
542 1159 3291 3105
2893 52 3420 2411
3172 3109 3364 3910
399 652 3512 2475
1795 843 1976 1336
736 766 1876 2548
374 1599 3074 2591
1217 1582 2444 1702
2211 2089 2621 2150
1927 253 3706 3114
970 653 3789 1433
3030 263 3138 1506
1776 343 2437 1373
3236 1341 3842 3796
632 1689 3064 2093
2214 989 2666 3747
1357 624 2837 2652
1494 1692 3572 2337
1252 82 1947 837
889 531 2392 870
1258 1051 3186 1854
182 1192 440 1372
23 603 2127 2114
1857 108 2224 2578
605 2454 2747 3374
96 226 3905 3651
58 1782 2079 3930
620 1608 3717 1855
149 2135 631 2371
2313 3122 3171 3168
2676 1274 3361 1457
3042 121 3657 3578
2421 1404 3806 2168
3 927 1067 1467
865 1280 3269 1782
782 2622 3307 3655
910 1590 3506 3754
1075 1324 2915 2640
2515 786 3633 3248
2517 418 3355 826
1801 2279 3299 2949
2062 133 3779 3893
2199 1094 3968 3793
1863 545 3669 2677
2152 892 3356 3223
2887 597 3679 2250
2465 1706 2484 2326
2881 2786 3963 3466
1077 516 2876 1627
602 1152 2620 2846
2137 1332 3898 3620
3055 1273 3277 3416
2332 1446 3893 3620
982 1761 3459 2415
692 2121 1162 3171
841 2633 3430 3075
1161 2305 1213 3008
655 323 1037 3063
2399 1177 3835 1502
412 1721 1006 3027
347 1481 3559 2599
3020 2735 3997 3713
2358 1118 3326 2708
1161 3277 2235 3660
1168 815 2417 3264
724 1101 3984 1660
174 207 2871 1716
2683 465 2930 3745
34 43 2834 2751
1182 2832 2187 3244
2034 586 2905 1808
1950 41 3842 3367
1026 1116 3538 2327
1823 758 2858 1986
125 1419 1753 1509
2972 921 3569 3653
1176 925 3036 1261
1127 680 3858 1701
3583 1808 3831 2945
1654 2916 2312 3832
1893 1607 3529 2648
507 334 3737 2811
2106 24 2123 2218
681 453 1881 3591
2624 1731 3087 3614
1116 1955 1739 3610
967 264 1276 1952
696 1217 1370 2789
178 708 1768 3634
1047 1978 3780 3696
45 348 1116 3071
210 286 2377 3901
350 1127 2834 1969
1445 889 3655 1790
2396 102 2588 1252
2386 151 3550 1532
1345 809 1900 3348
3163 1667 3553 3320
97 979 3205 2354
1904 196 3704 3636
585 128 1580 2073
302 1016 3990 3477
470 891 1297 1225
7 3045 171 3726
2161 3186 2380 3635
1136 169 3534 2120
129 1563 191 2885
769 354 3001 2739
231 183 1914 2263
1254 1328 2535 3735
425 1924 1573 2030
1120 1193 3096 2850
58 1031 539 1831
1308 440 2556 1330
265 1478 363 1832
2751 102 3169 825
2721 2728 3723 3233
1082 933 2261 1195
187 16 1408 2801
2096 2970 2156 3672
351 616 627 2660
1650 232 2862 3503
1552 2507 1863 3509
104 214 464 2625
2651 734 3900 921
182 1481 740 3321
487 1406 1839 2907
2644 67 3276 1061
1300 2278 3148 3122
227 317 2103 815
2821 3633 3599 3961
1492 164 2310 1345
258 1523 3740 1644
3117 1184 3310 2521
130 1321 2717 3331
1789 2289 3278 2687
838 1846 3541 2243
825 473 2433 2692
726 514 1196 2055
572 792 711 3928
1603 179 3159 383
3639 2368 3705 3165
2402 1098 3361 1169
1281 302 1491 1567
148 2156 1429 2464
1264 576 3269 1308
762 1493 1176 1630
2163 2187 2542 2205
1272 2141 3645 3980
131 80 3227 3877
135 1509 502 2773
2125 323 3673 1022
524 665 700 1054
680 136 924 1863
1136 741 3336 2850
491 594 1721 3019
1122 2139 3527 2247
164 2431 1858 3572
67 699 1438 1515
141 1307 2177 3505
871 793 3050 2480
703 2670 3912 3804
370 20 3507 2413
35 675 462 1690
1619 1800 1659 2107
2989 1002 3909 1292
2448 1923 2726 3418
96 1749 3534 3423
3575 2440 3606 3021
1664 446 3212 1086
1406 14 1450 578
172 3188 3510 3598
2228 236 2891 727
2716 2688 2813 2859
3165 522 3907 2444
116 467 3679 3302
447 2666 481 3353
725 398 3800 2136
779 1328 2427 3897
1704 311 3360 1800
626 865 2191 2477
871 408 2190 853
3470 613 3836 3120
1113 2002 3537 3048
1986 55 3799 3984
1852 3551 3582 3699
1322 945 3561 3567
554 2627 2262 2854
592 443 1248 727
1039 2989 3728 3988
2338 354 3029 2678
2895 1952 3846 3209
940 37 3965 1215
1844 1738 2427 3206
1567 690 1902 3466
1412 2188 3407 3752
2848 527 3860 620
549 2659 757 2926
53 2256 3668 3318
1804 387 2923 3663
1298 1466 2853 3620
214 1104 2366 1678
2920 409 3237 2081
1873 522 2737 1621
382 1098 719 1331
34 1550 1852 2921
728 127 3471 3378
666 2894 3182 3147
2276 1504 3020 2677
1840 3096 2176 3963
2497 102 3554 2635
1428 374 2697 2071
3230 2844 3261 3905
1200 49 1819 570
667 886 2054 1612
1373 978 2912 3878
643 2180 670 3023
1119 153 3369 3125
707 68 876 3554
889 1108 3679 2545
1133 1669 1562 2706
1718 306 3863 1171
2454 1465 3756 3515
798 348 1988 3976
292 3266 3897 3807
3557 2421 3705 3943
363 112 3283 1707
1157 2278 3212 3470
1209 453 1646 1741
2073 3357 2491 3406
2040 126 2265 3041
1159 1424 2040 3528
391 1005 2903 3779
279 1855 2939 3272
1335 1415 3550 2517
71 2439 2020 3533
31 292 2890 2615
954 2465 1675 3686
2289 1987 3524 2197
1012 270 3868 273
676 999 1602 1650
71 1202 2031 1922
324 2670 3598 3205
1700 44 3787 197
1042 60 2367 3061
3 2663 1110 3733
1147 458 2863 1240
239 1688 3440 1855
600 497 1220 750
1361 2507 1708 3877
1011 1676 2383 3735
745 2407 3480 3720
653 1659 2718 2485
264 2564 2349 2674
60 314 402 2586
19 1754 3563 3127
3081 493 3391 3842
1357 744 1539 3869
2818 1850 3108 3027
540 57 3366 1770
1943 2492 2965 3701
1146 1017 3128 2138
2404 2690 3432 3861
1314 1515 3885 2358
780 2273 2468 2644
1723 3834 2252 3942
2072 1122 2090 1940
2790 2203 3912 2706
446 2168 1608 2313
1292 3628 2894 3841
1254 746 3683 2896
3440 3179 3752 3513
2578 1515 3578 2184
1612 640 2236 2520
843 1298 2696 3155
2519 2099 3823 3346
1053 206 2469 1441
1579 685 3372 3990
2983 453 3034 2827
2231 1451 2288 3696
142 530 3731 539
1000 1823 1299 3111
1885 2747 3642 3434
379 1688 2529 2555
2367 365 3652 3455
2388 2132 3234 3732
3093 1102 3813 3425
728 463 2154 1211
315 2640 557 3524
1845 429 2594 2173
183 1216 575 1996
109 778 3986 2850
927 1575 1691 1968
546 324 2532 1839
809 804 3108 1002
61 1113 3093 3672
1277 462 2910 754
1045 2907 3348 3553
1304 2460 3380 3940
3226 1024 3645 1410
2646 1712 3590 2564
2351 697 2718 3631
679 2188 1684 3695
1181 171 3748 1563
111 578 3963 3811
196 2336 1354 3547
1435 3020 2236 3124
512 819 2740 3954
1794 366 3184 1629
1101 1350 1854 2662
71 1505 1855 3764
1678 121 3533 846
2346 423 2803 1924
1914 701 2351 2527
631 2597 736 3633
1543 1350 1796 2037
1111 476 1194 3618
3150 1929 3946 2419
2184 1238 3910 3831
105 3345 1463 3790
1412 1945 2346 3246
106 2513 2490 3209
828 820 899 2911
267 3714 668 3740
1446 623 2543 2560
2556 977 3747 1718
1408 2127 2961 2544
2087 2495 3971 3405
980 1440 3535 3026
2110 390 2156 1091
2085 876 2185 1823
1551 2473 3130 3174
621 415 1417 783
3128 2764 3543 2792
79 1638 163 3715
3259 1400 3960 3054
3345 2137 3992 3645
425 3453 2452 3635
2053 3546 2896 3635
2483 2707 2594 3314
435 333 2819 826
1405 186 3115 332
1929 3628 2377 3828
64 2565 1168 3653
2867 1214 3287 3409
1015 1137 1200 2404
321 1563 608 3034
1385 2784 2139 3359
2082 2424 3083 3540
1196 326 3924 2705
1127 855 2656 3668
1764 210 2055 3959
2727 3291 3877 3739
359 2224 2334 3086
2855 2608 2970 3369
1637 2517 3493 3082
2450 1586 2599 3825
853 1424 3801 2932
1171 3051 2779 3300
997 331 1404 1730
49 2343 3595 3989
720 2318 3111 3216
1593 911 3145 1694
1608 2648 2954 3377
500 838 3877 3538
331 868 1022 2518
1064 1290 2697 1951
320 345 1406 387
1994 2603 3500 2724
868 1794 3389 2799
65 2314 2644 2832
1536 1892 3733 2903
2255 905 2928 3691
781 3015 3377 3731
894 3519 1183 3953
924 3847 3754 3958
2418 2050 3503 3238
1094 387 1774 1455
5 3186 3686 3785
1969 378 2189 2275
448 2836 2006 3780
266 119 2009 943
2293 355 3071 1051
1634 2854 1944 2984
2182 390 2391 2402
1940 517 2130 3692
790 2070 3932 2521
895 1091 3961 1531
3431 1459 3889 1651
3323 2048 3376 3880
2895 1153 3733 3148
2883 715 3391 1807
142 3269 3381 3579
678 2594 2774 3297
2134 184 3953 650
414 1737 678 3775
3636 2119 3697 3290
3282 128 3781 2876
1537 1754 2923 2485
1324 745 1707 3279
1320 221 3644 2142
1222 2021 3184 3225
569 252 2470 3694
1474 3325 1958 3523
1037 2490 3685 2998
3160 442 3200 1856
2331 1246 2995 1649
1638 130 1783 569
1060 2834 1906 3450
1021 1333 3214 3345
82 652 1232 1457
374 1831 774 3519
644 1576 3489 2686
3030 2959 3529 3545
1083 997 2939 3277
173 671 3516 3833
1014 83 2281 3039
412 1652 3006 1955
2819 859 3203 863
3350 1407 3797 3204
3742 58 3988 3371
1392 1103 2445 1835
988 1006 3412 1942
730 115 2064 794
1592 1102 2922 2695
2482 503 2797 1147
3280 914 3614 1026
2687 302 2760 3350
2678 786 2871 3875
2262 1223 2864 2730
2976 93 3030 2836
211 288 248 617
2063 2785 3021 3435
569 288 2553 1120
2178 1314 3427 3847
1768 1269 2100 1949
380 2016 1224 3578
238 1112 974 2367
414 1278 3723 3026
2571 1101 2688 1623
485 108 2258 3742
1288 722 2416 3295
1612 2264 3926 3089
137 497 3938 2732
1547 818 3360 2385
937 2859 1760 3767
367 368 2866 1196
1426 2164 3091 3457
3218 653 3283 3729
1065 1796 3010 3035
193 991 3413 2199
252 256 2531 2579
95 2493 2676 3607
207 988 1189 2902
711 1967 3200 3932
1986 1137 3039 2363
124 853 642 2514
1954 1591 2062 3337
83 441 2617 2416
195 690 2224 3420
2523 1822 2652 2461
2135 2126 2594 3838
1024 1031 3739 3605
1266 3068 2264 3156
3167 2917 3746 3986
3040 2163 3245 2587
2245 485 2804 3848
733 1729 3093 3651
2738 3348 3670 3714
1203 195 1331 305
59 1819 459 3904
854 1912 3720 2810
1116 2854 1196 3891
3200 661 3770 2928
186 356 1167 1733
3198 2832 3496 2973
806 367 2876 3437
550 651 3599 2865
2372 548 2638 2408
259 2288 1535 2935
162 1143 937 2819
774 2205 1139 3622
3073 53 3097 1699
1891 912 3127 1839
292 776 2998 2644
149 415 1173 3073
291 919 1865 3773
744 414 1739 786
331 3046 375 3330
2459 2836 3228 3917
3349 284 3409 1640
1703 981 3000 2335
2518 3245 3995 3610
79 1423 2029 3281
112 1725 3465 3795
560 3052 1168 3139
17 3534 3951 3661
493 186 1577 2687
1036 1045 2358 1410
1606 2398 3659 2669
3207 29 3733 3112
441 1491 856 1750
186 3743 307 3963
2615 2364 3309 3996
347 1159 2448 3423
1849 2462 2189 2956
2213 250 2913 3406
965 703 2187 3715
1212 1540 3551 2404
1859 1369 3201 3602
1316 2366 1360 3047
1030 1330 2726 2673
1778 3289 2370 3697
2332 2615 3457 2760
135 127 1549 3037
1572 208 1967 1208
1514 1795 3442 2420
1144 1797 1252 2024
2820 1263 3556 1466
1326 1314 3659 1759
174 1168 1855 2311
171 3103 1848 3628
2086 1705 3001 2368
2378 653 3803 3397
2721 158 3392 2426
2521 3293 3236 3332
1624 2442 2770 3769
1055 1929 3453 2152
1107 1515 2682 3731
707 1784 3413 3118
597 900 3080 1729
258 2012 2694 2782
76 265 2588 3527
2515 986 2529 3020
983 1660 1722 2283
270 2374 1542 3085
801 860 1604 2791
354 2804 1731 3190
2797 3150 3511 3599
1739 1089 2623 3303
713 1770 2277 3247
1736 569 3031 870
2523 1293 2835 1824
2477 1869 2899 1912
1581 748 1673 3346
152 2466 3485 3652
1957 192 2467 356
615 1470 1733 3576
2786 1493 3558 3590
1124 871 3987 2166
495 741 3078 3268
1541 2319 2532 3922
1141 512 1171 1059
521 2686 2949 2969
2528 1989 3651 3047
431 1318 2718 2181
1344 168 2808 3672
1784 1441 3975 2219
1456 564 3780 2571
228 1438 2490 3150
22 743 1693 1168
1081 2626 2437 3121
211 544 3377 2002
1514 1507 3184 3811
163 982 1024 1219
1771 3335 2973 3823
864 907 1197 3045
3339 1115 3605 3116
1384 1007 1452 2411
1367 767 3020 1609
1040 72 1742 3593
2838 1541 2883 2071
1184 803 2434 3341
2336 726 3783 956
1079 1149 1857 3804
1467 2983 2245 3027
965 494 1118 1905
35 1150 1304 2904
60 112 1108 3247
1370 3187 2716 3575
2553 482 3683 1605
2198 2957 3566 3730
439 3043 1640 3180
1554 54 1863 1556
474 341 2079 3727
1855 2104 2456 2448
342 2191 2750 2988
1072 1096 3300 3476
197 3736 3403 3880
2367 1136 2388 2901
723 1522 3389 3771
2031 2694 3447 3597
2981 2295 3524 3528
89 2468 364 3996
1619 2857 3848 3146
51 529 2611 1384
1978 1349 3440 1445
224 596 3447 1487
568 1838 1536 2892
1341 717 3517 3715
1766 368 2873 3814
1985 1408 3866 1585
432 189 3179 859
2611 1235 2643 2231
702 1358 1481 2812
916 58 1383 3393
983 1509 1601 1521
1023 2691 2928 3272
1843 2074 3222 3167
1240 2551 1894 3085
422 1659 623 3755
2538 703 3276 3616
2989 1237 3225 3810
2885 2846 3620 3163
3425 1276 3832 2103
820 803 1925 3985
415 522 2067 660
734 3 2656 3386
1036 504 1575 2079
905 680 911 2888
1068 281 1208 2122
2 3621 135 3941
192 422 1067 3229
937 1346 974 3447
3239 3308 3851 3823
2389 168 3686 1099
495 3052 1751 3966
17 50 2911 3224
977 2553 1918 2562
1681 1665 3754 3612
1238 245 3540 1763
295 3292 2994 3527
2259 741 2884 2656
1171 2162 3126 2945
327 1848 1916 3202
1134 663 3075 1238
1501 1535 1553 3988
2812 1073 3824 2103
531 2402 1262 3566
1644 708 3232 1906
1240 2288 2435 2692
750 58 3305 3294
1636 376 3668 2006
2132 3524 2786 3648
1972 679 3642 1648
63 1534 2609 2746
2970 126 3234 2403
662 1823 3912 2249
115 1180 2982 1551
962 3039 2387 3556
2707 983 3278 3670
1744 2484 3191 3887
181 1305 1392 3529
2132 939 2834 1388
837 1019 3080 3078
100 854 614 2213
119 467 3966 2220
376 2568 2217 2865
12 1259 3861 2913
111 3551 1753 3668
641 407 2228 3725
1245 481 1542 2770
2740 1179 3973 2971
746 3625 1853 3801
1259 409 3450 1714
1482 597 3695 2827
169 1610 269 1660
1753 516 2034 2638
296 187 2294 1834
694 510 3620 3255
299 436 325 2262
1613 184 2391 1864
821 1282 1584 2547
579 171 3888 3877
774 261 2366 2303
1806 1686 3959 2060
373 347 1264 1879
1789 51 1868 2141
74 1800 109 2096
1863 1735 3736 3044
849 393 3279 3295
3099 2081 3109 3757
492 615 2110 2707
1748 2607 1864 3764
1043 2797 2455 3382
919 3069 2050 3421
1476 2047 1616 3362
381 336 2296 1077
7 2077 1661 3747
179 12 2130 3642
3829 441 3972 2476
1136 509 2061 1603
1889 1720 2932 2160
2831 1353 3477 2956
2877 1084 3611 3890
725 53 1540 2892
88 1452 1830 3335
693 32 1681 818
1844 734 3324 1558
853 1716 2728 1936
800 1359 2272 2456
2770 1739 3348 3843
189 1200 2100 2235
2504 1923 2863 2377
867 442 2270 1712
2216 860 2327 3988
1127 34 3440 137
199 1135 315 2663
1413 1225 3639 1859
2115 2682 3073 2885
2614 1046 2679 3758
2539 661 3579 3444
1461 1492 3654 3495
1512 642 2947 1800
566 2998 2476 3628
1476 320 3215 1886
3471 219 3994 498
1057 1543 2089 3892
633 3642 695 3679
1105 1766 3263 2494
126 5 2619 3503
1664 304 2264 3989
635 200 869 242
501 1652 2666 2032
1524 81 2954 3456
117 632 2662 2422
575 1696 981 2718
2564 1311 2825 2583
657 1534 1629 3609
2765 643 3907 1806
2484 481 3069 869
2952 2158 3291 2689
2803 1369 3324 2658
1087 1152 2421 3774
1683 2077 1862 3982
1279 1696 2530 3038
1581 1237 3402 2954
820 3138 2689 3245
1418 192 2252 832
1031 2588 1727 3715
713 2355 1989 2784
240 564 1479 2263
1092 79 3677 3692
2317 407 3152 1109
2061 831 3668 956
2852 2955 3613 3339
273 897 1813 3055
3151 2568 3930 3947
2572 2163 3392 2585
2878 614 3110 2646
2331 533 3504 3383
716 873 867 2272
581 20 3227 2300
2418 701 3385 1228
1878 144 2574 1535
1512 1405 3992 3795
935 114 2724 867
2357 616 3855 3538
316 2402 333 3345
1032 1808 1323 2739
2088 1290 3963 1964
1261 881 1296 2246
1326 1270 3049 2515
931 433 1118 1583
682 210 2927 1354
642 297 2630 472
2564 1913 2822 2743
1506 2576 3977 3098
840 3529 3897 3725
2980 22 3889 2181
799 124 3682 1363
883 234 3019 1169
689 2451 744 3695
2354 688 3654 1652
1843 1199 2260 2567
1249 915 2466 1489
725 291 973 2669
1414 14 2291 2561
26 270 2478 3457
509 455 850 2170
1306 164 3840 3167
661 1273 3396 1601
1567 1425 1954 1932
608 232 2708 2267
2391 752 2766 2899
231 2854 1316 3162
2341 1163 3627 3741
398 331 1350 3246
622 1559 2375 2959
958 1587 1668 2513
1320 1176 3266 1312
92 2339 171 3562
1065 1123 2786 3753
1075 390 3044 1338
1299 2905 1588 2991
1641 3158 3242 3997
1328 2348 1673 3206
1805 324 3598 2608
1590 1287 3410 2367
162 1706 3410 2033
1458 450 2392 3458
797 336 983 3972
1448 1827 1550 1943
824 1668 3481 2649
3013 520 3422 3922
2699 432 3451 1000
2767 1373 3831 2328
1675 831 2326 2235
763 435 1891 2285
1822 660 2214 1410
146 3137 3260 3877
226 332 3997 2147
2470 1642 2573 1796
1724 334 3731 3549
2271 809 3090 2855
3253 1001 3502 1748
3092 2395 3241 2924
606 2994 3254 3379
720 1141 1823 1274
1461 21 3627 3364
2898 279 3754 834
2117 1072 2332 3081
113 1427 3211 3726
2151 1250 2987 1678
1247 331 3074 3559
723 2350 3426 2546
1381 489 2552 1405
3374 78 3673 155
1386 699 3277 1377
731 512 3418 1811
2616 1907 2680 2206
183 2065 3651 2886
2737 2218 3952 3212
1252 2166 1712 3528
953 2724 2634 2907
764 2453 2114 2926
1290 2520 1471 2571
352 771 1600 1278
3009 772 3694 3163
1405 1415 2441 3213
753 1127 2877 1186
574 49 577 398
1777 1701 2291 3777
470 279 3234 3347
992 2845 3081 3286
879 326 3451 2322
938 3167 3409 3886
2939 252 3807 2423
517 119 1853 2935
944 494 1548 3958
1516 1102 3381 3820
1322 14 2563 1097
2070 775 3666 2994
1007 2938 2976 3322
1936 2057 2395 3351
522 729 2274 3896
2857 2632 3244 3752
3259 348 3388 2431
2197 1558 2373 3347
3666 210 3780 3257
940 2309 2694 2647
362 838 2390 949
180 1367 1698 2814
788 1733 2239 2154
2357 2094 3257 2151
3122 2016 3461 2620
2038 340 2787 2395
615 1440 3368 2628
425 2199 1990 3280
1241 3109 3577 3924
323 2394 585 3139
762 984 2156 1772
1599 2107 2698 3810
1537 845 3726 1226
960 2452 1804 2817
2495 1819 3519 3360
2609 1883 3850 3673
1758 204 2654 2903
742 2124 2777 3492
173 789 1958 1916
628 1911 3853 3881
3182 1372 3718 3878
989 601 2048 2931
1444 1696 2785 3365
889 1366 2695 3670
1996 128 2962 505
2753 204 3699 1199
1821 2776 3845 3187
2657 955 3227 3132
68 467 600 3276
983 708 2727 2520
2264 1900 2662 2558
2120 216 2788 1008
1135 1861 3350 2104
394 1108 1628 2151
1590 2994 2136 3768
2755 1692 2997 3358
447 1904 3297 2507
1358 603 3439 695
765 1709 3854 3799
2239 818 3823 1584
1103 1758 3032 1967
325 1096 2153 3065
941 1704 3487 3352
1490 2019 3460 3999
221 54 448 2553
486 1601 1461 3300
2399 2808 3601 3792
160 3253 2757 3585
1620 1426 3561 2838
1691 3572 2873 3722
279 1473 3340 1730
2899 2264 3979 3392
1537 1283 2881 2949
591 18 3852 2959
1548 337 1754 3318
1306 8 3321 3625
714 817 3720 3455
1345 953 3944 1247
2127 2249 2529 2576
218 1454 2664 3152
2726 1746 3096 3098
2879 1898 3596 2569
94 405 2036 620
768 1907 3322 2668
1336 317 1465 3386
1874 2141 2394 3081
1133 160 3646 1018
2517 183 3491 1477
1362 2228 3036 2391
3588 2188 3712 2343
278 1767 2085 3663
1894 1553 2144 2177
1983 1984 3869 2771
1068 1735 1810 1750
350 1077 2235 2181
2844 2858 3114 3301
1238 1323 3387 1792
1043 865 3547 2484
3458 1433 3806 3027
1643 2822 3476 3518
909 2185 2913 3934
19 2631 3198 3206
1539 212 2996 320
1555 1302 2913 2009
1540 1700 3658 2811
2052 1304 2096 2774
1200 66 3512 3616
1088 831 1924 3220
1413 2619 1692 3676
2376 94 2894 128
1010 1307 3815 1989
530 2430 3601 3328
66 307 3226 3990
1364 56 3167 1058
1008 565 1716 2185
2309 2065 3298 2460
968 517 1790 3391
2637 1237 2710 2711
276 2455 1514 2503
101 100 1128 3165
2203 305 2639 1652
1402 1977 3863 3971
1107 1095 1866 2279
512 1973 3249 3981
1971 614 2714 1999
338 1449 1640 1600
54 389 312 1210
715 2361 1510 2889
340 787 2808 1718
1612 1436 3925 3538
1536 2298 2913 3858
418 391 2525 3340
1778 497 3617 1234
760 2262 1563 3476
945 113 1054 729
2617 21 3760 253
2105 1687 2739 2216
585 1151 3324 3438
2303 152 3213 384
3362 2307 3680 3526
2174 1642 2831 3275
3355 2168 3405 3454
672 2622 1169 3879
753 1591 3723 2315
1306 518 2555 3467
2346 1330 2381 1925
2175 386 2624 2811
1509 185 3555 2709
63 2513 3965 3192
3 202 987 296
3283 258 3967 3293
1830 3126 2709 3938
207 1276 1297 3184
1504 1288 3399 3867
572 824 2241 3640
510 1555 577 2729
2581 294 2607 1242
216 1205 356 3528
2896 202 3807 1001
2003 1803 3091 2736
439 2362 1685 3603
2055 1725 3159 2896
2157 1127 2245 3956
1535 2850 2098 3827
714 1846 2638 2647
2884 1237 3425 1238
726 214 3718 2498
1179 112 2268 3977
556 1094 3922 1807
1299 1858 3881 2322
2572 994 3899 3647
623 523 1972 1574
584 1919 3003 3279
1216 1869 3386 3804
2753 1396 3103 3190
653 827 1776 3679
138 1009 3188 1615
598 1821 3522 2191
510 2557 897 3733
723 2248 2164 3582
1035 1177 2696 2763
3446 976 3561 1565
989 446 1226 3092
2051 1078 2313 2808
1047 676 3425 966
1098 2795 3699 3658
324 635 3770 822
660 830 3532 1256
644 2130 2196 3822
368 3076 3808 3612
216 3559 1930 3965
2799 682 2874 2822
251 796 3450 2717
1050 488 3633 2991
3402 557 3450 2496
1386 1790 3224 3082
746 3088 3528 3408
1147 605 3024 3997
1382 2408 2026 2642
945 17 3733 618
1734 2621 2037 3879
2059 431 3784 3808
68 1386 241 3523
2526 825 3084 2997
1250 568 3356 2932
2970 865 3498 1722
1125 318 1560 3878
237 495 3275 880
1674 1424 1700 3410
2427 656 3320 2334
2110 2751 3000 3169
2698 1875 3225 2795
1008 879 2249 3613
229 885 1870 2582
320 1006 1848 2061
1261 21 2161 494
1781 1977 1843 3765
1306 126 2611 3596
800 1435 3773 3042
1080 3544 3788 3725
690 1916 1378 2309
2852 592 3960 3988
1592 813 3826 3084
1224 1988 1508 3069
401 2172 662 2862
754 969 2096 3359
484 3073 2794 3845
1943 3049 2209 3328
2451 1193 2467 1460
2544 2344 3639 3798
2215 404 3521 2358
2639 1269 3285 3555
37 1677 3045 2478
1341 1904 1551 3721
1855 648 2629 1959
336 2746 3022 3797
203 2619 2200 2661
3425 688 3443 1763
668 1746 848 3125
994 1361 3723 1517
2658 1406 3565 3862
1123 527 2933 2239
165 2505 3910 3178
201 762 2334 2588
2726 2432 3157 2448
252 572 3077 1343
315 1534 371 1664
781 3811 2246 3989
2847 1496 2963 2993
1368 1075 1890 2166
2053 1133 2687 1474
1511 128 3298 1912
64 1603 3234 2354
1213 1045 1908 3944
2569 1134 3956 2579
947 1319 2800 3275
3033 1423 3420 1533
1468 1522 3373 3657
2413 2506 3693 2723
1334 983 2250 1482
1070 2285 2662 3372
854 893 1312 3320
525 355 1670 620
545 2443 2881 2573
1942 1595 3319 2633
3011 2006 3596 3656
1538 1688 1820 1994
2291 1029 2800 3116
1017 1121 2283 3927
1677 300 3859 427
166 34 271 787
773 623 1004 1845
1924 2947 3764 3750
709 975 3733 3061
328 23 2734 1232
2548 100 3993 1739
532 2116 653 2136
1688 1062 3093 1127
1191 3818 3918 3846
457 1069 3024 3306
234 1251 738 1693
585 3032 2929 3670
197 225 1659 418
471 495 1817 1514
1813 364 2806 517
152 172 1255 372
2386 1088 3650 3009
1690 2828 3394 3161
385 683 2450 1986
380 503 3664 2662
1365 2640 3094 2760
2172 2209 3379 2534
42 701 3587 2018
2382 1766 3826 3003
199 1991 3373 1998
2465 1950 3840 2932
702 2953 3421 3106
2413 1370 2808 1951
1529 2448 1551 3010
776 39 3992 193
271 176 3978 2363
2555 2085 3787 3839
3857 1594 3890 2125
3256 3541 3737 3880
1505 1845 2478 3840
1274 1739 3637 2943
3007 3123 3921 3262
1876 1898 2343 2304
2863 1723 3174 2338
1600 175 2106 2261
546 1134 974 3628
420 857 2446 3601
818 1043 862 1947
716 1027 2613 3287
223 3340 1648 3940
1802 440 3809 3858
1735 1300 2870 1937
1171 1840 2076 3987
227 23 3757 3933
363 1852 2111 2663
3302 786 3975 1140
2554 1751 3789 2738
400 1234 3392 3448
143 374 3726 566
1716 305 3383 1265
1190 1862 2997 3207
66 1512 3186 1894
1963 1192 2050 3466
1210 3100 2521 3239
1421 159 2566 265
3102 3233 3888 3409
1302 801 3425 3458
474 1427 2400 3931
2353 2076 3791 3298
329 394 2150 1074
300 1217 491 1968
1159 1906 1769 2970
364 929 3120 3379
1920 286 2318 3071
1652 385 2088 3932
2407 1831 3342 3598
883 761 2763 1626
3516 1266 3528 1592
773 1142 1599 2449
1221 581 2177 2461
222 1974 1388 3863
2453 834 2757 953
1268 711 2629 3103
1078 565 1089 668
939 843 2914 1571
732 2132 1153 2154
7 1191 209 2017
95 1800 2714 2724
555 1698 935 3561
1503 2851 1875 3068
499 1164 519 1435
197 216 874 1598
352 265 2663 2792
1672 3114 3030 3150
295 437 2012 2941
458 1379 1813 2535
1828 1703 2402 3633
1423 2523 3808 3554
508 844 2913 3413
28 1356 2881 2991
778 2247 1554 3868
1330 189 1758 2006
976 1369 1799 2217
1201 3424 1952 3691
2608 820 2746 1697
1164 1179 3714 3154
2536 1483 3885 1637
200 1781 688 2306
2703 1175 3716 3322
592 120 691 3284
1456 2932 1600 3265
1749 280 3094 2854
1774 1890 3098 2262
575 1873 2776 2992
774 2035 2521 2887
2350 852 2623 1355
2220 1591 2330 3042
335 1074 529 1264
1490 1939 3732 2216
3100 71 3202 2691
845 211 2161 1690
1572 77 3099 1398
1750 496 3980 1650
442 132 1384 2989
2655 203 3703 682
764 2327 3330 3230
763 3149 2702 3714
1164 2859 1754 3266
3242 611 3897 2830
420 1379 1690 1926
1903 1090 1918 3136
1215 991 3504 3640
55 3395 3909 3535
1091 3438 3515 3458
704 491 3152 2277
1236 2241 3583 2522
500 3179 2377 3802
2886 962 3413 1742
2603 821 2918 2823
2001 1388 2312 3645
1726 1505 2231 1533
34 1168 3876 3813
988 94 1387 1939
998 1390 3990 2368
97 304 953 2801
2692 1408 3119 3894
805 1911 885 2771
130 1753 2648 2559
391 1421 2262 2094
923 3040 2019 3703
365 2181 1485 2993
1063 858 3791 3326
836 333 3177 3538
384 1208 1105 1812
798 1762 1629 2119
2197 878 3048 911
1611 1082 2361 3291
440 2422 3265 3228
2041 98 3199 1098
2 2016 2919 2619
822 1619 1579 2945
1553 1456 3045 2058
671 758 2316 1162
1126 718 2843 3311
2788 2162 3984 2839
472 615 3827 3381
1832 593 2563 1326
1840 2614 3411 3638
2450 2949 2935 3807
927 1814 2912 1841
3317 2501 3610 3691
22 765 1656 955
3269 288 3701 2024
111 600 958 2591
2866 601 3279 3257
717 1448 2782 2246
1034 1306 1270 2210
1216 366 3407 452
1283 922 3946 1836
1214 3282 3948 3869
296 766 585 2725
1733 1308 1852 3465
441 62 2788 3325
342 1189 2360 2569
2642 2362 3954 2691
15 461 2450 3087
576 671 1777 1410
971 815 3617 1431
950 1962 3666 2465
341 3101 583 3110
70 1366 2470 3594
1031 2377 1423 2459
526 1321 2316 3113
3092 2146 3484 2706
1520 663 1611 2561
568 243 1088 573
1773 2864 3764 3492
170 1977 2917 3821
3773 718 3895 3801
1085 1469 3729 1714
1382 1811 3589 3004
2135 454 2143 2210
1485 773 2335 2415
109 1232 3252 2736
1187 2698 2568 3226
2077 244 3479 1459
1253 221 2236 3483
1789 1996 1866 3159
105 1515 1096 1625
479 11 759 1022
454 451 3215 1677
1727 19 1876 3065
1813 254 2670 1999
920 441 1679 2201
622 2319 1160 2627
1500 907 2713 3917
2987 1267 3802 3020
70 2113 3686 3223
1317 329 3463 3564
412 1615 2911 1660
641 973 2161 2919
2 382 1240 2524
5 539 1942 3128
94 2569 1912 3435
1675 977 2059 2436
1286 420 1539 1477
267 1441 2504 2692
1952 2770 2802 2943
531 147 2371 790
2016 623 2887 2649
1065 1628 3025 2186
1319 297 2616 1474
142 2448 2951 3771
2230 559 3665 3664
2449 427 3842 989
855 153 1071 3287
1228 1736 2413 2081
1020 306 1044 3752
607 930 1735 1336
2557 660 2891 1995
246 200 2619 749
1822 2160 2899 3528
728 397 2557 1869
1506 2226 3870 2316
3055 755 3400 2411
1178 2090 2905 2625
153 536 2622 981
1536 2218 3705 2554
281 1187 2789 2208
354 2364 3793 3079
2415 3149 3657 3751
477 2188 843 2545
74 829 3584 1341
1011 493 3644 2849
614 199 3601 725
1607 1605 2883 3986
1982 390 2006 654
1519 1636 3559 3164
778 3867 1821 3995
1080 2756 3090 3693
59 1939 3440 3931
1508 2287 1994 3889
1303 863 3887 2548
556 1377 3181 3847
1429 64 2682 1809
2446 1815 3999 2120
1422 265 3064 342
2886 2101 2918 3165
945 28 1841 534
2355 1008 3844 2498
409 747 2331 3161
1330 303 3523 319
2021 3131 3223 3570
963 555 1710 1884
257 2340 881 2780
402 186 480 397
831 981 3418 3637
1857 207 2998 3083
2146 381 3462 1715
151 2282 2444 3532
3703 2077 3900 2451
2454 261 3458 730
216 1012 920 1561
1664 208 1708 734
972 15 3659 3182
2571 1571 3930 3704
2451 1395 3892 1852
38 805 2923 2458
789 122 2414 1632
316 2305 2013 2921
945 187 1765 1125
1755 144 3968 2976
983 3340 1047 3835
1958 613 2116 865
673 2363 2531 2970
1147 3058 1855 3941
1200 1439 2430 3404
1897 3390 3761 3471
2169 2025 2549 3862
1243 1349 2111 2115
675 941 1210 2555
1116 2766 1204 3303
1449 3018 1507 3494
1309 2498 2075 3470
1126 1019 3711 2344
1290 475 1536 577
2438 2007 3090 2070
109 684 3909 3980
157 860 3529 3821
3217 896 3330 1203
1588 2544 2145 3935
1427 3562 1945 3600
3206 1158 3897 3712
1144 2145 1662 3230
2042 257 3603 1365
1576 2830 3839 3418
26 199 2062 2743
1319 103 2092 2116
484 896 3575 1405
2371 731 2656 869
158 736 893 1172
150 1957 2922 3041
1137 1824 2601 3159
117 259 900 3341
496 1545 2238 2405
2232 1319 2469 2013
2448 1761 2530 1889
1114 1900 3650 2315
1289 156 2246 2634
1841 2778 1995 3673
51 2122 3834 2668
489 869 998 2479
2991 2821 3008 3313
905 1877 3347 3816
1045 972 2881 3887
1440 1712 3079 3821
1714 124 2700 205
2877 1511 3365 3943
1467 34 2023 2443
3014 345 3995 1433
52 548 3688 3311
121 1652 830 3033
1641 899 2356 2762
952 653 2161 1345
504 1869 924 2093
2968 208 3533 1022
2389 2281 2959 3222
1767 334 3563 3789
445 1226 3190 1696
285 1412 982 2648
289 1576 1378 1967
2581 3668 3771 3782
2344 576 3489 3078
897 473 2279 1787
2126 705 3982 946
502 1082 1156 1383
3511 300 3553 2286
753 1199 2844 2507
1679 1113 2020 2184
629 2013 2152 2466
2444 780 3529 2543
716 848 3866 1198
71 683 2074 1066
1597 3709 1882 3929
588 1014 3597 1915
909 2285 2117 2938
1155 2392 1945 3531
2757 849 2816 3593
727 3144 2033 3249
836 667 2165 3210
893 3207 3127 3959
760 1234 1659 2484
685 1779 3262 3776
1515 127 2791 865
181 1412 1555 1684
575 2829 2367 3371
792 323 1964 389
661 1660 3175 2444
365 3368 2793 3775
3601 1713 3879 3625
2328 3004 3040 3611
1650 341 2722 1235
1754 2210 2469 3275
1868 844 2195 3632
1264 1661 1469 3909
2417 2409 2538 3733
837 2911 3498 3048
1561 2693 3334 3997
33 2477 867 2883
1151 518 3646 2143
1488 2074 3330 2136
1530 419 3126 1316
771 2934 1712 3871
1515 178 2745 2098
755 1391 1654 3039
2255 611 3072 3122
2030 2151 3174 2765
89 1880 1274 3142
3053 120 3373 2705
3177 562 3542 1737
2207 181 2788 2758
673 1794 2381 2893
637 150 1389 962
1014 579 2486 3665
267 2486 3444 3912
1808 1909 1837 2439
1395 243 3227 3119
599 2195 1104 2819
333 555 3935 1209
1092 744 2151 2003
1514 2889 3078 3450
652 2226 667 2714
1219 68 3724 3327
1356 1214 2402 3439
525 385 1481 1953
51 1253 3497 2272
438 1577 641 3469
1431 1405 3604 2772
1083 511 2094 571
310 2455 3681 3841
2786 2440 3612 3710
1077 2877 2193 3837
3650 2843 3836 3767
899 39 3006 515
400 535 1920 2216
132 150 1014 1633
1295 530 2922 1362
2077 504 3531 1545
3182 2913 3424 3205
1449 556 3001 1659
108 608 373 3321
420 706 2634 3650
2180 2519 3087 3882
1206 644 2254 3667
2540 1319 2576 2604
969 1144 1457 1814
1082 2814 2517 3036
318 318 2195 2860
1676 1140 3604 1469
437 255 908 637
2431 330 2445 938
1215 2487 1387 2712
476 367 1835 478
2383 1394 3678 1696
697 2372 2517 3763
3078 2917 3762 3825
1055 1361 3780 1806
1546 1633 1839 2366
1181 863 2396 2407
1443 571 1645 3595
183 1041 207 2774
2726 992 2926 3690
194 1459 2630 1459
707 3119 1029 3652
1394 1481 2366 2279
2983 653 3038 2860
3082 557 3396 3967
408 775 526 1941
1894 1208 2103 2319
1166 931 1242 2577
2325 1005 3721 2714
1548 659 3100 2988
152 1942 162 2899
1132 2026 1622 2545
227 2045 476 2334
1051 2093 3165 3565
29 2984 720 3130
3196 1563 3796 3055
1105 1745 2237 2611
185 145 3300 3854
417 896 2634 1064
858 502 2398 2027
3450 2119 3974 2162
1348 187 2590 2114
2104 42 3735 3317
1587 1574 1630 1757
1281 2301 1813 3505
3428 1947 3505 2955
728 1761 3585 2634
183 742 3061 1026
1435 2109 2118 2431
404 1179 3008 1924
1182 1456 3220 2785
744 1258 3914 3563
954 1174 3442 3044
114 3431 3119 3766
242 1764 1563 3781
2226 2560 2492 2957
1845 639 3323 2915
2006 1087 2869 2503
1473 1440 2093 3232
2330 1629 2522 3743
1543 48 2840 3491
1708 1538 3919 2055
2340 579 3053 584
7 1113 2996 3775
32 2006 3696 3233
1360 1910 2351 3812
1456 302 3283 832
1296 1626 2745 2808
292 715 3014 3904
165 1402 3850 3621
2334 808 3900 1666
1567 1391 3622 2416
2730 1050 3064 3206
1537 814 3658 909
1348 235 2185 980
1501 1533 2565 3038
1251 530 1416 785
1200 3627 2376 3936
805 999 960 3933
664 3419 1303 3995
290 1554 3356 2909
444 847 2055 3746
720 2366 3881 3727
1066 514 3676 1678
1782 453 3415 3352
348 1500 1987 2855
1202 341 2374 2529
1007 240 3027 2123
289 1203 2402 1784
194 1656 2159 3505
703 2119 2159 3901
1797 1603 3631 3288
3129 140 3814 2831
231 2001 1999 3264
491 1185 1305 2355
1656 2451 3602 2463
2096 1335 2333 3249
337 1190 768 2984
135 2598 2763 3516
1363 2931 1967 3272
506 1850 2256 3762
569 2432 595 3422
3597 312 3992 598
2346 1356 3838 2214
834 2152 1302 3015
2766 3086 3542 3352
425 444 3274 818
2047 2169 3254 3610
4 498 3812 1225
882 720 2796 3758
2104 310 2556 3946
1336 2340 3345 2955
1349 3759 2051 3769
1504 1705 2387 2662
2359 2905 2726 3589
2510 2890 3631 3359
1455 2275 3175 3338
773 167 2570 1746
1213 1118 1809 2225
2002 2585 2328 3579
3 1664 2778 2614
127 2002 1483 3185
904 129 1075 1260
334 657 2522 1581
1151 2600 1826 2750
1955 3540 2324 3967
2083 841 3877 2304
267 1224 3763 3787
2340 1644 3738 1893
1129 1180 1660 3563
508 215 3975 3740
1675 1670 2979 3729
1180 246 1985 1868
1908 3796 2904 3883
2771 1424 2983 2294
408 164 2760 1056
1401 586 1564 2485
1441 794 1869 2163
766 1593 3780 3420
1234 2827 2744 3406
2963 724 3245 1216
2972 1445 3542 2263
1005 1038 2076 1552
1766 1761 2044 3929
402 54 1386 1221
501 250 966 2474
1037 2034 1446 3012
1042 381 1820 1528
2326 3232 2456 3330
562 3217 3153 3502
1124 1976 3713 2174
108 968 1498 1197
3492 1726 3764 2063
3227 1592 3845 3324
424 3428 1124 3783
780 832 1606 3679
705 900 3318 1015
1302 2057 3924 2537
2841 498 3336 3515
735 2380 1495 3559
1787 1279 3649 3034
2517 1279 3762 1693
277 1716 1019 3523
222 2103 2571 2894
529 186 2070 2039
3213 741 3747 3777
1763 3251 2445 3442
3499 1658 3685 3668
254 589 785 655
3375 1614 3734 2236
1023 877 2872 2044
68 1044 3070 2276
871 1328 1270 3279
2203 493 2640 3975
346 3407 349 3640
1628 1033 3053 1257
1162 353 2008 1718
3442 2226 3662 3590
2004 981 3159 2922
1161 3029 1556 3472
892 902 1184 1559
906 2474 3599 2873
929 2488 1907 3102
1819 899 2837 1074
1155 177 3588 3226
1423 26 3261 1586
389 118 3825 3663
1482 1173 2837 2080
1596 1465 3332 3995
467 3553 3246 3555
225 26 2717 3569
1073 2973 2451 3933
537 1499 540 3231
1618 1049 3015 2933
654 359 786 3756
1411 412 1461 884
7 646 524 3715
1811 457 3488 1800
2288 139 3700 3782
1369 1187 2676 2429
635 445 3059 696
544 2299 768 2347
2745 555 3364 2921
190 2190 976 2519
1254 530 2098 3278
382 1399 3275 2809
849 2009 3173 3982
788 1434 1148 3182
515 2411 1879 2475
300 1044 655 3239
3426 178 3704 637
1371 1317 3670 3765
1019 1460 3860 3188
534 408 976 2085
1199 407 2671 645
2517 1947 3592 2550
1146 511 2198 759
622 2184 3152 2277
455 1070 1121 2788
560 392 2242 3892
1207 1476 3191 2442
841 2040 3894 2395
1489 79 2178 2940
1402 1685 2877 1895
58 1463 2336 2168
2691 1982 2831 2156
136 937 1201 2491
1237 1003 1867 3240
1373 1606 1612 2315
201 943 1572 3685
213 2802 3940 3874
630 2146 2514 3766
124 1474 892 2347
1800 842 3722 1763
49 286 1287 1998
1466 103 3632 3358
1917 3498 2639 3716
826 92 1928 1478
1284 2741 1983 3384
2613 1020 3810 1462
160 215 2700 3197
1295 1314 3121 3657
421 26 1859 3558
1051 899 1273 2969
1525 2917 2446 3722
511 1003 2395 3798
2885 1650 3692 3533
899 1889 2883 3453
1301 2080 1690 2156
2643 1254 3580 1332
1143 985 1823 1733
2643 1926 3559 3888
1695 677 2760 3128
1593 232 1939 1074
17 750 891 2589
91 63 701 3503
1535 1506 1735 3118
1197 2472 3350 3183
294 451 1263 1367
1433 1197 2024 2726
3326 1728 3754 3542
3118 972 3480 2133
485 2825 2516 3105
1091 1636 1207 2244
829 2863 3848 3416
2760 2152 2926 2284
1267 2498 1498 3691
2018 1888 3762 2114
1004 1257 1303 3380
876 875 2191 1767
2549 2345 3556 3128
1528 436 2492 577
2847 1412 2986 3274
2579 318 3902 3989
1692 825 2173 2855
194 1708 2941 2273
260 2864 343 3260
1043 125 1591 2228
1728 195 3443 626
1257 365 3393 2783
2899 1316 3300 1624
2449 2997 3670 3079
1178 30 2667 629
2342 2004 2815 2898
321 2631 508 2981
1728 604 1778 3725
2657 1325 3676 1445
354 1190 442 2167
1243 1721 2760 2476
520 1149 1491 3679
1597 159 2513 1974
292 1422 2880 3277
98 3060 3690 3434
2755 315 3800 1866
1470 438 3278 2572
2211 625 2966 2917
1764 2198 2789 3961
501 228 2626 2410
3041 679 3655 2939
2214 1561 2815 1830
804 1177 1494 3603
1010 769 2619 3713
2064 2009 2703 2453
702 2388 2721 3149
1526 987 2338 3324
476 1082 3227 3230
941 3394 2611 3598
3208 2757 3539 2961
1655 3 3209 1379
284 3173 1803 3318
904 84 2223 1073
393 1451 3988 2487
375 484 1084 1200
326 311 1078 1319
101 866 2958 1576
81 2976 2005 3003
1448 41 1957 2559
158 364 3278 2830
3214 403 3444 1147
1947 2547 3406 3882
566 858 785 2489
1042 443 1423 3038
1180 3366 3985 3979
1930 1323 2897 3133
525 2985 822 3249
1065 1275 3218 3426
87 1274 2430 3347
979 1094 1709 2511
2678 351 3297 864
505 1149 1771 2834
1560 1349 1653 1523
1733 15 1807 1611
11 578 2856 3854
395 400 3652 965
2133 1668 2374 1787
968 533 2939 1464
1038 928 1939 1659
3097 128 3833 323
1891 207 3751 2824
3269 2156 3471 3355
299 2959 3027 3905
1646 1622 3225 3523
529 1308 1170 3665
1785 107 2881 3399
15 325 3538 1660
351 1762 3272 3238
1187 2943 2266 3069
3590 642 3648 3244
2644 703 3495 774
323 230 2402 2795
2430 1913 3883 2319
1655 135 2888 3617
2217 2829 2524 2978
406 930 985 3716
641 1176 2362 2789
2740 1444 2803 2379
730 1398 3521 3028
2654 1153 3280 3330
1647 408 2959 1831
1198 1423 3453 2185
258 673 842 3080
2537 250 3933 3699
535 2026 3246 2290
2119 2718 2596 3205
589 1115 3600 1716
18 3437 1235 3613
603 150 1351 2668
2618 1296 3548 3186
1250 1786 1324 2917
393 1364 1457 3931
1102 3098 3118 3218
3091 335 3235 1932
179 291 2786 3922
2440 1056 3120 3840
662 3047 3763 3496
366 2642 3478 2753
2528 2467 3203 3131
3374 1935 3614 3227
2549 429 3667 1322
2377 121 3748 3503
3074 2150 3272 3002
1338 2882 1693 3977
1617 763 2319 1594
3196 909 3666 1061
930 382 3848 2732
512 1390 1183 1654
1116 1534 3779 2398
63 1550 1953 3195
1016 1269 3085 2315
1063 670 3504 3134
442 1217 3065 1624
1089 3082 3367 3508
727 9 3559 666
1841 464 2433 1800
2040 930 2929 1988
1143 1013 2953 3056
1238 2431 1517 3367
929 1383 2872 3818
2431 112 2649 586
547 2061 988 2328
8 475 2249 1025
727 254 1322 2049
309 82 3200 2151
481 12 957 3577
1612 2701 1709 3597
3356 685 3836 3271
348 836 2627 2456
859 565 1990 3617
156 783 338 3408
2608 1784 2707 2753
683 56 3025 1609
1236 803 3538 2028
583 1951 2224 2389
2162 1806 3046 1883
387 766 1294 979
821 3067 1303 3281
2717 1066 3474 1874
1669 1443 3655 3872
444 858 3157 1722
702 94 882 3366
849 2270 3652 3447
1249 260 1904 3336
837 54 1860 313
868 1737 2090 2287
5 1468 3682 2944
3487 2589 3873 3253
1997 1277 3420 2466
803 3310 3784 3541
933 1331 1236 1818
55 1381 3303 1410
439 20 477 414
1106 480 2366 2568
312 1530 3107 1602
593 1657 3228 3085
219 125 2404 3090
1924 444 2252 638
2329 2719 2430 3716
3372 1523 3658 2558
704 2034 3489 3732
2976 2563 3195 2694
505 3014 3504 3114
1201 1663 1833 2948
2635 1055 3255 1882
1102 2611 2241 2871
656 2180 750 3696
23 1385 837 2217
2603 1375 3092 3233
659 1626 2306 3746
2683 2459 2928 2493
1071 1993 2683 2225
1539 629 2576 2257
2094 1118 3480 1126
1424 2952 3366 3554
70 3738 3379 3854
1765 1324 2689 3520
2531 2081 3347 2323
202 2947 1191 3686
811 2419 857 2837
1605 453 2429 2001
2845 526 3712 3621
449 1958 1586 2320
139 647 1050 1563
195 1982 2599 3916
68 1162 899 2268
1321 182 3380 814
433 1925 2012 3176
736 1178 794 1834
498 1133 2669 1713
2499 1412 3751 3649
506 374 1360 3867
975 68 2504 1104
721 217 2415 2413
2501 1989 3160 3633
3196 1562 3795 3695
1028 1881 1870 3987
1901 440 3803 3765
1358 999 3693 2716
698 443 2619 3470
2976 2581 3516 3211
2180 410 3236 3694
732 2646 2798 3498
2521 989 3651 1276
1144 583 3241 1194
481 1669 2688 1879
3055 2341 3633 2507
1167 964 2565 3187
1478 2982 2635 3106
2877 1633 3828 3092
32 1534 3951 2099
933 1788 1812 3983
733 98 2172 3320
813 993 857 1814
1556 2503 2679 3106
2194 228 3260 1569
2052 1942 3997 2548
552 1644 1902 3926
998 2355 2492 3523
747 46 2752 3570
333 2413 1542 2948
1062 273 1779 3020
3076 2767 3992 3635
1168 2173 2595 2567
438 458 1788 3395
2064 217 3842 2105
253 1908 3078 3216
394 2020 1090 3981
1784 1470 3665 2869
143 1585 1723 2540
362 703 918 1648
974 2375 3192 3179
645 2287 3855 2346
2275 1830 3264 2596
2083 754 2860 1495
1604 86 3669 1523
53 651 922 1706
386 787 2287 863
3011 385 3978 3707
1187 2128 2290 3516
2524 2987 3720 3388
482 2091 2409 2627
1659 1097 2615 3379
1097 138 2677 562
70 2374 605 3802
789 2069 3655 2215
1248 2191 2367 3593
321 673 1219 3660
1943 382 3646 1976
3173 2596 3730 3500
154 615 2909 826
1924 2348 3779 3192
2752 775 3627 3566
2654 1200 3122 1385
638 961 3204 3709
1316 175 1856 1828
398 2906 3638 3836
2517 2393 3835 3699
2545 174 3870 1912
128 488 1356 3622
1080 517 2347 3225
1956 698 1985 1664
897 331 1691 994
58 1074 487 2422
765 115 1040 3165
2822 2320 3722 2436
885 2066 3873 2808
51 1594 2887 3295
600 287 1781 1268
757 1812 3058 3037
1145 2015 1935 3474
129 1041 1259 1174
1048 476 2919 2986
1815 981 2837 2185
1374 1439 1828 2695
1688 2544 2875 3738
135 723 808 1734
1818 863 3601 3744
645 1102 2439 2751
754 1938 1820 2522
1491 557 3529 3310
1256 1092 1290 3584
378 2895 3799 3767
1056 554 1945 1096
304 504 2069 1335
710 89 3954 1896
1556 3153 2750 3430
1676 628 3932 2248
610 251 2878 3101
807 1951 2244 2324
2542 2691 2943 3071
2646 403 2993 1057
647 213 1638 985
1569 2442 2912 3387
950 508 3630 3798
2341 386 3368 957
2285 192 3855 2933
106 1724 2473 3401
1573 2449 3287 3929
496 940 2214 3735
291 1602 3518 3289
2597 1773 3542 3798
812 395 1553 1337
1130 191 2491 3495
638 751 2593 1292
849 630 2282 1383
935 1664 1714 3851
347 358 1687 1888
601 1472 2783 1636
784 482 2061 2269
1648 2678 2877 3577
864 1410 3232 2917
1157 2270 2851 3112
3431 146 3906 3048
446 1628 2357 2360
834 2609 1468 3619
1330 1790 3505 2974
55 1732 1966 2468
1460 2421 2275 3664
3006 192 3406 353
1203 270 1528 1448
342 2816 3330 3749
11 403 136 1437
1850 1437 2114 2772
1338 647 1746 2909
1179 2971 3633 3915
191 1923 815 3946
2663 766 3832 1936
677 2397 3403 3386
1387 597 1447 2124
835 754 1801 1614
3450 473 3717 3890
1648 788 1889 1393
2912 327 3094 3855
2634 320 2840 2195
1295 2046 3657 2982
1220 2998 1595 3977
1768 331 3599 3776
340 3032 2967 3342
260 1680 1251 2455
1401 67 2133 2640
1168 666 3426 832
2266 2139 3819 3747
2218 1660 3682 2574
3454 1942 3466 3108
1226 845 1432 1168
232 743 2704 2955
184 691 3660 2485
335 1494 967 2464
1464 3627 3231 3752
1517 1405 2000 3925
2973 741 3872 1051
1023 844 3717 1629
659 1465 3920 2532
99 3043 518 3973
984 1319 2450 3456
555 466 1630 2772
1378 429 2200 2495
1789 691 3662 2778
720 1267 2219 3492
1528 31 3425 3156
1395 346 3367 1891
1750 2559 2220 2712
181 1865 2668 3485
407 2721 3876 3767
1642 3669 2264 3795
218 1497 550 3718
1706 1347 2317 1889
1971 72 2963 2054
4 931 2959 3422
910 276 3670 3888
758 2439 1970 2632
202 26 1681 896
1082 2737 2831 3299
2731 1150 2852 2325
1620 1295 2539 2618
3611 363 3960 3302
2368 2432 2447 3269
1499 2871 2749 3220
2141 112 3494 1837
493 1304 2953 1456
587 1273 1407 1847
341 160 3674 1973
396 962 3001 3602
291 1215 2974 3801
713 1573 2447 2543
1980 950 3428 2982
675 509 2714 3652
3473 2146 3787 3163
1592 216 2790 1825
857 2323 1228 3844
1965 996 2168 3513
2856 2944 3786 3938
1606 2262 2661 2409
2175 450 2228 3001
821 763 3947 811
1405 3174 2714 3392
455 863 1409 2216
326 989 2505 3495
3303 1434 3747 3850
1406 536 2061 1543
749 1650 3533 3684
993 2312 3559 3911
3315 1589 3364 1613
2573 739 3341 3164
224 342 1514 1409
630 3733 1995 3780
3671 2288 3695 3591
2681 503 3217 3900
950 224 3496 2193
304 1152 3163 2379
16 1774 1682 3746
2438 3202 2708 3424
1558 1342 2324 2453
3106 1144 3375 3020
2236 734 3716 1450
2873 148 3865 2588
2647 3453 3350 3828
1488 529 2547 2903
1250 2806 3142 3289
352 2380 3010 3052
2435 2152 2938 3410
2780 202 2838 1363
612 1210 2125 1563
1806 1845 2312 2355
2835 3096 3274 3418
721 1588 3008 2165
459 326 3572 1979
2028 72 2219 923
1233 379 2744 1361
607 1518 3746 3295
1517 1595 2331 1939
721 1548 2693 3496
1818 743 3113 3692
1846 2045 2438 2176
918 1348 937 2369
3310 190 3410 1277
22 196 385 1242
2898 104 3768 2526
1003 536 2180 2289
416 1756 1581 3390
2263 1420 3986 1588
10 1328 3756 2359
331 2155 2674 2311
1895 2111 3621 3198
1063 1279 1783 1942
35 2434 1532 3835
1490 1771 3042 2831
2189 1447 3116 1794
1187 726 3567 3407
1271 64 2439 2639
78 649 313 774
601 3531 3350 3748
1359 785 3835 3409
1842 23 2836 1434
1914 2892 2028 3112
1912 2211 3771 3147
754 1389 868 3369
2200 1025 2200 3730
3620 1068 3996 2632
494 921 3635 1154
2702 1596 2780 3935
1593 3 3079 982
167 2510 3642 3842
870 1936 3903 2207
1618 567 3717 2278
3334 1289 3412 1495
1214 622 1823 2988
1084 744 3126 3780
910 711 3184 1840
767 496 1033 2911
591 1165 3328 3470
2947 485 3073 1075
3576 2601 3768 3909
459 627 3394 2294
919 2386 3153 3246
830 441 2099 2098
346 3368 2778 3482
1634 2878 3503 3449
2796 906 3313 3146
1055 1219 3733 3127
535 2554 1743 3234
2147 814 3047 2258
1606 2511 2144 2973
1094 729 1814 3114
2289 1930 3642 3877
2480 1760 2666 3503
1254 22 3187 1845
2936 1854 3246 2652
490 466 1496 1152
315 2683 1275 3077
1410 1270 2204 3665
761 2429 1154 3806
1822 674 3073 2138
2023 69 3091 2880
1923 1630 2894 2949
2085 2382 2312 3778
2303 3076 3493 3244
436 92 2348 1921
1074 1795 1517 3302
73 277 3005 464
1776 1561 2819 2311
532 1804 2608 2251
1460 2177 2258 3977
1156 318 2893 810
1899 644 2829 2993
43 824 3227 3257
978 2660 2132 3484
155 195 406 1994
2576 230 2633 268
334 1804 1784 3991
891 3332 1128 3479
1655 2186 2373 3599
207 950 1004 2696
1887 708 3654 1713
2335 447 3740 2459
2138 233 2392 1864
1601 861 2344 2332
1636 424 1751 3259
1334 2985 3958 3049
1022 57 3231 1616
960 91 1576 673
164 1089 1780 2344
2824 2255 3924 3789
1335 1312 3052 1550
1453 1275 3735 1638
2825 2581 3346 3029
100 1273 2310 3589
498 706 3182 1029
1853 178 3430 1982
439 3413 1843 3822
257 108 750 3733
871 398 2121 3478
1548 2457 2938 3434
129 2799 171 3530
2566 1532 2593 2972
3187 2879 3606 3039
2305 1877 3828 3094
1644 1687 3974 2664
1957 550 3348 2836
1594 788 3336 1024
2644 1128 3578 2016
762 1059 3482 1300
2076 980 2884 2414
2841 2282 3225 2603
234 952 493 3663
1040 777 3382 1033
206 364 608 3602
950 738 2779 3518
1968 749 2395 3605
801 2654 1445 3455
411 657 1816 3993
1719 1691 3637 3107
580 160 2298 551
124 111 1004 3117
606 1238 2810 3937
2680 2070 3507 2252
1017 247 3858 2569
1224 1011 3679 2800
2102 2214 2282 2374
792 857 2063 3466
1447 552 2589 2482
2311 1669 3228 2028
654 974 2626 2148
2524 1652 3248 1792
1597 2827 3433 3597
2920 181 3755 1020
1381 938 2593 1656
1072 1285 2932 1362
1111 3409 1355 3593
1792 1507 2292 2525
326 399 356 2848
1483 3693 3735 3929
334 406 3850 3373
398 562 2720 3324
173 1450 2724 1805
1437 282 3153 1521
1875 1821 3748 3932
3067 3097 3893 3660
3205 617 3284 2171
1094 826 1291 1399
2441 1077 3650 1268
1628 1931 3828 2973
2161 871 2716 1576
776 1591 1768 3626
3279 1356 3401 1490
1717 2792 3245 3541
920 392 1572 2363
3082 626 3204 3807
1534 1276 3181 2509
326 567 3828 3504
1122 964 3247 3157
2708 33 3076 1494
1674 1136 3416 2017
1551 594 1975 2979
3733 950 3893 2615
391 938 1175 1019
1406 775 2768 2849
1627 2399 2022 2512
2288 2096 2442 3389
1623 176 1995 3901
3044 1169 3050 1950
1282 24 2778 2008
735 2998 2323 3089
166 2459 3678 3241
330 1108 3258 1992
1033 2790 1312 2996
248 1213 2065 2304
1677 2575 3110 3231
1689 1498 3594 2955
2230 311 3224 3462
1167 2234 3115 3677
2167 983 3725 3777
1991 1588 2806 3944
3120 2815 3589 3134
298 3272 1889 3455
1037 1417 3908 3661
321 313 2741 1562
2851 1693 3224 2593
1518 1939 2947 3694
820 3082 2584 3846
1024 563 1438 922
417 1562 693 2344
3572 1130 3676 3455
2869 1342 3224 1890
3109 355 3850 3349
434 676 872 2314
1444 2518 3441 3842
38 2231 218 3340
990 2554 2446 3238
276 2075 3807 3175
1149 29 2310 53
2644 2424 3420 2789
618 1007 632 2073
544 1167 3581 2308
1965 984 2961 2526
759 232 1663 3155
844 2072 3131 3193
1799 450 2771 920
2229 745 2596 2279
365 1538 2989 3844
2113 289 2785 3066
2265 385 3094 1930
1918 1176 2359 2044
50 2153 3254 3594
1981 1182 3498 3312
1463 2918 3574 3656
1225 3489 2231 3820
86 526 3315 2765
884 825 1228 1541
1272 76 1836 3920
1790 857 3213 2829
3027 662 3828 1227
2430 1596 3418 1992
491 1273 3646 1379
763 1785 1253 3103
259 2241 3649 3496
600 617 648 637
1229 1835 3100 2297
2756 1513 2946 1662
2631 3099 2818 3609
1262 797 3939 1441
639 2889 2446 3630
852 82 3044 2735
525 159 2087 310
1684 2746 2744 3108
145 1139 1584 1370
2293 2220 2771 3513
1161 2148 1814 3987
1358 232 1931 2343
3134 2076 3222 3222
107 1304 2952 3052
174 1156 2628 3739
2349 1324 2418 1499
2903 2593 3045 3001
322 973 1826 2736
618 3575 2435 3692
1902 181 1964 1527
446 1429 3601 1773
913 2239 922 2949
1960 3204 2863 3928
1041 1223 3913 1738
423 618 2549 2035
1634 1830 1950 1933
2184 514 2687 3385
1148 1901 1962 2011
2707 1481 3157 2700
2377 2951 3423 3139
1529 80 1543 2350
3030 3240 3203 3902
1334 103 2599 3653
264 541 3961 1703
1913 51 2138 1617
205 373 3543 2487
130 2086 687 2996
1109 2057 3014 3995
357 3466 1605 3509
2807 56 3729 3750
3558 1216 3769 3805
629 1696 2577 2265
2600 789 3395 1457
539 962 1560 2004
202 2454 2206 3665
163 2060 521 2905
554 433 2311 2695
860 708 2936 2780
1255 1842 2028 3890
127 297 2127 1359
201 2945 3844 3235
3729 667 3836 2127
1264 814 2015 2424
2302 589 3755 2116
2459 385 3937 2424
716 640 1843 1168
414 1991 1553 3259
49 2511 2230 3780
2110 813 3016 2354
1353 1273 1386 1546
3126 3126 3200 3947
1771 993 2642 2865
1151 232 1597 481
2575 1764 3576 2573
295 677 1911 1357
1771 1037 1894 3721
2496 943 3385 2698
300 1700 3835 3903
511 1459 3614 2390
1162 330 3407 1755
233 78 1695 2527
2296 350 3030 1645
3519 966 3675 1579
1089 246 3321 3469
2268 1643 3994 3200
357 2460 2754 2493
324 1668 2554 2468
1541 3224 2679 3511
2398 1449 3926 2096
204 1388 1453 3300
2417 2194 2917 2926
1131 82 3895 2735
1149 153 2192 3292
1368 858 2873 1938
76 2500 604 2533
804 479 1461 3554
1452 2049 2209 3123
2009 309 2674 1874
1113 744 2647 1256
675 1609 2375 2655
230 1373 2230 3319
629 33 736 1728
229 579 1289 3174
500 2454 599 3407
2028 2301 3562 3742
1478 1942 2165 3198
1661 3342 3369 3485
927 849 2400 3317
1395 1383 1544 2024
16 590 2014 786
3156 1506 3244 1614
1841 2849 3062 3674
2982 1865 3263 3649
2979 615 3341 2022
29 1419 3116 2095
721 420 2865 936
931 1051 1550 3086
2758 1530 3866 2798
66 406 3239 1851
862 698 3708 3746
1125 6 3722 225
685 1886 3418 1989
3138 1376 3810 1415
667 2777 2029 3387
22 1226 1345 1935
1213 2281 2376 3660
688 664 1650 1474
1213 3242 3135 3245
34 1579 1707 1827
2641 1689 2834 3153
2331 1022 3080 3551
140 19 1485 2485
958 1004 1106 2503
1037 1231 3440 1331
423 1725 3814 2584
3360 3260 3837 3619
625 1051 918 1600
803 854 2537 3609
891 1025 3446 1409
572 281 1341 2641
1235 2236 3414 2461
490 306 1245 1540
1941 209 2554 3872
198 3416 1856 3745
509 2613 1941 3934
1569 2895 1700 3957
1452 2631 3884 3509
2666 566 3129 1381
490 183 1971 1005
2793 2953 3234 3138
2548 1710 3090 3896
1419 2945 1770 3578
1443 887 3631 1629
907 138 1201 185
679 1737 1718 2070
1008 58 1928 3177
1318 1919 3588 2189
1085 3290 2165 3656
2538 3013 3658 3479
265 623 1425 854
756 1194 3549 3857
3119 911 3762 1175
533 3669 1358 3750
363 579 1183 3708
454 257 3086 3531
923 813 2455 2493
234 461 3636 1464
2934 37 3372 1518
1663 350 3856 3441
1112 863 1317 3259
1785 1511 2378 3644
3622 620 3850 1986
1498 1121 2334 1236
1100 772 1880 3999
2310 1819 3973 3061
378 945 3444 2465
3377 233 3535 867
312 2050 2837 3371
927 555 2023 2859
574 2454 1368 2701
56 1241 155 3881
982 1858 3676 2593
2096 2142 2559 2885
987 1356 3125 3283
2469 460 2625 703
3438 3191 3839 3604
2219 1292 3982 2479
758 2607 780 3854
145 1259 3000 2214
1982 2919 2938 3713
3037 3290 3237 3924
903 3626 3211 3722
2528 950 2975 3039
382 892 2603 2082
299 1367 508 2749
2792 750 3426 2945
880 3056 3132 3097
882 1772 3004 3468
1209 2081 1421 2126
835 588 3742 2756
919 306 959 3938
788 1635 3728 4000
2255 1299 3708 1358
1157 2552 2005 3118
1313 428 2716 1840
2141 552 3165 568
719 1104 990 2234
1357 686 2665 3902
2467 1114 3370 2087
829 345 2885 706
23 299 3441 3407
526 410 3932 716
2056 2386 3367 3698
1798 950 2173 2002
1642 2264 3206 3380
1086 1190 1158 2662
2 3415 3114 3544
3256 741 3954 3538
232 3149 3514 3266
484 843 2890 3359
366 1798 2687 2368
1813 1162 3147 3045
844 771 2918 1477
512 1861 3535 2204
213 2092 393 3520
1761 706 2544 2659
3579 1615 3639 2050
1414 2677 3674 3243
142 89 1422 2616
574 429 2423 1692
569 895 3161 1864
970 1285 3685 1474
1619 436 1635 3241
3690 3604 3728 3848
254 1275 3296 2096
220 917 1067 1471
1059 1652 2001 3146
2490 946 3411 3340
697 1944 858 2965
981 362 2241 1111
3244 1379 3262 3960
1086 1251 2089 1818
713 3365 2593 3379
897 666 3021 3017
1325 3419 3745 3933
314 1067 1471 2408
771 1055 3201 2765
1392 97 2347 1517
505 2405 3368 3378
1349 96 1811 1869
2331 2350 2649 2385
2467 1743 3558 3084
2389 1742 2482 2325
882 989 1459 3178
248 1894 1320 3666
744 1481 2069 2084
162 1580 1391 2221
656 357 1548 3771
5 357 3329 2132
1552 1159 1605 1401
1369 1773 3954 2084
2410 810 3124 2595
660 1754 1544 2406
2161 276 2461 1041
840 2323 3179 2346
801 1087 3722 3395
53 2438 3850 2879
1533 1215 2134 1239
1989 1884 3427 2902
683 1316 2925 2501
140 378 1416 3726
2121 440 3794 2751
1976 3368 3569 3749
569 1564 2848 2337
20 794 2124 794
1644 2170 1791 3018
2523 267 2775 3197
811 2121 3376 3631
2740 2445 3287 2565
922 31 1491 1170
1060 3827 2997 3958
523 1101 2018 1599
301 728 382 3456
807 1190 3954 2745
1907 1257 3052 3943
641 1496 3270 3795
1686 1862 3765 3076
159 256 3023 2780
808 2175 3693 3290
3217 2374 3591 3648
714 2094 3022 2798
327 725 1549 3805
1945 2057 2528 2630
343 931 3882 1914
2205 80 2628 264
967 1243 3877 2772
820 13 1708 1357
384 810 2852 3649
1933 1096 2082 2166
3446 902 3548 3241
570 3672 3028 3752
455 23 2335 260
825 1911 3334 3443
517 1627 2095 3718
255 3589 1405 3793
603 1448 1921 1703
926 455 3418 1238
1718 342 3935 1725
1718 736 2908 1028
674 182 3814 1077
1053 100 3778 3753
2775 98 3224 663
604 571 2732 757
503 987 2038 1163
402 311 3578 3725
2426 2209 3245 2230
424 76 3386 3978
2349 3327 2593 3983
323 261 1293 2576
1531 1141 1583 1572
2673 411 3410 1733
1755 1182 2899 3201
1003 2459 3025 2689
3425 1192 3705 1210
248 2727 3395 3354
23 1033 1524 1686
293 2226 1206 3791
587 1250 1160 2789
2135 1929 3982 2063
721 1483 2706 2956
587 262 2270 3665
1583 1629 3505 2192
601 1244 3017 1485
156 1331 3659 3391
848 3382 1338 3426
10 3001 3520 3842
572 2255 1822 3278
1459 1174 2643 2984
757 2729 812 3540
1260 1212 2432 1742
827 467 1196 2017
2463 576 2882 1154
2875 628 3265 3897
285 860 989 3103
434 174 946 1845
303 2127 1130 3313
18 242 1824 871
885 1519 1813 2762
615 2290 2894 2642
1080 83 1175 2378
1076 1632 1420 2447
2273 1201 2977 1887
775 722 3276 2305
128 2819 2953 3299
1013 1881 2042 2307
1587 1900 2450 2153
2376 2874 2975 2919
164 1088 3589 2235
2472 1420 3883 2413
1546 1560 3605 1914
1348 1689 1865 2815
1298 937 3199 3091
1465 3272 1810 3835
84 1903 1530 3882
301 1662 2991 3053
410 2397 1178 3032
210 861 2638 3967
2119 530 2847 1037
178 866 2540 1399
813 615 1281 3697
2706 1218 3356 3677
401 464 2543 3479
842 41 3559 622
755 902 3252 3321
1090 323 3202 1736
2524 2183 2782 2506
1199 473 1653 3962
2881 756 3819 3351
1135 258 1498 1546
835 1831 2185 2137
1974 690 3143 2050
1445 1931 3403 2001
19 443 1762 1971
3121 59 3163 2946
207 1513 1996 2963
432 528 441 2242
871 1450 2981 3602
1393 179 1990 2220
2134 328 3951 3101
1721 2843 2903 3703
1137 386 3382 2025
408 1279 3277 2925
1564 543 1643 2363
1675 256 2793 1879
37 1378 570 3594
1370 3562 2874 3600
77 91 569 3311
1777 1167 3520 3185
549 30 3112 3686
1507 1500 1905 2865
24 1057 2909 1457
1328 3071 2023 3450
1064 516 3030 534
826 2737 1160 3626
273 1091 2757 3509
1338 684 3436 2964
3029 809 3737 1798
1225 1219 1417 3045
2570 1584 3032 3750
1839 386 3138 2261
1315 2504 2793 3398
1112 2254 3015 3620
759 253 1058 2351
504 2022 2035 3912
745 501 1067 1712
1196 980 3662 3304
2009 1428 3463 3974
1192 1399 3873 1432
708 1968 3404 3524
2287 2984 2677 3027
1600 742 3029 1914
785 570 3343 1899
1015 863 1888 1882
1255 969 3069 3472
2587 641 3877 1133
130 742 3699 2383
2351 558 2654 1457
838 2850 1829 3310
1513 291 1897 383
3239 994 3941 2191
2770 306 2855 2199
755 320 831 3341
1367 1234 2729 3051
286 2806 704 3647
394 2632 2547 2745
96 837 2177 3319
443 233 645 2423
1254 1584 2061 2847
2496 1587 3493 3161
58 1527 3249 3804
2344 2653 3253 3819
840 923 1640 2219
711 503 2251 2926
758 165 2015 2098
2027 357 2433 3767
1435 1421 2713 3346
1883 15 3489 2365
1418 2141 2332 2932
481 2321 2892 3021
717 725 1454 1812
2147 2841 2241 3096
428 1762 1280 3004
1588 1372 3125 2469
1738 723 3504 2798
1468 3427 2553 3496
238 367 315 748
913 1850 1886 3689
630 1455 3014 2600
2195 1969 2632 3176
117 2431 2348 3956
1054 148 3654 2594
787 98 2114 369
2237 3180 2293 3775
1370 793 2610 2269
3315 1289 3654 2921
1191 1813 3909 3782
497 306 2800 475
316 865 2065 1850
38 1423 2636 1839
2991 2432 3547 2920
1191 211 2652 3871
1629 2063 2797 3977
1932 22 3879 3492
1193 2001 2950 2170
2100 1514 3737 2881
317 1045 399 2275
1139 1503 2811 3686
148 2216 676 3279
1510 2962 1524 3623
1019 19 1679 3300
1009 2700 1476 3544
628 147 2473 1533
385 3301 2191 3843
1765 1601 3587 3281
3069 2083 3570 3805
1688 1662 2638 3707
545 1581 1603 3307
259 2685 1568 3406
408 312 1956 3149
2486 579 3574 3382
729 324 801 3858
2998 1385 3157 1731
512 226 3630 3138
54 3109 2558 3675
3301 911 3796 2995
1475 872 2999 1995
1732 668 1912 2744
2807 2464 3515 3967
1937 7 2501 1407
865 613 2078 3310
373 1584 1558 3616
1538 2281 2724 2775
1650 284 3246 3237
15 558 3861 2955
1802 139 3350 750
717 664 2826 3220
1269 2207 1612 2831
1913 388 3015 1352
367 519 2498 1144
1638 1029 3751 2814
2344 834 3367 3113
2976 1822 3024 3222
357 154 600 2040
3342 335 3356 2711
2374 478 2376 1235
1783 1050 2802 3059
252 2485 1819 3375
1371 2735 2855 3795
464 914 3541 1878
2103 1019 3373 2581
711 1084 1636 1161
626 1855 2876 1986
698 1970 995 2479
120 71 3065 3579
1424 1879 3199 2870
533 1425 1182 3279
2223 777 3262 2530
901 2272 3432 3841
1877 1895 3094 2511
441 1400 907 3160
3237 119 3819 3190
517 2386 3539 3148
248 1877 2285 2320
1886 2132 2965 3560
2295 1113 2317 3011
29 2332 2263 2960
1641 1271 3736 3350
960 537 2302 2171
1130 44 2720 2765
1228 1672 2480 1859
98 773 2501 3484
1005 2945 3348 3780
1864 3651 3205 3818
3171 909 3606 1829
607 2485 1853 3134
2940 1608 3905 2085
287 1544 1402 3470
93 1245 804 3422
978 351 3096 3070
2746 768 3321 2167
129 202 165 1493
2278 2391 3922 2858
2713 450 3701 1047
479 2214 2010 3629
1010 2442 1364 2971
680 1509 1876 3146
272 140 1214 2161
399 2515 3683 3654
459 302 3105 727
622 2186 1639 3544
2032 305 3063 3645
2135 639 2627 3380
1943 698 3152 943
1620 2032 2246 3995
170 737 2885 3885
2001 3636 2238 3985
1386 373 2931 490
1385 705 3414 2402
784 925 1303 3729
117 107 2722 140
3249 1109 3773 3939
1945 27 3602 1868
380 886 714 1837
134 1545 3673 2282
2455 302 3715 841
567 2123 3307 2514
3014 3014 3186 3324
1009 796 3986 833
1271 1260 3730 2301
1178 1414 2565 2257
2307 2123 3524 3032
2628 1932 2886 2602
765 2776 2884 3247
1538 1310 2003 2218
2941 5 3038 3300
1149 739 1803 3110
575 1831 1147 1873
973 603 1300 3043
524 1078 2018 3446
276 98 769 960
2698 362 3765 1565
2635 1034 2800 1240
2759 364 3015 3499
2928 2591 3717 3100
874 558 1226 2621
2006 280 3976 3435
1770 445 2992 2325
1375 2463 1907 3354
2536 2322 2600 2689
1512 1779 2307 2785
2330 2186 3297 3166
3321 427 3380 1830
60 1395 632 3685
743 1598 3661 1999
2695 1166 3199 3832
2735 2845 3783 3347
1113 2262 2111 3505
492 1491 1989 2504
1926 957 3011 3265
793 2059 2872 3301
1150 2407 2783 3245
1261 2612 2707 2754
2083 243 3283 1229
657 283 2211 3974
2807 394 3358 1466
278 1446 892 3773
335 1125 2020 3029
590 1298 3642 3470
1343 2103 2128 3039
1785 248 1883 3222
42 354 1757 3489
1361 500 2855 1111
118 1568 3244 3548
943 746 3159 2477
1422 42 1442 3010
142 450 2255 3453
1325 159 1868 633
2627 246 2682 1526
498 1445 3012 3844
3131 2544 3419 3491
916 826 1818 2224
643 308 1226 2413
530 1170 1090 3631
1803 2365 3195 3892
190 1090 3255 3066
1003 1300 2046 1300
1304 2034 2536 2929
2257 858 3491 3740
519 3179 2228 3611
417 2911 3632 3921
449 1381 1888 2810
1025 1738 1495 2332
2970 306 2995 1322
744 78 2710 1524
1556 2130 1942 3927
1197 751 3970 1844
1486 1663 3049 2885
2 1040 964 3100
1119 200 1208 3059
517 2037 780 3624
1330 982 2525 1866
1176 3368 1860 3402
3353 950 3509 1193
1763 1062 2737 2558
2183 2938 3623 3057
1195 1698 1822 2546
176 426 3607 2153
821 1324 3073 2846
705 2158 1816 2600
77 357 412 3309
332 350 1421 2304
3056 1768 3475 2872
960 1688 1150 2084
2849 2662 3279 3410
755 1973 1804 2215
1516 3012 2791 3873
1292 433 2681 1383
1913 140 3108 1464
169 1981 776 2457
942 830 1741 3463
1470 961 2241 3617
2189 3008 3386 3326
318 1102 600 3230
1881 1097 1897 1787
454 1921 1675 2503
2334 516 3471 1828
1119 367 2813 3042
1794 1723 2789 2522
335 681 3486 1400
797 930 3461 1638
162 402 2155 2759
2050 2523 2124 2913
1033 2708 3787 3507
36 1105 835 2523
3306 2057 3420 2058
331 304 1230 2451
1730 232 2275 1453
1771 225 3132 2298
231 311 3269 1041
71 2531 943 2538
1715 1083 3433 1595
2689 2080 3618 3753
44 3538 898 3994
2865 3373 2875 3649
1078 190 1220 375
1511 127 2480 1203
1467 2106 1888 2466
570 1080 754 1780
3303 756 3397 973
1496 1924 2975 3385
27 84 3900 790
1661 70 3206 3661
363 2664 3775 3313
2635 585 3002 824
1423 562 2100 1536
2494 94 2631 1375
2576 3193 3547 3270
314 148 2375 3604
1731 2125 1898 3834
966 819 2093 2962
2059 166 3086 810
3499 1614 3975 3950
1270 2244 2120 3170
1276 1943 2289 2512
1590 1950 2865 2476
2484 1249 2990 1920
464 1761 720 3276
1883 1163 2583 2784
3439 1019 3582 2282
834 405 3693 3742
299 573 3598 3225
1521 2356 3213 2394
915 3792 1887 3886
3142 1793 3412 2641
929 2629 1970 3634
239 2400 2087 3964
311 1597 742 2807
1129 1267 1177 3028
3321 196 3529 3212
1155 2862 2168 3054
293 77 1787 1637
251 1078 1510 3972
1219 112 2539 2400
485 3102 997 3809
291 1215 2508 3651
2783 197 2967 1682
3166 2280 3479 3241
2446 1670 3153 3483
2358 2667 2553 3990
764 2768 1641 3623
839 659 1086 2230
624 1929 1429 3577
2860 2522 3797 3138
648 1899 3780 3590
904 1253 2851 1330
476 848 2537 1538
3102 1694 3385 3332
319 108 948 891
96 556 167 776
2810 1104 3524 3547
285 75 2995 2167
781 2744 3888 3496
248 969 1029 2006
1985 1424 3516 1459
221 2007 2108 2114
417 65 925 2645
700 1946 1893 2985
471 2102 3488 2387
148 1705 2228 2311
810 1317 3933 2642
1381 770 1482 1743
797 769 2896 2949
673 1501 3780 3178
2802 501 3278 1586
367 193 2711 2469
437 606 2246 2347
1362 2000 3529 3613
577 508 1703 1319
1936 1957 3948 1970
2520 537 3676 1431
65 558 3557 1567
513 3744 3415 3768
1378 1907 2568 3079
2259 956 3605 1157
118 2011 599 3513
2044 571 3292 3923
1404 142 2373 2955
946 1400 1238 3651
2333 898 2341 1958
1059 2207 1283 3401
545 789 1298 845
2650 375 2665 3132
402 3749 680 3823
2373 1298 2689 3802
2733 1142 3119 3893
1012 988 1213 3538
2614 1720 3693 1890
1683 651 3391 1561
1578 724 2684 2786
388 984 2614 3321
491 258 1743 3016
1789 1 1873 3296
541 1915 2522 3641
573 503 3175 1519
898 638 3639 831
13 963 952 3257
1210 455 2764 3653
1264 1833 1718 2328
2375 3126 2808 3238
187 2906 1823 3536
1231 259 3618 1613
1327 3084 3865 3107
197 747 966 3730
1643 1223 1978 2190
255 248 2128 2639
1181 2477 3950 3160
2385 1217 2829 2623
52 2449 3207 2645
2186 294 3026 607
1067 2450 3617 2693
135 2233 269 3214
831 430 2507 2587
2159 478 3371 737
2432 1239 2643 3577
430 3445 2908 3840
3272 983 3431 2781
1474 329 1965 2770
3301 152 3338 1953
104 419 718 1396
762 2529 958 3525
947 611 1932 2206
681 1930 3832 2725
2991 610 3092 665
826 3515 2539 3854
301 1148 3514 2170
1667 2701 2690 2887
1668 1868 3305 3403
407 335 2441 1626
375 1201 2435 2011
1247 711 1888 2247
475 1866 2045 2314
14 1145 3629 2940
1229 948 1912 3404
62 1940 1041 3486
2619 1581 3153 3733
649 1901 2653 3106
2219 2447 3257 3602
505 1162 2527 1949
2209 1662 3325 3705
2151 412 2194 1152
1208 701 3609 3799
2006 2773 3478 3098
1062 2775 3262 3983
2613 1362 3033 3266
391 1274 3357 3561
3310 2637 3368 3523
452 2365 2780 3745
1751 2985 2050 3484
1074 644 3875 887
61 208 763 3019
1043 2934 1322 3407
587 4 1867 1628
64 1349 1715 2502
3139 1090 3569 3424
810 187 3056 3892
87 1509 3498 2963
1467 66 3317 2438
1493 2329 2239 2664
434 1754 3477 1935
136 2281 3196 3940
839 2298 2413 3560
326 384 1396 3391
1896 522 2548 816
551 527 711 2923
153 535 1732 980
793 15 3286 3198
1351 2138 3132 3685
3723 1943 3881 2712
98 464 1346 1546
290 2009 765 3311
3583 2109 3913 3269
3403 1787 3769 3724
713 64 3761 534
1020 859 2016 1539
512 569 610 2707
419 3350 3423 3722
3 435 2646 2635
563 2140 1224 3025
1403 976 2143 3071
2414 1712 3006 3929
1317 3315 3150 3864
1450 3297 1915 3441
88 2306 3211 2546
1069 2383 2306 3895
1078 320 3823 2718
657 127 2746 418
3426 258 3637 3122
1941 1977 2616 2972
686 2032 3436 2473
3001 265 3997 966
2518 1711 3260 3377
411 1783 1608 2818
2471 1951 3134 2788
1967 244 3686 3630
832 1457 2614 3592
912 1686 3023 3584
60 1118 1386 2824
1344 1263 1831 2718
58 1082 1601 2247
719 1093 3963 2324
2178 2704 3987 3801
1012 1501 2187 3124
713 740 2055 3829
3115 2725 3534 3267
903 2168 972 3265
1913 969 3159 3588
1109 336 3181 1513
598 2285 2720 3401
2052 1004 3455 1067
2734 1781 3973 3846
2713 2387 3452 2680
1778 2092 2967 2857
1800 2023 3593 2507
2531 105 3394 1715
962 881 1446 2227
485 723 2906 1275
1277 505 2174 3478
1643 2389 3105 2487
826 1111 3667 1708
1039 2451 1794 3280
643 2715 1154 2907
1624 958 3503 2926
2267 1619 3911 3452
1258 1596 2842 3175
2588 1778 3703 3138
2763 1434 3704 1982
312 662 3450 860
331 762 3119 1537
2232 2165 2499 2982
1873 1975 2800 3637
3224 2142 3836 3793
327 178 2084 3328
3397 3576 3575 3926
1285 1950 3453 2682
831 140 2124 1375
2588 1413 3854 1958
2102 317 3807 1088
432 3080 3853 3277
196 900 3416 3398
1231 1701 1547 1943
1923 3667 3851 3988
1161 2944 2550 3385
1332 1741 3966 3489
1794 297 2129 395
539 2964 2793 3618
178 1047 3174 3731
982 2131 2172 3733
1684 3125 2903 3692
724 2528 3808 3826
1203 2306 2664 3435
453 1029 1825 1239
1363 2797 3774 3753
1533 263 3581 294
1163 2321 2772 2870
1233 1267 1634 2799
2182 536 3955 2557
1440 460 1691 2921
246 268 1102 3519
2481 2510 2706 3097
2857 2041 3670 2318
1672 2268 1736 3164
2760 2242 2869 3950
486 2224 3166 3345
1357 701 1950 1280
1226 668 2573 3506
2476 389 3258 2136
830 571 3655 1862
2384 2637 3014 2681
534 1428 2485 3896
674 1120 3274 2346
645 1428 3170 3341
3646 332 3841 1473
336 1557 1264 2631
242 479 3769 734
980 1602 3508 3994
1175 258 3538 282
1310 549 3188 2239
2579 543 2948 1973
1457 3010 2370 3664
1684 1241 3164 2765
2184 1777 3220 2128
527 842 3836 1905
1476 2340 2310 2422
2767 888 3670 3577
2828 3315 3212 3326
1875 2500 2813 3772
1637 294 3030 2079
1647 153 3406 3718
1429 3527 2695 3777
3272 2303 3332 3117
1640 241 2381 3005
2432 137 3162 2851
458 421 2837 2891
3105 185 3936 1203
1167 696 2572 875
886 200 2277 3830
2672 757 3038 3169
1277 973 3295 2458
511 357 2450 655
3065 3304 3792 3436
137 671 3224 2919
802 718 2867 983
804 1485 1612 2964
1577 676 1749 1641
1005 37 2228 1084
1215 2175 3845 2195
1564 1919 2661 2759
1509 1776 2363 3080
2242 1210 2949 2517
1656 218 3423 3248
2573 2452 2837 2955
308 3087 2769 3301
2024 2224 3383 3234
1194 1334 1470 2655
2377 824 2873 2267
2518 2553 2793 3832
737 956 2116 1824
1106 2448 1807 3652
3076 234 3711 2666
343 103 2590 184
2366 1954 3964 3593
2547 891 2590 3025
3056 324 3294 1596
724 452 2630 1531
2822 1370 2963 2933
26 1965 3980 2359
438 3549 1096 3783
1234 741 3592 2302
355 2254 2986 2716
350 170 1396 3049
371 1285 1553 3068
1227 324 2914 1826
1471 758 3344 3353
3482 482 3632 1150
1109 550 3243 1634
2061 1837 3206 3645
1947 707 3271 2809
148 272 529 2103
1040 320 1922 2158
492 2110 939 3894
204 2815 3719 2947
855 2204 1316 2418
3813 257 3900 2993
2141 3081 2263 3182
935 3040 3271 3185
530 2157 1781 3374
2725 1003 3286 2608
2536 124 2894 1244
654 349 3071 657
597 405 1757 2847
240 1055 654 1781
677 519 1313 1217
1871 366 2453 2300
2164 479 2516 3793
990 2502 2522 2857
768 2028 3545 2793
985 94 1163 610
3388 3158 3857 3383
206 1166 3343 2111
2456 1945 3656 2828
5 897 2082 3404
1369 1088 2796 2622
2823 215 3045 3654
3251 1609 3315 3460
2710 3341 2821 3545
1255 1503 3872 2943
2246 349 3166 1925
334 2340 1276 3170
2013 2024 3294 3294
580 1878 3737 3565
2511 1029 3640 2063
1160 2526 2381 3606
248 1400 3815 3428
2551 462 3579 3038
926 2060 2662 3534
1980 1577 2385 3873
131 1156 3823 3197
1579 540 2154 3761
3378 685 3446 1797
1182 132 3694 258
2372 80 2903 544
174 13 3126 1591
2177 2072 2268 2889
1343 2268 2575 3069
157 2118 2584 2506
1797 2718 3674 2742
1771 1770 3190 2635
2405 1426 3950 1806
270 1978 1698 3727
673 1249 2787 1824
847 2106 3153 3604
2501 1197 2609 3758
3418 339 3716 1247
1592 1040 2598 2501
1207 360 2641 3754
779 3380 3311 3656
1568 221 3607 814
1840 1166 2576 2920
1945 1297 3260 1434
713 467 765 3754
1096 1581 2832 2208
478 249 2836 862
1084 2666 1134 3028
107 298 1004 2825
1938 2039 2821 3742
375 94 2398 3282
199 2175 1469 2995
582 2921 2871 3241
741 963 1727 1852
175 977 2419 3819
1395 730 3354 1059
811 98 1482 2956
1553 420 3973 1880
2974 463 3280 3267
964 2014 3748 3687
1017 909 2731 2546
1231 430 1597 2780
1950 1461 2049 2445
1566 2684 1620 3022
548 3145 3139 3893
142 2629 3060 2760
760 106 1915 3572
338 1706 428 2803
3025 1476 3978 2409
996 1261 1719 2412
123 2109 1304 3518
590 127 666 1957
3401 362 3956 1570
2910 2112 3355 2965
1123 2386 3662 2671
710 1580 2621 3233
300 2983 2722 2997
326 1947 3602 2234
822 3253 2240 3318
1259 57 2207 474
1829 189 2131 1025
1303 946 2018 1064
1435 2271 3423 2735
885 1049 1497 2378
530 2649 3920 2809
2750 899 3970 3924
576 1134 1863 3142
578 2014 2118 2490
2542 2276 3771 3447
150 1248 2144 2301
1088 1649 2223 3713
817 1861 3027 3562
3420 601 3883 3854
566 1737 3231 3904
1083 512 3419 2706
2264 259 3008 3146
1406 30 2941 3113
2980 92 3792 1547
638 427 1439 3595
269 2057 1453 3770
3640 371 3759 2712
1788 2100 2018 2407
2018 933 2918 1724
1159 737 3576 2496
208 1450 2367 3915
3211 1799 3799 1969
809 972 1588 1788
2339 1945 3213 3701
3566 2243 3864 3515
199 1053 2168 3196
759 2037 3227 3385
2662 748 2900 1275
1496 617 1499 2889
820 1762 3437 3994
671 881 2988 1962
1471 740 2076 2600
1399 1418 2382 3044
1595 1083 3353 2113
1435 480 3019 2547
729 1629 1754 3514
13 1959 952 3561
398 69 2853 3148
1701 1645 3252 1851
1426 300 3325 2668
2341 687 3084 2557
1833 221 2991 3687
939 1214 1076 3238
60 1609 3549 2743
221 309 3353 2782
528 2401 2359 2900
1816 478 1999 2409
869 859 3550 1166
841 421 3603 2034
179 2593 2592 3517
1998 2010 3690 3075
1878 851 3314 2742
81 1749 2032 3251
1523 421 3646 985
492 2479 2086 3411
767 2071 2130 2891
2995 101 3875 448
2393 1144 3885 2085
598 2278 1660 3058
1603 1929 2507 2943
1520 1403 3608 3375
1021 2331 1183 3301
140 4 1250 3094
2829 2579 3028 3328
2126 3136 3687 3971
959 741 3162 1164
2053 734 2187 3035
610 361 3929 2949
579 2503 2496 2787
2333 898 2425 2225
182 27 3788 2801
1807 1975 2748 2311
2611 732 3237 3391
1129 361 2028 994
2016 67 3457 665
234 849 1734 3031
3480 76 3643 3298
280 1421 1988 3381
79 1599 1694 3926
1823 693 2272 3321
1589 1664 3953 3437
2156 60 3271 2428
328 256 414 1144
2867 929 3238 1477
973 1885 2750 3317
163 154 1397 3786
942 826 2270 3172
2345 232 3110 1041
998 1587 2687 2225
1537 526 3882 633
863 602 877 2010
290 847 702 3077
905 576 1546 2969
469 2875 2149 2938
898 1424 1452 2230
1359 1433 3228 2878
2951 258 3259 1930
538 1856 2346 2334
486 2249 1615 2402
2244 202 3944 1078
1929 1687 3645 3014
1644 1391 3322 3063
81 323 2498 1675
1522 1397 2857 3519
2247 549 2561 3729
1694 818 3493 3310
179 578 2487 2722
1132 169 3782 3974
579 3589 2839 3943
744 1714 1356 2033
1160 1478 2329 2820
1467 440 3254 1170
775 1138 1457 2384
840 851 3627 2819
942 250 3309 3719
1038 934 3685 2074
1295 2292 2870 3283
850 718 1787 3978
1225 61 2740 1984
235 3141 1784 3376
1555 3439 2139 3441
55 1544 1250 3401
1310 1141 2876 3016
530 1733 2589 2506
773 1371 2762 1473
492 857 977 2201
999 510 2665 3542
329 2038 1619 2538
1358 1544 1373 1613
1037 636 2221 686
1652 2345 2661 3819
2454 2017 2923 2034
2180 749 3467 823
2836 612 3678 1773
1730 2540 2588 2831
1493 1359 1575 1710
922 2423 1113 3373
122 1345 3673 3879
1909 916 3232 3207
322 2087 3854 2721
19 1944 48 3502
534 176 1517 3082
1868 2170 2132 2362
1651 2212 2160 3515
2416 460 3769 1357
1553 1312 3464 2982
269 15 1128 2162
2325 1302 2329 3701
1543 2076 3714 2951
3684 1211 3689 1735
475 1661 1752 3102
734 53 3093 2521
2766 587 3673 3317
903 1495 2725 1520
918 127 2066 3729
1730 719 3541 764
1373 221 2675 1298
3318 2929 3503 3925
597 2625 1160 3250
2564 1070 3743 2944
376 403 3756 1281
13 66 3177 3453
3206 763 3968 1300
359 643 464 3404
772 2120 3217 3998
202 1145 3288 1261
2052 962 2740 2133
1011 2760 2522 3263
2124 2885 2254 3738
582 1512 1549 2925
1587 1441 2975 2249
1608 1019 3272 1216
906 321 1350 2249
503 158 530 2781
1941 1546 3057 3956
2179 1486 2795 3172
613 1269 2110 3475
101 37 1551 952
1589 3249 2135 3295
1145 3348 3656 3890
1017 274 3040 1863
1005 2007 3122 3025
2926 3025 3171 3399
939 1518 3760 3470
705 17 2878 2533
1469 2717 2526 2738
1072 709 3707 1363
403 3127 989 3443
2291 928 3579 3638
1173 195 3251 2459
1769 1005 3493 2502
1170 3029 3335 3836
71 1217 3402 1481
324 1188 2985 1823
2970 1129 2989 1431
2776 848 3827 3965
89 319 545 3012
413 569 3844 1399
1311 1669 1394 3258
1908 3187 3200 3284
940 1307 3748 2016
27 1001 1682 2853
730 3086 2081 3550
32 2120 2469 3305
561 1001 3510 2964
1165 2478 3633 3223
1941 1308 3450 3543
2415 3279 3548 3684
1867 209 3992 3999
2423 1603 3066 2797
1646 136 2709 3206
834 453 2089 1682
166 968 3372 1390
616 513 1347 1094
1407 1056 2731 3034
944 1317 3357 2448
1042 830 2518 3810
579 1084 3201 2517
579 1739 1620 2455
593 2212 3587 3101
1703 1117 2966 3424
2194 2364 3693 3005
2248 2617 3962 3582
1189 1077 2695 3717
99 3095 2474 3662
326 743 350 1071
1940 629 2791 782
78 608 3898 775
541 1731 1948 3214
232 2107 2466 3329
1132 2135 2255 3008
1875 877 2550 1415
1505 25 3121 1555
413 2626 3180 3364
2781 1398 3133 2075
916 746 1377 3969
608 2003 2027 3231
1254 146 3824 454
278 2304 696 2665
1686 479 3431 2118
233 1212 354 3123
2944 524 3258 910
818 3286 1442 3868
968 946 3570 1119
620 1981 2687 2986
3318 107 3774 3398
959 225 2036 316
303 575 2632 3595
482 2074 729 2185
254 2184 3867 3902
2428 10 3459 3273
2350 323 3252 1059
856 715 3197 3445
572 676 3062 2683
629 1248 3906 1334
2956 1712 3003 2238
1994 1141 2472 2740
1282 252 1474 302
2901 1387 3102 2749
1829 47 2450 161
565 1909 3142 3960
3699 585 3746 3133
2909 2565 3658 2931
627 542 3500 553
1772 1194 2452 2422
1604 696 1844 1184
605 932 1752 937
2606 1741 3038 2601
1106 1684 3687 1880
1864 2176 2030 3740
255 2723 3668 3129
1030 497 3795 2468
2261 595 3556 2980
1525 1515 2899 3573
2695 1057 3679 2244
2073 450 3605 1482
1068 1221 1201 1369
1585 879 3685 3804
972 671 2453 2904
2881 1518 2906 2566
348 589 2767 1306
1011 212 2015 1883
1514 1830 1871 2063
494 2718 3441 2842
2571 2249 3470 3122
2124 674 3211 1709
1851 2829 1854 3585
314 611 1131 2998
1501 161 2373 3855
1978 3254 3377 3318
