4000 4000 4000
38 2501 2396 2767
798 1961 2593 3274
359 135 3131 2777
1012 636 1040 1424
2267 2611 3564 2714
3241 400 3355 3129
2325 2396 3219 2869
3147 1064 3284 1878
2735 208 3389 1859
275 782 665 3611
1550 1461 1615 2233
760 2160 3534 3953
2021 2145 3411 3164
2756 1063 2939 3624
128 98 539 3984
1189 1686 3977 3243
3374 1262 3589 2363
56 181 2560 2680
980 58 2224 2238
2940 1048 3066 2838
2180 516 3181 2508
614 2862 3620 3324
3258 210 3880 2995
617 2029 3521 2750
592 46 3413 1420
1552 827 2419 2238
2588 487 3408 1986
2881 1822 3262 2080
1593 657 1962 3017
795 892 2260 2227
416 144 1377 3172
3409 787 3856 1429
455 1643 913 3613
749 151 2025 2528
578 1278 1625 2898
907 13 3651 239
942 786 1334 3612
3553 87 3582 3709
3017 2617 3287 3238
1765 724 1820 861
1336 1743 3622 2562
844 2957 1404 3715
1888 128 3113 1508
1946 830 3654 3930
857 349 1579 2681
268 3071 1241 3481
162 846 2107 1059
414 331 2157 2404
2045 71 2059 2752
694 1072 2774 1730
2296 459 2820 3169
220 287 268 3927
304 926 968 1306
783 3204 2379 3336
1795 1898 2891 2192
258 1099 1603 3202
2756 214 2920 2335
526 745 2914 1909
3189 264 3841 2336
347 2255 466 3156
45 673 2394 1645
1019 1167 3150 3172
308 2893 2784 3839
3173 1347 3391 2368
1223 1643 3666 3077
1571 996 3123 3596
1000 210 1094 838
147 38 3863 1585
1429 717 2307 1864
2225 1183 3220 3680
1881 673 3121 2532
1056 557 1387 2485
920 1825 3122 2010
2153 1347 2783 1760
8 168 1395 2556
64 1858 1173 3507
1242 513 1294 2950
2246 237 2606 3818
1434 2705 2063 3747
105 28 653 3434
2529 32 3899 3513
2392 1748 3602 1994
1181 2186 2863 3673
3135 1502 3859 3509
739 2024 2317 3056
1940 491 3974 3429
2890 48 3204 702
2795 1848 3988 3864
103 164 3695 529
47 811 833 2789
2233 2731 2318 3737
1707 3654 2095 3968
313 2208 2220 2565
1087 1905 1708 3761
720 2111 1673 2589
2434 2986 2591 3654
921 1455 1325 1479
1571 1990 1792 2168
10 2155 1368 3804
1540 448 1777 2782
69 2142 3528 2729
288 1012 3124 2474
1002 900 3021 1053
60 2557 2486 2843
1298 834 3771 2538
562 24 3345 3886
1232 612 1717 990
3566 1051 3613 2211
208 146 2583 3458
1120 1063 1508 2983
587 2238 1974 3902
702 768 2961 3985
213 42 2081 2050
2389 795 3473 3794
2347 216 3028 2224
815 1059 1762 3427
2540 1441 2752 3517
1345 796 1986 3983
1463 1311 3412 1328
91 2295 3601 3016
363 1473 487 2728
293 69 2147 553
3464 900 3587 1474
3082 1501 3632 2484
221 685 2330 2907
2649 1020 3584 1115
1783 2465 2912 3184
53 1023 1439 1506
419 1854 564 3499
338 367 2111 3732
3290 191 3978 469
2293 1807 2969 2874
1399 618 2345 989
1136 645 3506 1535
1338 935 2915 2344
2370 810 3974 967
3274 508 3866 1118
864 2654 942 2921
577 33 2121 321
1872 821 3635 3846
2884 1440 3227 2376
1069 840 3589 2868
234 1117 2706 2009
221 3051 1011 3857
3566 1990 3870 3384
99 3433 1057 3792
1156 2067 3354 3342
2513 1374 2943 2960
1416 812 1472 1847
1915 157 2625 1652
2919 32 3933 2783
974 402 1827 2428
2020 1890 2150 2088
22 3081 2612 3132
1625 2432 3053 3622
2880 905 3789 999
1157 2026 3551 2709
2100 271 2140 3497
2746 3397 3676 3634
56 1468 3580 3168
1981 74 3543 1716
544 603 3163 3604
69 1108 3815 1564
865 3245 2226 3979
3139 936 3187 1486
2415 778 3017 863
842 125 1846 2540
212 1358 3205 1794
1381 384 3258 3536
770 285 2431 3923
264 842 1019 1111
1744 1603 3996 3454
492 438 1123 1811
1558 1129 3597 1455
2388 15 2471 3336
1768 131 2541 1069
396 1171 1757 1338
1165 704 2750 1789
339 1612 3197 1844
2041 993 2708 2598
2217 75 2686 2869
1998 76 3274 3856
517 1957 2284 3750
2023 695 3353 1115
137 0 1162 453
2470 2470 3816 3844
1127 1917 1997 2102
154 441 2297 2201
2054 501 2285 950
945 8 1754 2656
2509 1542 3281 1818
1794 195 2086 1761
3594 680 3818 1785
672 586 2892 1651
198 2356 720 2697
3117 2178 3447 2766
1775 2606 3387 3741
1931 699 3584 1202
138 2177 376 3182
530 3460 3750 3880
2289 775 3405 3489
1933 746 3281 2165
221 296 3667 617
1960 20 2016 1659
666 1447 2791 2645
2090 3170 3087 3717
1330 503 2096 3579
1842 1663 3355 1904
45 1836 220 2639
1446 893 3231 1233
207 285 3368 1421
567 797 2673 1758
644 3169 971 3637
1393 2057 2851 3810
2121 529 3794 1692
877 1653 3456 1722
1656 307 3009 3834
828 215 2953 456
506 350 2436 615
594 149 1197 3236
2775 1169 3367 3482
1411 1215 3107 1605
272 1407 3584 2291
28 3210 981 3975
18 169 3053 1722
353 277 906 3305
1799 429 2460 3737
1145 1972 1441 3477
1927 639 1992 1104
1426 1101 2308 2552
2244 1150 2967 2778
849 851 3324 1726
1500 864 3951 1272
38 102 995 3397
386 1186 3315 2894
676 3721 800 3877
1890 2918 2930 3419
1519 574 2873 1162
1562 1884 2144 2833
770 901 3549 3746
81 1311 929 1434
382 1457 3158 1602
1204 1772 3092 1992
2172 2842 3883 3509
771 1463 1944 2993
338 1930 1671 3260
830 1148 3026 3511
534 1120 3834 1311
1807 431 2608 758
648 2427 1508 3022
1264 979 1654 1796
2689 1027 3125 2773
1631 662 2365 3426
34 454 506 904
1709 878 1758 3226
2507 2110 3917 2305
1037 1709 2376 2355
2441 1079 3020 2625
2731 356 3801 1108
306 460 307 2157
2961 931 3243 2467
1134 2611 3324 2867
74 639 494 2589
2554 613 3817 1073
2233 2009 3955 2500
2579 341 3683 418
587 139 3613 3109
2830 279 3146 2466
2322 15 3558 3246
1684 1205 3899 3688
630 1218 3771 2189
208 941 1833 3169
2060 389 3124 3638
1880 478 2862 544
613 320 3931 3127
2292 1079 2691 3288
1950 1501 3771 2429
745 3686 1303 3974
2277 2950 3678 3956
85 840 2391 2505
516 206 1095 912
2463 181 2489 1915
546 503 3627 3791
1334 164 2509 2508
1618 921 3003 1750
684 2921 2578 3534
688 1280 1817 2640
188 967 563 3858
605 673 2348 1800
605 433 1141 3371
1896 2750 3851 2929
1667 932 2947 2364
1744 2609 2633 2648
2164 621 3401 3510
974 587 1223 3368
1114 1512 2878 2493
1695 195 3267 244
904 1263 2839 1917
1358 583 3693 2895
670 1430 3441 2483
3022 918 3408 2881
2453 472 3548 2094
2448 2249 3695 2267
2866 2052 3167 2686
440 1353 1036 3535
2895 627 3664 2296
2791 2279 3347 3996
1040 1239 2402 2008
201 59 1006 407
154 53 2848 1586
2713 76 3114 2269
1017 2626 3589 3854
2257 352 3246 3545
2102 1524 3315 3606
1679 1298 3239 1346
543 3421 2803 3977
995 1155 1094 2154
614 2941 995 3088
1840 2816 2796 3803
2002 1796 2422 2652
1599 115 1607 243
1569 1566 2999 3627
1494 1864 3889 2943
110 3220 2477 3937
1993 105 3420 1360
27 946 418 2574
1441 2490 3497 3981
1690 1713 2261 1842
1319 828 3301 1468
1244 1417 1358 3493
3217 534 3466 3712
606 772 607 2265
3338 796 3434 2190
203 356 1677 549
376 3003 3827 3949
3321 843 3816 2050
2319 2284 2845 2443
2063 3275 3228 3306
14 2552 792 3449
76 2159 3365 3676
1046 907 2915 3738
232 2669 1266 3434
1482 1036 1857 3135
1938 19 3992 1268
2056 1492 2535 2938
229 988 1345 2951
919 752 2750 3983
1250 1208 2548 2983
2459 2350 3901 2990
1143 2802 2237 3604
1891 379 2819 644
142 1792 569 3705
1183 1600 2594 3394
2831 309 3916 1650
488 900 2832 3768
422 1220 689 3551
300 1734 487 2325
103 2152 2880 3770
518 299 2093 3538
2031 474 3817 3595
1315 651 1792 3637
2831 935 2981 2010
116 3935 519 3958
1416 1291 1682 1405
414 279 2918 905
340 1669 3918 2341
140 1583 3139 3645
2896 546 3580 2522
2168 2224 2836 3472
1165 2166 3377 3979
283 446 3117 1847
9 2095 3056 2400
2569 2658 3142 2802
1266 2359 3044 2924
1095 2263 1893 3111
625 554 1099 3247
29 2671 465 2960
1207 3319 2798 3634
1310 422 3811 3203
851 442 2561 2570
147 686 1839 707
1987 2185 2129 2285
1574 1490 1575 3069
1270 322 2764 3253
3286 219 3832 855
1310 420 2119 3439
3667 266 3830 663
929 604 3684 3409
114 2868 1093 3196
260 134 1913 1348
3296 362 3590 3293
464 2483 1585 3425
1397 1667 3657 1807
3033 1792 3336 2894
3290 2358 3353 2509
685 234 813 3083
697 1647 1498 1807
2607 1242 3524 3962
1471 401 3085 463
3179 217 3720 3826
425 278 2326 3182
1532 2819 3207 3161
1408 3633 2262 3821
2508 99 2715 2100
2077 2534 2262 2781
743 78 3132 1317
2297 2002 2647 2166
1686 807 3489 2607
1765 449 1928 3349
281 69 2702 3982
931 2356 2983 3868
3036 3331 3582 3362
1736 2350 3408 3069
489 2585 2932 3328
1217 268 3800 1018
541 244 2007 1018
1390 1420 2178 2515
2288 1363 2606 2017
1318 195 3234 241
939 1177 3001 1716
1970 2683 3613 2979
2542 2603 2777 2878
1247 64 3153 1660
790 1093 2672 2497
2849 565 2887 1175
616 120 776 494
589 2543 2626 3602
2975 430 3525 1100
401 1090 2300 2855
655 228 2509 2205
779 2841 1010 3318
98 1207 3642 3254
719 551 1417 1707
40 988 3725 2978
2496 475 3944 3281
801 1557 3629 3147
1372 3063 3106 3803
944 821 3409 2476
1106 1246 3959 3674
2268 1326 2643 3225
581 1488 876 3389
1114 819 1631 3741
1525 2409 2130 2549
141 852 3025 1857
473 1169 607 3023
175 2176 786 3531
1545 2005 3610 2200
247 11 2918 694
2505 2026 3618 2460
92 788 2651 2583
2830 1014 3261 1514
1184 1334 1444 1768
843 1237 3849 3893
2032 3630 3180 3674
714 589 797 1624
1157 795 1358 1074
619 150 3568 3565
3348 1852 3600 3392
2323 597 3968 2795
848 933 3833 3742
1974 772 2873 3768
3222 2747 3743 3040
474 354 2505 2641
1238 558 3823 1280
949 966 2450 1616
2642 3175 3546 3776
109 1829 2113 2433
827 2142 2071 3256
497 542 1660 1665
1049 744 3604 1417
1467 885 2817 3864
828 427 2685 3085
480 1078 3525 3725
11 230 1922 2893
1340 383 1782 3809
2543 403 3974 3355
1592 26 1596 2814
198 1493 3120 1965
3122 2245 3416 3493
498 1497 2382 3321
2799 231 2894 1405
3024 1295 3077 2897
1168 1510 3940 1627
1128 724 1563 1371
1361 621 2360 1173
938 1755 3065 2382
3016 1735 3362 2426
941 444 3262 2883
45 746 3080 3991
1177 2017 3218 2503
660 371 1155 410
842 2051 1347 2238
233 1413 2915 3430
2162 1387 3734 1540
2574 1731 3797 3792
1164 793 3392 3490
2688 1261 3581 2773
38 2241 1915 3601
1332 2347 2808 2924
817 442 1693 1783
1043 238 1728 1645
10 1318 2916 3122
814 3198 2974 3369
156 925 1186 1319
1238 13 2458 291
986 320 2799 2266
1835 81 2493 144
2633 1776 3154 3069
159 1226 1819 2412
1075 2616 2870 3127
1928 2753 2573 3499
1097 3212 1354 3507
1013 687 1627 2240
2665 34 3842 1415
2097 1186 3306 3657
2972 125 3178 2387
2193 2453 3326 3782
149 722 2664 2107
19 1515 369 3111
1610 497 2649 791
1464 937 3034 3802
1279 495 3758 2579
2862 325 3859 1912
1097 3019 2358 3697
505 1423 766 3099
15 1053 432 2689
899 133 2242 1907
2589 2603 3366 3269
419 3053 1931 3924
838 2178 1068 3649
1636 384 3951 2825
863 1043 2008 2511
3633 1623 3872 1887
2324 125 2666 1106
1320 1193 2130 1477
234 1640 2863 3611
3336 3378 3712 3942
390 1725 3125 3437
1388 2000 3210 2663
2879 190 3920 3563
1204 2299 1768 2677
670 2372 2467 2820
2117 916 2256 2217
636 2915 1275 3794
2821 3241 3332 3758
177 153 2060 3418
1472 844 2825 1708
295 184 377 2255
1425 279 3299 2598
846 1289 2125 3908
917 905 1902 3003
763 1570 1522 3435
967 144 2183 2979
2853 1553 3842 2627
1854 1536 2189 3027
244 2401 595 3245
472 1238 1655 1942
3004 555 3159 3151
9 2497 1707 2544
224 2140 1334 2483
24 946 45 2831
652 2299 3973 3324
396 1950 2527 3797
1927 1261 3443 2902
3261 2794 3309 3280
1896 1666 2401 3174
197 2289 1775 2442
685 2077 3426 3768
2943 1651 3050 2898
2416 2140 2435 3983
3285 2071 3985 3230
861 2327 1447 2459
1118 2714 2804 3172
2093 909 3235 2908
2381 665 3505 3059
898 195 1057 3565
503 1180 1748 2125
2607 1462 2659 2217
837 1540 3535 3155
204 1111 695 2221
1647 98 3627 2532
1465 2410 1716 3107
816 2187 1483 3553
2818 114 3766 1837
1516 1519 2751 1913
2811 215 2981 317
479 3213 906 3710
404 2860 454 3671
1593 724 1876 2941
1206 1182 3982 3218
1930 2344 3708 3720
830 1426 2900 3542
1442 528 2225 3993
1073 176 2425 3063
408 1696 1624 2032
2965 742 3140 1256
2785 2444 3570 3289
1500 284 2687 3276
1584 2330 2010 2781
948 1612 2346 2653
1199 123 2798 1894
447 1055 1495 1930
1747 2279 1770 3272
1537 1409 3713 2627
3102 111 3941 2888
278 2652 2664 3136
620 1193 2173 2434
1160 3105 3938 3893
249 820 697 845
1613 451 2670 1889
1847 1245 2752 1566
1721 2037 3199 3943
177 1584 2264 3517
2969 275 3256 1965
342 1982 1255 2223
189 2558 2418 3519
1333 1576 3844 2998
439 128 2950 1886
2265 2680 2304 3568
640 704 2112 1524
2120 175 2214 441
1668 3496 3132 3754
992 2957 1316 3275
203 928 694 3036
1991 727 2184 3943
2260 1841 3999 3680
1538 2583 2830 2934
805 147 3444 1608
2256 756 2881 3881
2564 1999 3423 3824
3208 1408 3318 2766
763 67 3424 804
1788 3144 3079 3920
1465 2345 3145 3099
33 500 3684 2228
100 2629 2986 2812
1674 983 2693 2407
1424 2460 2792 3684
2125 696 3184 2903
470 945 1142 1165
1128 2445 3828 3178
463 1706 772 2707
504 640 2227 1320
383 1508 3255 3722
755 590 2379 1235
1269 1758 2501 3062
959 1219 1778 1487
1106 2206 2105 3868
1738 3124 2023 3786
757 1610 3361 2680
1153 562 1893 947
603 517 3102 3334
605 255 2897 688
251 3055 3718 3744
698 1201 1240 2495
2558 133 3197 511
650 1407 1876 3385
1408 1579 2710 3190
2007 767 2375 2709
919 1302 2921 1342
1195 2029 2843 3729
3605 1156 3970 3861
2183 1815 3924 3774
1451 3522 1831 3880
1108 146 1113 3538
1333 895 3883 2751
2914 176 3308 3438
199 1225 2860 1657
635 768 3953 3880
1944 765 2114 3656
149 646 3860 2269
411 1282 848 3945
426 2851 888 3295
71 802 3593 1091
1765 243 2461 935
1079 3556 2620 3739
470 9 3311 262
2078 2263 2926 3422
2446 2700 3702 3872
1807 2669 3222 3242
50 1041 1788 1068
161 3745 2523 3857
3103 1930 3470 3840
2361 1394 3051 3191
173 602 3380 1104
697 2486 3389 3137
76 1171 3172 3166
1089 2513 1183 3916
2111 2310 3712 3766
1623 4 3450 2229
1151 3732 3198 3759
60 384 3721 2556
493 1032 3955 1820
854 707 3009 3079
389 863 2641 3400
2001 1129 2117 2260
3243 332 3863 1363
537 3069 1311 3837
447 2565 1922 2767
506 1446 896 3214
977 398 1637 1081
1421 1071 1475 2195
1043 1574 2483 2910
2305 2131 3879 3209
1635 1804 2145 1858
306 891 2108 2952
3256 177 3645 3829
312 68 3571 1987
404 1512 3518 2799
1419 824 3289 2461
1978 177 2082 806
1389 1442 3792 2361
1861 3360 2307 3874
207 3825 839 3915
423 378 3214 798
1018 955 2581 2749
352 403 2412 3197
390 222 793 2347
73 3250 1198 3817
999 2101 2904 3766
1645 1629 2109 2431
1690 555 3467 1863
417 2950 913 3934
40 2659 3010 3464
2778 289 3624 2476
1797 2807 2938 2861
54 2889 3062 3063
3261 1139 3800 3368
32 2156 3079 3375
10 3554 3809 3842
421 3532 1886 3954
3039 1286 3872 3639
3025 460 3393 1725
2327 1515 2769 2552
12 1009 2491 2835
1994 1040 2822 2600
1944 64 2769 625
570 195 1344 1667
1946 2626 3780 3549
1178 935 1984 1905
463 316 1243 900
149 397 614 1348
1314 422 3720 1825
1924 321 2108 1576
14 2542 488 3406
236 538 1800 3645
637 195 2932 1418
315 158 2257 985
576 2750 730 3212
2372 817 2408 2704
1271 444 1949 3735
1320 93 2449 3863
511 748 1325 3882
2045 1941 3083 2085
2893 2207 3278 3941
1283 2969 2115 3991
173 1364 3875 1381
896 207 1985 1429
707 517 3744 1048
51 1620 3789 2953
596 2742 2780 3227
523 1356 2019 3493
1648 2168 2337 2815
1438 3124 1510 3953
248 2501 3747 3236
108 940 1453 3006
1684 1722 2099 3705
1604 479 3914 3881
722 1597 911 2804
2782 2195 3746 3644
2050 1070 3712 2521
198 2023 1704 2204
1870 1280 2729 1706
2861 2240 3006 2735
701 2378 1360 3648
1355 141 2312 2634
2081 162 3672 937
1333 409 2279 1711
377 181 631 1047
181 2388 423 2879
1960 2088 2470 3064
665 9 1686 3312
16 424 807 2165
2789 1465 3448 2203
1466 43 1816 2710
3311 2888 3432 3019
2295 250 2583 2092
632 876 2407 1139
2352 756 2766 882
1525 1036 2470 3716
1146 2042 1287 2247
1681 3130 1769 3429
2116 1623 3034 2508
3113 972 3396 1897
1933 344 2792 3364
356 1408 2156 3793
70 2518 1917 2677
2057 2619 3301 3954
1795 2957 2000 3459
662 634 3929 1145
2207 1345 2785 1548
8 70 607 3367
1504 468 3593 2329
905 1295 1773 1411
380 669 3700 1808
1181 1459 2172 2055
1073 265 1310 2207
2561 245 2714 338
796 624 1068 2010
2269 1282 3173 3934
563 3114 2175 3488
1580 3537 1873 3939
1568 1791 3263 3318
190 1730 3654 2455
514 2232 2960 3400
1086 1464 1188 3841
1130 1898 3023 3318
220 2500 686 2681
1271 3103 1445 3970
848 424 2185 1449
1250 1760 3143 1922
1802 1358 3526 2019
76 1722 226 2488
849 467 3260 1538
1096 3759 1913 3992
3587 1265 3735 3797
3274 1191 3834 1314
898 1599 1765 3851
117 1132 3127 2271
415 793 430 3391
2759 1422 3383 2717
55 2955 3861 3521
1912 431 2391 1191
1303 2305 1850 3136
1726 3182 3948 3951
1822 3614 3606 3928
1024 2084 1333 2174
2352 6 2476 3541
1903 1174 3043 1748
177 1999 1798 2449
626 3886 1474 3991
1510 580 3899 3675
2597 3275 2716 3846
2351 1639 2915 2002
2328 221 3390 1644
76 956 91 2973
1507 791 3484 2996
2083 1878 2736 1958
468 1614 644 2830
2727 2034 3805 2721
1561 2900 3946 3650
418 851 2567 3195
1926 1504 2588 3928
1306 1338 3659 2323
3032 1470 3759 2498
1347 667 2285 1155
878 1542 2558 3586
4 2237 2040 3006
1504 134 3842 1667
889 748 2305 1776
1390 2404 3494 3083
441 905 2492 2909
1429 2603 1695 2634
1547 245 3732 286
1016 1834 1828 3812
3010 2908 3367 3154
1013 977 2021 1766
1596 1152 3827 3591
2380 836 3962 3917
1238 2300 1748 3599
143 226 1993 3782
1445 174 3173 3313
1304 44 3101 3425
1036 1748 3932 1978
3733 1986 3777 2683
1451 3595 1780 3987
3286 274 3539 3842
1560 3150 3516 3769
2847 1528 2953 1774
642 1753 3501 2508
725 1057 805 3743
257 1094 3392 3142
1275 230 3766 3058
2428 990 3438 2756
1402 1025 2167 1400
1214 3734 2941 3817
1964 2079 2080 2812
504 61 1121 524
737 1176 1725 1994
2174 1705 2712 3987
1696 595 2739 607
252 2767 3270 2923
2295 58 2698 3875
3441 583 3849 1876
557 117 1915 1830
2980 2547 3125 3287
1576 1147 2706 2875
708 654 3523 1437
561 25 3592 3427
452 200 1944 1521
3619 563 3690 1914
179 613 2377 1427
2330 2651 3206 3174
1879 1151 2229 1881
1118 79 2572 3358
663 461 2031 924
73 1594 3080 3802
1124 1125 1219 3358
2690 322 3609 3697
3009 305 3560 1971
2111 853 2636 1045
2123 3785 3946 3915
675 2137 3940 2662
392 1296 1384 1601
2605 2096 2950 2863
2562 54 3693 2310
345 1220 1639 1807
1806 2089 3749 3739
200 1033 2013 3132
1284 602 3080 1365
255 481 2678 1700
1726 925 3182 1022
1325 321 2844 686
1528 3062 2670 3286
682 525 1596 3484
1288 1684 3142 2864
570 593 3160 1802
644 1479 1477 1596
983 306 2808 2724
471 1851 812 3680
865 2405 1978 3217
2602 928 3072 2169
1457 577 2011 917
256 563 1889 2120
801 4 3490 3545
545 1552 3238 2019
229 677 3961 1108
3280 2037 3547 3952
376 3421 2078 3764
567 1820 3489 1854
491 2956 2163 3125
1693 27 3049 1908
1326 3071 3350 3575
1633 1206 2084 3225
1842 2054 2673 2450
379 1389 709 3477
2063 437 3140 1271
920 2067 2013 3082
343 1040 3780 3652
710 3120 1703 3735
1323 2168 1921 3227
874 106 3971 3246
2120 776 3157 1870
2383 128 3394 460
864 2086 3988 2167
2014 904 2055 1741
2011 3437 3231 3462
3170 1520 3942 3467
2031 1640 2812 2366
30 1889 3389 3424
145 1787 3539 1879
1138 3440 3102 3518
225 990 1098 2410
893 1379 1005 1449
2183 1324 2460 2931
117 497 2997 717
1368 1288 2463 3988
838 983 1983 1877
1013 2339 3597 3024
1777 853 3712 3897
1006 1611 2225 3964
741 910 1513 3708
1001 874 1040 1157
721 1093 960 1598
2371 497 2618 1186
2810 2183 2910 3810
47 483 2308 3667
374 3092 1004 3918
958 385 1728 3036
14 596 2921 2349
3478 639 3633 3574
725 206 2369 3612
796 546 1883 1157
284 1608 600 2537
1337 2245 2306 2626
275 413 340 3418
1295 1870 3966 2000
2210 151 2679 2038
924 2701 3731 2961
552 975 1294 3104
1498 524 3155 3975
1274 1445 2667 1748
260 2212 3572 3383
1752 933 2953 2700
1694 1852 2832 2668
619 2955 1358 3907
221 2534 2543 3957
49 1022 2236 1671
76 1484 833 2156
1454 1230 3799 3337
1800 168 2328 2361
2172 920 3658 2265
707 1568 3622 1969
2074 679 3920 3898
1817 1078 3831 3586
402 1850 654 3389
1089 1426 2745 1477
2683 863 3338 1407
1873 887 3930 3077
1604 1070 2433 3722
988 1636 3040 3241
242 1307 2322 3446
302 1535 2575 3925
2152 397 3595 1712
2503 2691 3134 2764
2790 913 3975 1454
2403 1767 3596 2690
935 1597 1883 2372
763 1054 1126 3361
1935 40 3697 1302
820 1348 1717 3377
225 2898 1867 3415
1258 260 1510 1231
2078 188 2178 457
166 690 2645 3797
2117 255 3407 2829
1725 747 3277 1989
566 215 1582 3344
820 223 1805 340
2365 357 3048 3192
895 127 2872 1214
2617 935 3435 2666
2374 1210 3705 2924
1026 343 2554 3465
347 798 1893 1273
1899 930 2136 1531
1693 848 1929 3546
1229 3554 3456 3840
273 518 3786 2624
1201 1969 3659 2139
3513 448 3645 3239
196 1565 1596 3761
1315 864 3583 2463
2860 3883 3322 3935
413 3351 2288 3724
1058 803 3133 2744
739 2409 2988 2870
2529 2582 3493 3865
3793 611 3985 3007
414 3499 2544 3659
1616 2291 2245 3073
1038 2436 2380 2856
2932 2970 3359 3208
1219 910 2726 1560
921 810 1934 2803
115 3309 3585 3856
1390 1718 3993 2987
1335 2457 1723 2667
1648 2623 3949 3031
342 964 1800 1348
2316 2278 3303 2349
291 1003 3178 1558
174 188 2238 916
35 229 1482 3273
2082 3123 2467 3482
962 1141 2141 3690
1818 1997 2686 2975
1355 3384 2232 3807
2631 527 3087 1881
2378 551 3643 3451
276 1536 724 1843
1756 666 3388 3962
1271 103 3425 466
1035 483 3888 2138
1735 522 3655 1030
339 360 1750 1106
1552 462 2911 2809
1045 2507 3530 2747
20 1562 2379 3016
124 1569 3655 2418
1360 453 3397 1173
97 987 608 3049
844 872 2564 1512
544 272 3097 3787
176 81 3611 2363
1167 3559 1346 3637
1251 337 2570 1801
507 2214 3981 3012
808 1099 2011 2211
667 1831 1767 3255
613 624 2697 3556
2378 244 3312 2151
3531 1405 3942 3786
1569 346 1668 3876
1996 352 2388 3061
258 3085 909 3957
3407 909 3534 2782
623 819 3444 1040
2440 2094 3526 2380
2266 3044 3903 3528
638 646 3033 3817
533 631 3044 2166
1037 1080 1554 3737
933 1503 3189 3022
1776 2237 3096 3223
1174 1875 2275 2280
497 1108 3488 3633
3383 820 3457 1308
277 1338 1277 1708
52 1271 791 3349
1239 2506 3692 2867
77 285 2870 3129
2168 2562 3651 2896
1460 3384 2205 3584
97 39 1260 624
206 157 3848 2739
2111 592 2861 2055
2356 1360 2784 2996
456 572 1941 3733
1306 5 3827 1401
894 2636 1134 3056
737 122 2645 1061
442 1413 3276 2090
1140 135 2041 3404
1310 2389 3876 3538
339 1429 3080 3466
1863 1513 1971 1540
767 1134 2622 2280
871 149 1012 1524
977 1275 3517 2743
402 670 993 3640
1748 1072 3089 3202
692 3405 3630 3644
2866 1398 3249 3502
3535 2824 3942 3401
1712 573 2867 716
3395 534 3954 1917
848 641 3925 2409
1011 1792 2189 1944
2662 305 3795 3316
429 368 516 1697
1124 240 1899 1831
192 80 2100 897
1428 3652 3915 3989
1902 514 2821 1375
56 212 2624 1130
2203 219 3475 2068
535 2967 3916 3071
2002 417 3385 2671
1238 162 1556 1192
946 437 1634 1773
15 1497 1618 2641
2499 2191 3357 2843
1613 1133 3829 2040
2894 2478 3900 3230
590 2226 2781 3390
593 1511 2655 2015
2824 129 3281 750
398 3207 726 3588
1959 1612 2021 2808
2663 965 3077 3888
734 1613 1661 2054
183 1464 1325 2492
2054 906 3689 2094
288 1512 1203 1915
2632 99 3031 234
2512 2147 3289 2780
2918 2210 3958 2555
2731 1644 2852 1772
635 736 1649 2997
1685 589 2470 2312
1446 2236 2071 3315
930 659 1944 793
3100 3459 3411 3973
1522 3052 3869 3757
1564 1152 3618 2024
1157 3594 1433 3696
760 186 2876 857
1256 1070 3868 3310
1967 399 3865 815
774 1736 1379 3486
2749 2391 3573 3408
1764 45 2214 1897
482 848 2997 2654
1517 329 2731 2134
955 3272 1745 3514
2575 604 2655 1527
734 948 1955 3077
395 1342 3983 3923
1710 910 2767 2174
36 181 2166 3715
1107 3842 2193 3969
1597 906 2103 3990
515 1575 731 2079
757 405 1978 3563
2836 2544 3602 3623
811 86 1341 220
1434 1812 2180 2687
285 2268 3798 3780
1754 1670 2382 2647
906 112 1246 671
148 305 957 3988
1982 2613 3081 3990
624 352 3675 1016
3340 585 3466 2076
2048 1903 2650 3423
3246 1095 3980 1561
691 461 2766 2257
347 1723 528 3727
1573 1817 3866 3860
1711 1112 3742 2128
2735 434 3671 2840
2381 569 3802 1599
3044 1301 3255 3291
239 631 1685 3358
1360 649 3788 736
1569 731 2418 1548
564 1889 2058 2763
1207 147 2878 2018
1115 3819 1774 3945
1370 1432 3695 2201
675 744 3886 2435
2883 1339 2902 2145
1950 1152 2182 1559
1474 2407 3614 3697
2288 1088 3251 3317
181 1894 1588 1992
2137 73 2506 3279
844 1873 1000 2656
285 2876 870 3279
167 1442 3545 3748
631 3533 1182 3775
2177 736 2483 2875
1934 221 3668 932
939 639 2047 2627
710 440 3568 2669
388 1054 3461 3091
1140 3855 3985 3998
2992 2591 3710 2931
838 353 1609 2010
1266 1350 3370 1472
905 646 2093 1375
2453 797 3945 1107
1090 2027 2903 3312
468 14 2127 429
1359 696 3456 2797
1601 1813 3515 2017
729 69 3036 623
1861 1677 2941 1712
1812 1868 3899 2177
244 2965 303 3272
87 2348 3554 3178
1811 1344 2407 2614
341 439 655 2541
3296 514 3676 711
1115 270 1157 1609
3554 94 3903 870
1198 3153 1678 3829
269 2026 3069 2744
1496 762 2135 1069
2177 1489 3580 2275
1776 1130 3292 1861
219 1153 3174 2326
50 341 3071 3583
1807 144 2210 877
2114 179 3048 3261
884 634 3188 3103
2133 911 2510 2556
1159 1523 1705 2718
777 1747 3571 3416
995 2763 1469 2914
1099 2742 2807 3937
305 1228 1933 2874
3638 2435 3951 2476
1136 1810 3120 2799
2012 1186 2731 3281
1165 1080 2857 3726
673 334 1684 3684
3080 1608 3466 1801
2819 365 3151 2121
472 1533 2524 1651
327 1522 3167 3935
1262 2413 3506 3472
2041 2096 2569 2616
614 1057 3739 2242
3422 246 3754 2608
1126 315 2265 409
1579 1059 2591 2706
1296 463 3988 1950
1809 1655 2991 2485
1952 373 3766 1217
2638 349 3042 3406
1347 1987 2625 3565
3805 266 3975 3234
1289 1172 2405 1955
2482 1204 3913 2682
1592 1724 3753 2266
421 3708 3462 3744
1501 477 2093 3902
302 1440 693 2062
173 1420 2788 3221
2375 471 3532 1210
625 1122 2580 2998
113 1207 149 3011
2197 1491 3848 1616
1878 1001 2024 1783
438 38 740 3743
2255 1012 2766 3710
704 1358 3314 2958
1489 402 2562 2823
321 1667 3145 1691
2182 581 3605 1028
1005 165 1927 1659
296 701 2458 1448
1338 2422 2946 3940
1956 2210 2688 3807
1426 119 1496 1963
296 49 1505 3508
496 2434 1646 3912
2552 146 3211 2436
591 2868 1318 3709
3817 794 3986 2296
1381 1532 2313 1942
274 2638 966 2848
2967 1507 3406 1508
137 375 2970 2087
833 345 3940 848
1122 2392 1992 3444
695 1216 3489 1319
2894 455 3503 1427
570 1957 1805 2903
256 229 749 3475
370 850 3931 2013
1418 977 2200 3278
3519 445 3923 2289
226 2076 1502 2535
910 1677 1357 1892
1877 2498 3948 3915
104 2671 335 3659
2513 3049 2738 3657
1257 1992 1320 2863
797 1158 2363 3628
504 7 2978 3768
1260 1213 1685 1341
1364 714 2913 2072
2393 34 3184 1554
516 413 2044 2730
406 744 1217 2389
49 871 1002 1319
947 124 1950 2656
1730 1212 1733 2063
3121 1333 3328 2122
1354 57 1369 2061
3466 243 3957 2625
519 591 3386 608
164 3556 1120 3831
1621 4 3705 3186
3897 101 3915 270
1368 190 1894 1852
2629 1757 3773 3556
58 3157 272 3450
380 1739 2963 1850
890 2136 1278 3408
348 1619 2082 1994
1204 2265 3006 2398
505 2583 3131 2665
2750 103 3392 1349
1935 1059 3301 1894
480 1976 943 3055
440 3600 517 3672
1576 209 3498 2624
1477 159 1713 3902
1963 1324 2042 1792
1523 9 1623 291
2155 1617 2523 3672
1132 1689 2894 3236
923 533 2473 3118
646 776 2020 3566
778 759 3326 3899
2803 472 3593 1597
284 714 3512 2783
621 1940 1510 3836
1070 2173 1189 3425
162 420 2431 1564
1912 2142 3694 3652
1634 472 3909 3176
1070 335 1911 2860
624 829 2578 3538
2277 1791 3941 1979
565 1473 3775 1773
2821 1292 3882 3226
931 1401 2298 1408
559 104 703 395
493 1577 3620 2866
746 1327 1074 2859
3027 105 3819 3490
2142 2227 2427 3546
954 3193 2885 3286
848 329 2001 3981
1410 3007 1804 3785
1402 845 3562 3071
742 1924 3406 2409
210 96 261 2585
125 2183 926 2781
1737 34 3683 820
808 410 2315 3941
2416 525 2523 1257
323 2140 1270 3641
1169 2348 3483 3070
1827 666 2283 3625
2392 1794 3772 2235
97 1344 3224 2808
70 2229 1998 2413
2674 1992 3473 2091
535 93 640 3042
2113 1972 2169 3871
237 166 1863 3196
1534 2900 2083 3844
2216 2496 3833 2697
106 235 3743 556
240 3735 1997 3993
1195 424 2536 1369
3148 2354 3411 3453
2092 801 3048 1064
2282 688 2579 3958
3289 832 3301 2254
1524 2126 1755 3482
525 2733 3422 3825
334 599 3956 2649
1327 728 1809 1430
2780 1289 3910 3533
455 1109 3696 3312
2849 766 3164 3002
1445 689 3832 2030
595 102 3732 2894
1805 910 3180 1752
445 2280 590 2765
2188 3232 3214 3853
367 1097 2801 3067
2368 87 2469 3942
2740 882 3454 1081
439 1267 1894 3138
282 3250 1515 3459
3386 1134 3990 3854
928 841 2606 3565
153 462 3353 907
3232 2232 3825 3801
2686 1092 3106 2298
1941 3104 3517 3451
496 403 2209 2799
1684 1313 2125 2051
487 598 2547 1184
1162 1148 2737 1514
1705 1215 3758 3098
1158 762 3759 3994
1344 1307 1491 2994
383 2004 1652 3886
2392 3543 3921 3580
1604 3807 2264 3821
3190 258 3996 2820
1099 2816 1875 3668
1418 1579 2198 2315
408 2533 917 3998
2721 1036 3415 1083
1846 2214 3849 2864
3093 2269 3466 2315
1165 436 3962 3708
656 644 3125 3357
105 265 1959 1935
1213 1658 3251 3270
1393 1573 3102 3162
2039 1048 2357 3052
2790 384 3811 2361
2107 1446 3596 3479
498 1454 3899 2087
1228 835 3083 1683
942 318 2097 2000
1691 968 3228 3514
201 135 1848 3346
1289 495 3193 710
59 2343 3422 3872
1433 2936 2435 3705
2169 322 2599 1879
1373 2276 3874 3909
1688 491 2905 2932
119 1660 2726 3295
22 1197 2180 2048
3218 1235 3820 1637
1783 1563 2671 1577
2372 1252 3884 3931
983 694 2005 1787
1345 450 2556 1402
2723 608 3025 1448
2555 294 2881 449
132 500 1537 3514
703 1521 761 1640
1434 469 3900 2916
114 1140 936 3298
707 1932 2593 2340
752 1125 3865 1942
2368 739 3655 1099
1253 2337 2327 2390
1232 3374 3224 3853
166 3020 3218 3209
2728 2768 3839 3508
248 2240 2267 2252
1458 2981 3145 3583
2155 1018 2946 2574
1321 744 2600 3167
1951 3109 3214 3498
703 460 3274 2685
2880 1073 3324 2154
388 1341 1339 2821
2278 597 2343 2609
590 1652 763 3721
586 1392 1176 1792
1544 38 1745 1373
760 234 2536 608
1721 449 3480 1522
91 1987 2472 2171
1585 2976 2894 3300
1430 835 2046 2048
2001 2070 2576 3834
908 1024 1548 2979
233 585 3348 1047
900 619 3569 3062
329 3324 2728 3402
546 2584 3540 3809
1459 973 2176 2841
269 1718 1609 3473
1476 112 3331 1151
1741 283 2876 3737
1187 1343 1479 3676
820 1155 840 2452
2117 1413 2123 3221
2831 975 3828 3716
678 3205 2205 3566
2175 477 2266 2626
2487 2061 2774 2406
2823 598 3225 3214
1169 376 2401 964
2001 359 3431 506
661 2226 3906 3798
649 2626 2337 3884
1400 1068 2856 1540
773 646 2009 3101
1949 743 2193 3675
29 294 486 2574
672 2896 2592 3121
1011 3139 3052 3808
1544 173 1549 728
1533 3152 2132 3157
1425 2537 3532 3609
139 1298 1505 3556
992 1748 2091 3053
656 173 1434 3175
276 1096 1889 3027
1715 3345 2336 3874
1503 1853 2338 2631
1069 2323 3713 3702
3178 1844 3446 2669
3442 2405 3685 3409
457 3 2502 3352
919 1488 2196 3458
2212 796 2539 1788
236 2450 2138 2655
1369 1141 3172 2789
1073 911 2532 1787
2836 881 3893 1369
689 3581 1635 3693
306 2105 3189 2486
724 2479 1396 3278
2963 1562 3514 2106
1094 598 2014 1774
1053 1982 2308 3522
3971 247 3985 3237
1989 569 2010 591
1465 1098 2011 1108
1299 1407 2807 3813
3440 1361 3886 1758
2575 1624 3396 3977
836 1202 1638 2302
629 2896 2164 3420
1136 2387 3620 3236
219 1439 1701 3129
1998 2971 2365 3032
2899 92 3404 140
512 30 3779 1249
741 1669 1581 2638
2928 3646 3344 3710
768 1675 2720 1827
2890 2521 2940 2812
1786 1280 2393 2148
2781 626 3137 1983
585 2703 2169 2944
1758 3460 2293 3840
851 719 3461 1158
822 2877 2021 3597
1634 702 2238 1536
1939 2125 2439 3643
352 2230 390 2708
1600 716 2031 3956
2717 2169 2736 2219
410 247 3427 1177
3133 1558 3201 3549
1173 2793 3602 3341
318 2173 1229 2816
1713 629 2573 1882
427 1293 1845 1861
1263 3572 3462 3582
2580 2604 3994 2628
1434 66 1943 3474
820 1958 2952 3268
1542 1411 2173 2292
61 2046 473 2946
2968 488 3234 3561
985 965 991 3550
152 340 1363 1326
3069 3429 3532 3744
1369 631 2930 3047
3554 1836 3646 3120
1076 655 1085 2712
197 32 2795 1502
3165 2461 3335 3372
283 1649 1536 2389
2078 3054 2388 3164
1040 3189 1302 3730
2121 1694 3942 2873
39 2762 1244 3371
2379 1424 3470 2856
525 2463 1378 3116
265 1176 741 2605
82 2266 446 2718
39 108 127 515
1584 1445 1914 1953
1585 1707 2999 2928
1682 2485 3669 2714
2495 803 2844 1888
407 3007 1499 3621
1307 705 2768 2494
2808 3289 3682 3451
2937 2812 3388 3870
1043 2352 1838 3859
2958 3087 3865 3955
2141 234 3526 388
1142 242 2945 689
3156 2689 3173 3429
514 1196 3647 3168
1630 3404 2642 3972
2787 1952 3706 2528
423 575 3787 2799
2688 1060 2699 1847
95 2357 3042 3252
2825 177 3350 2806
2303 443 2961 1873
2309 1009 3332 2754
196 601 2561 3954
583 2778 1525 3188
687 2783 2219 2903
85 572 3087 3480
447 181 3316 1747
710 3155 3869 3530
97 422 2203 3543
1642 197 2128 2564
2189 476 2746 2149
2765 645 3811 2645
649 345 651 2464
2218 396 2574 1569
923 1588 1517 2021
1799 3432 1844 3890
1135 104 3796 2678
232 1162 416 1505
1838 2041 1845 3202
285 312 3529 1936
239 2997 3634 3371
1004 139 1650 1847
3465 849 3982 1027
90 3299 3927 3990
59 390 3024 908
2 3443 3199 3559
610 1218 3930 3966
523 1409 587 3673
3907 222 3986 2005
1071 883 2152 2020
1197 1105 1997 3943
2093 1140 3191 3782
411 1601 3342 3087
1958 3772 2746 3777
629 911 3814 1188
3064 2968 3652 3313
1446 1287 1784 3698
108 594 1155 1399
528 91 3789 1603
2260 2815 3681 3439
2212 1593 3915 3341
819 698 3325 2500
3235 572 3912 3566
20 2460 2440 3601
142 199 535 3482
947 1550 2848 3803
23 237 851 2744
480 3079 1852 3852
1 551 2853 2989
412 286 3541 2845
897 995 3805 1070
360 683 3476 2166
1449 1030 2378 1796
1165 747 1504 3991
625 391 3964 2415
274 3064 2833 3581
1335 472 1636 3882
607 117 1295 1292
2430 2637 3257 2971
1114 1017 3168 1299
993 766 1446 3129
985 1421 2909 3797
905 86 2007 2983
1043 285 2048 694
1622 235 1635 1477
192 1871 353 3748
689 934 2616 1624
15 875 915 1954
459 1112 3348 2548
255 1622 2359 3471
2264 2007 3387 2142
3269 2471 3790 3221
1215 1261 3008 2896
421 774 2959 1316
475 287 3683 2991
45 1086 1926 1730
190 1960 981 2266
1472 1323 2540 3291
1165 115 3552 2742
2048 3797 2205 3936
54 1170 1142 3261
2289 2573 3305 3012
178 2328 640 3305
474 2055 761 2982
2751 1920 3265 2031
1436 446 3392 3973
192 3505 698 3640
802 2919 3468 3481
2981 1217 3138 1999
477 236 605 2629
1122 1554 2891 2964
1984 1488 3205 3063
1730 553 2054 3757
1547 3309 3102 3931
393 1450 2324 3280
764 110 3959 3283
1798 1389 2668 3666
919 965 3298 3093
2010 714 2330 3301
878 1057 3415 3554
2665 3255 3724 3452
29 156 124 737
2282 522 2873 1259
1811 112 3382 429
910 1461 2654 3710
1428 1960 2071 3687
322 876 1229 3659
633 1291 2293 1595
1854 1734 3964 3770
417 1903 425 2337
579 3171 2051 3367
2185 1679 2187 3197
1415 904 2636 1683
205 352 2422 2105
672 2405 1636 3629
3186 1267 3672 1503
910 783 3616 1258
2071 888 2521 2292
2 1553 585 2332
2931 1812 3088 2828
2516 10 3434 2734
201 692 2237 2343
10 2161 633 3852
383 928 2928 3281
1203 80 2062 1146
1158 1304 3872 2575
198 2915 560 3482
361 212 659 1198
678 153 2245 2231
591 1460 1891 3985
2558 1046 3899 1850
61 142 474 3212
2052 931 3832 1750
630 2851 1810 3302
1037 1438 1065 3099
95 1117 540 1354
72 891 3352 3642
1454 755 3413 2935
1746 3617 2514 3770
704 1218 3596 2935
3264 453 3713 2664
2789 136 3736 266
680 1401 2632 2048
862 1486 3587 3212
2009 3642 3436 3684
3136 125 3920 3772
446 2154 1724 3958
829 47 1884 1949
1081 1525 1249 2545
142 268 729 1812
1072 397 3796 2214
39 2608 1005 3123
1040 2977 2879 3135
1302 504 3634 2742
2744 1481 3806 3583
408 1594 517 2545
3311 2404 3724 3912
1075 699 3298 3558
112 2742 2808 3411
3259 1216 3637 1359
2445 1833 3586 3475
638 2129 3705 2560
821 2602 2778 2624
2437 1170 3521 2254
565 529 3183 1771
1510 1076 2678 1218
2493 5 2695 851
2307 398 3644 1989
1724 3480 3593 3634
368 1720 2578 2166
371 976 1856 1134
1271 604 2700 1678
906 1359 3288 3378
319 1162 2951 1523
397 628 2030 2478
536 1151 3615 1590
1340 1570 3007 3855
326 1528 2584 2196
2658 1011 3957 2801
2519 2580 3545 3804
160 1662 1087 3979
2208 313 2936 3842
1391 1512 2425 2678
349 1930 467 2777
426 607 785 1504
579 708 3275 1559
980 12 1682 1959
443 925 862 3081
2238 851 3759 3912
2127 2941 2209 3254
1606 2089 2440 3097
2596 3207 3911 3283
927 933 1551 2707
705 2259 1719 2440
494 654 3148 1877
1665 2953 3322 3953
699 575 2556 2936
148 1555 1740 2372
640 1650 3718 3102
482 2012 955 3275
753 141 3972 2411
2463 421 3082 721
1001 536 3150 1925
904 2557 3060 3018
3203 353 3389 916
16 122 185 719
606 1548 1254 1718
1659 615 3968 2755
2904 889 2977 1943
1366 1605 3734 2543
957 1519 3049 2740
455 418 2335 1597
226 152 2173 420
2075 235 2434 2102
1210 2302 2168 3572
827 214 2528 2982
1267 3146 3281 3471
960 3089 2989 3730
1433 2023 1890 3341
527 177 1378 2147
1941 3123 3969 3467
1698 2888 3381 3436
84 1867 480 2752
227 1851 3435 3037
949 1589 1901 2705
461 22 3038 3270
519 1956 2097 3638
3057 2641 3957 3254
35 2433 2581 3878
1015 296 2830 1964
477 954 1852 2110
2175 382 3631 2585
302 2129 1832 3113
2834 42 3017 1239
901 1855 3643 3009
4 397 2094 1366
2328 272 3508 3023
2550 191 3959 3868
2028 2181 2366 3266
3244 976 3453 2729
2930 2714 3418 3618
1360 74 3110 436
199 2723 3964 2751
16 1811 546 2484
952 426 1466 1956
2012 517 2644 3778
2382 1456 3195 2630
1355 566 2910 2846
2231 3435 2795 3655
2516 1684 2942 3575
253 2616 2036 2941
1526 1005 3016 2091
1260 2107 1308 2180
1741 3378 1921 3968
668 1265 1563 1273
1844 506 2402 1560
1610 29 2099 358
858 896 2121 2482
565 2598 2928 2660
889 292 3941 3342
880 1734 3405 2327
1355 1371 3608 2832
1399 2971 2893 3466
65 1094 3553 1808
935 212 1673 2064
1895 687 3026 1699
2439 262 2482 728
793 409 3224 524
1526 854 2614 1563
1163 2558 3047 3106
1039 300 2995 3102
548 309 1782 893
741 2117 2191 2925
3085 211 3881 1165
1965 423 3335 2766
314 915 3432 1569
2539 1845 3888 3678
810 383 3687 2135
181 1477 3416 1857
2174 2994 2621 3611
2892 897 2899 3202
604 298 1024 1026
458 2084 1310 3008
1447 992 2615 2879
2677 1426 2986 2249
871 1936 3909 2108
2867 1941 3630 2127
1450 115 3170 757
598 231 3923 389
287 1915 2856 3406
746 1586 1070 3672
116 96 735 1843
1981 2334 3162 3250
562 2732 1806 3451
2931 1 3738 891
50 3355 1467 3685
56 1386 3908 3689
2135 85 2838 103
40 33 456 1587
1103 3268 2183 3850
1484 1205 3169 3580
1120 612 3856 3686
19 700 1267 3342
1139 2446 3693 3993
425 1746 3779 1978
64 1618 2546 3011
1551 2523 3618 3184
1138 125 2804 1709
835 1012 2711 3193
1068 2267 2630 2284
1490 164 3556 2157
1124 1911 2541 3923
307 1284 3297 3761
3015 2796 3537 3061
345 165 3176 3012
157 375 2585 2691
2566 122 3172 1260
1553 2749 3938 3947
2882 1139 3606 1189
8 2221 1533 2488
1341 276 2030 3987
279 113 1591 2128
1961 914 3355 1736
213 2254 3787 2921
769 2022 2115 3701
1197 511 3224 3229
387 1885 2401 2824
601 128 1749 3945
2570 778 2871 2105
1710 757 2047 1207
310 734 1171 2447
1556 2363 2141 2646
1305 1634 3648 1887
1086 830 2360 1279
974 1304 2578 3247
817 677 2502 2278
1848 1131 3019 1974
1684 701 2210 1297
94 2867 1132 3341
1335 549 3422 1400
358 992 393 3257
32 1790 3351 3444
119 1862 1469 2855
2155 3140 3211 3980
1939 46 3861 2448
995 457 1742 3195
3438 542 3839 3967
879 1561 3609 2456
462 1927 579 2758
3768 1361 3974 1844
1271 712 3839 3848
1366 2081 1617 3428
1521 688 2407 3323
44 15 2659 2823
2555 1206 3673 1354
1530 2022 2766 2165
853 443 3629 828
621 2245 1412 2297
1929 665 2819 2011
2218 2148 3693 2370
3083 1879 3292 3912
1239 983 3769 3423
2292 318 3670 1718
1260 16 3662 3845
2248 3462 3030 3529
1477 341 2714 3061
774 96 2751 375
1254 2695 2755 3030
253 454 2754 2731
440 766 3374 3502
629 1784 2662 3974
361 382 3711 1292
471 1143 780 3484
123 2957 3791 3558
1438 458 3458 575
2961 1182 3995 2532
2693 2293 3774 2381
376 2105 909 2387
110 920 400 3569
2214 460 3909 1174
1890 1894 3073 1964
2235 1052 2558 2040
1081 318 2344 1388
3798 569 3991 1975
2522 2260 2946 2460
2470 789 2841 2288
2135 2263 3669 2263
1854 3228 3618 3844
2957 1255 3974 1454
236 2280 786 3496
1317 2123 3164 3849
2689 980 3201 3758
345 171 1267 3569
903 4 3362 631
2791 2713 3307 3965
714 1396 2546 3145
2699 1129 2724 1731
2653 296 3260 1125
1176 1671 2607 1801
3385 1355 3754 2514
1451 1322 3056 1916
114 798 1226 3826
550 2305 2542 2743
339 433 3065 3217
548 224 2219 654
40 673 857 1807
279 780 1136 910
3355 1282 3989 1878
600 982 3974 1582
1962 1564 2195 2086
2991 3470 3272 3947
169 1328 1227 1434
2454 637 2779 3325
3311 865 3348 1854
2926 91 3695 3462
1336 1997 2415 3275
598 1300 2627 2354
272 53 2541 3666
327 2497 1042 3635
824 1609 3763 2004
851 624 1932 1447
193 419 3345 1868
959 1593 3672 3452
3253 1457 3730 1488
298 1232 2526 2220
1050 1239 3452 1718
3158 860 3364 3595
478 1713 2532 3613
747 2997 3850 3738
172 1427 2526 2980
1104 2931 2828 3681
77 2482 3332 2512
1655 1529 1861 1732
1326 328 3514 3038
55 272 118 929
416 2463 2512 3500
822 1656 2789 3777
597 1858 3886 2609
239 475 1125 916
1814 1799 3562 2627
2415 1996 2705 2461
514 1354 3692 3379
1014 1256 1398 3211
1530 2316 3693 3727
312 1115 323 2789
632 664 1002 1025
688 1982 3331 3389
1076 752 3819 2821
1638 1059 2840 2850
1429 771 3872 1872
3174 1207 3633 3102
355 718 1980 1822
987 1282 1774 2072
391 1217 792 1919
1491 645 1792 1655
748 1024 3716 3176
249 3151 2120 3783
2155 509 2837 2525
163 1156 1644 2893
1004 596 3662 1285
132 111 3364 2867
1137 98 3292 3499
1349 1479 3745 2686
1640 1543 3056 3162
1489 1247 1883 1978
961 1261 3168 1381
2678 3389 3524 3827
504 1167 1540 3874
773 550 2182 582
1768 2415 2782 3514
1352 472 3816 1418
2294 1277 2917 3232
749 666 3845 3705
863 1558 1532 2546
856 794 2126 3007
781 1771 1247 3855
118 1608 932 3138
2854 949 3438 2662
194 909 1375 1921
3478 2041 3903 2947
181 106 3255 2253
826 542 1129 2788
2689 364 3793 700
828 971 1922 1789
58 1182 3168 1346
1391 2103 2517 2646
3336 2747 3680 2834
454 1346 3460 2824
2236 711 3835 2108
200 859 709 3743
1876 344 3538 529
2758 1422 3551 2606
1615 1858 3351 2097
574 738 2074 3869
122 1122 3080 3944
3464 290 3630 1617
691 175 3253 1862
1777 792 2885 3547
2023 836 3518 2048
219 1991 3013 3193
798 499 3405 1363
1638 1121 3006 3767
509 2215 2465 3187
444 950 2277 2889
1751 1787 2369 3430
1797 1281 2542 3452
902 857 2409 861
907 1015 3901 1555
283 1890 3320 3441
156 81 3303 3040
1566 405 1942 3130
2311 274 2981 2760
1995 996 3166 2621
546 879 1293 2212
2567 84 3152 3098
3631 2238 3655 3493
652 2312 3321 3495
513 187 1280 264
969 1761 1072 3732
1056 2560 1967 3900
888 155 3249 2982
1267 1045 3087 3545
1109 2085 2744 3819
1699 2304 3430 3548
279 1294 885 2519
1961 652 2365 807
3371 1803 3682 2550
2889 1384 3651 1798
3293 1314 3827 3903
598 574 1382 3546
1260 645 1293 2343
1199 1103 1453 1779
2080 496 3362 3490
1031 760 3525 871
116 1179 1121 2984
28 1498 2242 3888
2079 909 2187 2119
659 1023 1679 1204
1033 630 1668 3740
488 1453 3288 3092
3618 542 3851 1672
973 329 1034 2043
277 544 3011 3369
2131 275 2585 2102
400 501 3135 1905
1227 977 1874 2213
191 1335 1245 1691
2028 1013 2213 3164
1185 717 3359 835
682 1255 2523 2177
224 1292 2220 1475
814 1617 3192 1814
381 593 2971 3234
459 2300 1770 3674
128 1874 3208 3082
1202 740 3401 2077
1265 1020 1672 3416
1290 2449 1359 3438
1438 1583 3900 2954
174 941 1433 1800
1998 8 3259 3965
192 2420 1835 3869
717 212 1584 504
916 764 2106 1940
222 1087 3570 3804
1523 708 3762 1474
1659 2892 2090 3076
850 78 2348 3523
895 1729 2714 3314
1560 995 2071 1408
2624 1231 3193 2127
2038 1897 2078 3802
1360 3217 1594 3657
476 242 3801 3966
586 607 3028 2073
1351 1239 2313 2602
1444 663 1808 763
495 1096 2434 1108
2208 733 2607 2835
510 405 3749 1695
2192 2174 2779 3197
463 1020 2261 3248
391 232 3238 1862
104 412 2095 3800
2437 944 3227 3279
823 67 3868 1869
317 2249 3154 3447
2006 2961 3215 3709
593 1110 869 1773
1026 642 2553 1544
1512 744 1668 2327
1536 3 2371 1576
803 2571 3769 2644
744 2260 3668 2796
833 398 2226 3908
1717 2482 3054 3024
179 3523 465 3700
2852 2321 3581 3067
1105 613 2733 2502
181 676 558 2566
897 2445 3529 2763
1053 2935 2440 3452
728 506 3994 3365
2418 465 2954 839
3104 764 3593 2971
37 2857 1707 3718
1423 2378 1848 3535
2411 716 2505 2182
1893 1245 2721 3245
631 344 3534 1309
814 2227 2373 2882
2271 973 2523 2888
233 1014 1982 3979
2272 3222 3527 3675
553 1078 580 3587
1899 907 3639 3559
3215 2562 3459 3156
374 1453 1179 1809
2394 1571 3745 2161
2789 2339 3801 3291
1187 1189 1862 2723
2259 3255 2863 3472
1464 1117 2722 1355
2905 1605 2959 3612
2396 107 3397 3806
1910 2584 2824 3657
1441 237 3624 3856
1173 94 3847 581
1584 830 2514 1689
123 2096 2090 2333
2298 900 3303 3071
999 1519 2564 3153
1192 256 3279 894
2469 2857 3187 3191
62 278 1869 1994
3469 1449 3679 3431
941 2813 3966 3807
913 678 3442 3512
1382 500 1996 2433
3022 67 3332 734
2039 971 2701 2087
2200 71 3457 3282
2533 1518 2588 1859
2290 758 2398 3219
388 202 810 1148
669 483 3368 2927
1294 620 3879 2029
673 47 3168 1536
1044 2494 1703 3065
2914 1901 2966 2957
2340 545 3845 1427
421 1013 2166 2496
2493 303 2595 1670
1425 2910 2851 3566
1407 256 3309 2547
777 1021 1542 1422
628 14 2012 1812
3680 1340 3681 3350
1577 539 3168 1993
874 321 2134 3499
3818 1409 3849 2130
481 2003 2723 2367
2001 498 3666 2947
580 2402 2455 3311
1531 52 2577 3159
2692 255 2902 3075
1974 2134 3136 3968
812 1955 2512 2770
1950 404 2971 510
2509 123 2928 2182
2232 245 3094 774
2289 395 3079 2216
2012 338 2048 2817
981 439 2520 2408
2370 2163 3713 2664
2089 1550 2584 1654
1717 2712 2983 3529
2946 2593 3615 3786
2866 893 3457 2951
610 426 2317 1719
307 1985 3789 3392
2854 228 3634 1139
192 187 3842 2047
3221 1564 3323 3297
588 1685 2659 2355
799 2587 997 3211
814 1807 1083 2225
2198 2516 3445 2552
3605 2095 3607 3765
135 1634 3823 3195
14 1310 2511 3006
629 616 2836 960
3101 700 3601 3072
471 3679 2326 3744
2360 2692 2864 3967
3322 1569 3865 1915
507 2954 1741 3219
953 1173 3608 1365
89 90 1016 457
704 3146 3413 3579
2386 884 3894 2924
989 1545 2642 2283
263 1412 3494 3452
16 740 519 1735
453 271 965 1695
1393 891 3212 3733
1748 74 2410 2142
1032 1920 1563 2897
2088 588 3124 3308
2221 1752 2754 3172
1317 1663 3899 2189
1889 3209 3185 3242
1983 261 3950 1729
691 463 1899 3106
811 3565 2356 3926
2988 1376 3898 3454
3276 125 3310 3173
2094 2147 2171 2849
1272 352 1300 713
551 786 3708 3074
3037 710 3314 2278
1496 786 3878 2236
2513 3127 2678 3175
2925 361 3135 1525
896 546 2381 1149
708 679 2102 1965
2353 1654 2916 2106
1885 2306 2701 3616
2487 203 3375 470
1772 1592 3563 2504
1470 986 1570 3799
454 703 1368 3564
1535 2250 2296 3895
1925 1608 3162 3388
38 627 1478 3027
765 3185 2066 3788
1830 737 3414 2362
1168 299 3737 3231
1731 2293 2738 3006
485 225 2700 2740
840 1098 2066 3500
1407 2111 1539 2946
2154 1699 3859 3492
217 2204 842 2507
380 2424 1326 2799
987 1842 2651 2875
355 756 541 1981
1906 1013 3589 1315
1110 2731 1661 3799
746 174 1776 1015
2647 3634 3067 3665
2816 639 2893 2810
2454 1339 3882 2321
1208 1033 1797 1841
2886 418 3040 2487
59 240 121 539
1859 571 3138 837
67 1658 425 3289
1470 273 2606 3207
225 1735 3170 1871
1248 1398 3457 3470
154 51 3497 2800
527 2544 2055 2580
456 160 3656 3705
1804 409 3563 1399
1808 1414 2637 1582
1673 818 2056 2388
154 1316 3641 3481
1892 685 2640 1532
1332 1228 3101 3397
2174 2564 2927 3306
2198 49 2456 1331
1141 1340 2223 1519
75 1630 1461 1650
1468 29 2355 3892
776 669 3933 3927
2330 857 3305 1752
3546 577 3909 1556
2276 434 3513 3208
2178 3643 2281 3986
888 1303 1003 3340
345 1920 592 2674
2197 1031 3641 1033
105 1138 2312 2603
1462 664 2305 1490
2474 150 3013 598
1413 2359 2163 3800
567 563 663 3083
1727 2253 2433 2807
2507 1525 3299 1863
2857 715 3786 2191
1073 137 3929 3306
1185 79 3741 3731
143 1681 3664 2307
817 568 3215 868
3362 1119 3924 2679
1019 2405 1473 2479
864 688 1409 2592
724 2499 3185 3808
1951 2073 2598 3695
202 138 2051 942
1540 889 3800 2687
397 918 3605 3249
23 385 3279 673
313 993 788 2380
1863 8 3308 836
2773 470 3975 2781
1215 210 1773 471
770 947 1675 1699
990 2777 3259 3688
1288 177 3135 3484
1346 787 2791 1006
406 1100 2243 3877
811 387 971 1603
672 3595 2267 3985
692 2578 1364 3046
1746 994 3571 2536
1951 2691 2469 3141
107 715 611 801
332 1312 3988 1601
1918 2848 2850 2860
525 598 1256 1101
905 1708 3036 1756
1494 690 2757 2562
1371 1675 3733 2040
273 3096 2655 3890
3179 1137 3184 2532
894 1109 3634 3320
3321 862 3859 2936
893 1205 2867 3918
1998 3304 3903 3860
3350 1909 3957 3579
563 852 3997 3590
2564 1340 2943 3471
1889 166 2190 2172
2588 567 3451 3582
930 2235 1400 3940
1363 936 1878 3201
1295 680 3573 3197
1473 197 2096 3620
1769 976 3125 3198
235 1855 301 1938
2492 2838 3495 3225
2093 904 2868 2700
432 1228 3458 3692
1606 2127 3360 3476
875 1779 876 3183
256 2858 3974 3231
915 274 1974 1660
103 460 558 2992
564 11 790 3611
3354 1244 3648 3916
1760 703 2546 1558
963 667 2734 3516
2909 926 3578 1744
1480 437 2306 810
3658 1044 3855 2120
1475 1093 2446 2544
2449 2020 3486 2038
55 1216 1872 2563
173 91 276 975
3215 1480 3507 3739
1542 840 3528 2125
2795 375 3091 3316
1504 907 2040 1976
1170 2968 2673 3384
867 454 1461 1941
356 2895 3150 3158
2416 11 3908 704
252 1680 2072 3605
1552 1981 3671 3916
225 1954 675 3712
385 2054 3114 2265
428 1792 1344 2147
2167 1139 3852 2141
1255 1417 2039 3867
398 1489 1582 3411
598 1015 3342 3678
1128 233 2660 700
652 1124 2798 1833
2984 229 3019 2265
2267 775 2300 1954
1010 2525 3050 3971
101 2486 2627 3012
618 318 2155 2704
585 567 2900 1875
144 1167 3650 1177
1867 2915 3890 3510
5 1700 2932 3298
309 1559 1386 3927
56 3598 3692 3766
1476 1688 3887 2598
2113 988 3200 3699
1354 2137 3197 3250
1422 6 2572 979
1447 1146 1624 3467
1555 3285 2983 3964
3516 441 3678 3223
231 1006 2187 1984
1510 1272 3521 2190
763 3512 950 3850
1617 1333 3714 1467
3393 2655 3629 3348
1199 2257 3302 2817
684 618 748 2826
397 27 2135 455
115 733 1857 3208
942 1052 2493 3373
740 2445 1503 2772
1053 2072 3866 3405
2069 2069 2525 2676
381 1622 3337 2670
26 1870 386 2610
1042 1055 3314 3040
1105 1218 3271 1410
786 630 2319 2761
361 1622 870 2859
1472 1404 2255 2044
412 651 3754 3983
1082 118 1441 1700
617 143 1274 807
667 2120 2096 2774
2207 1791 3935 3824
34 766 1015 1325
182 1492 1584 3746
218 2379 2149 3611
3221 402 3755 3241
535 657 2119 3393
711 1358 2431 1366
2352 295 3090 1082
3173 903 3390 1990
1503 1206 1535 1624
2325 537 3362 2633
1067 2621 2731 3187
404 2568 3249 3446
134 2611 2536 2772
756 495 1011 3899
2807 3320 3947 3733
140 3052 2833 3574
1044 337 2554 1548
2627 2337 3670 3898
2187 672 3203 3375
1017 1751 1030 3767
1177 2515 2434 3548
799 1330 1050 3588
2254 3518 3041 3568
2388 2037 2888 2284
1699 476 2797 2663
938 352 1380 433
1357 802 3426 1673
275 1837 447 3245
2285 641 3410 3785
82 3480 87 3778
2577 861 3526 2125
3211 2525 3531 2564
2046 2572 3939 3414
2942 222 3105 1405
1413 169 3949 1832
2816 443 3624 1894
2529 370 3865 3321
292 1438 1075 1958
2224 1867 2448 3380
1677 193 3597 1719
2932 2561 3722 3810
961 2705 1644 3651
317 363 1902 1055
1637 2558 1973 2978
960 600 2939 2681
722 3088 1500 3813
331 314 3592 3888
3561 70 3973 2168
373 1523 530 2291
2492 953 3646 1276
653 2524 1724 3969
523 335 1777 2789
650 42 1322 1616
443 626 3958 734
951 3192 2161 3485
2229 508 3109 2732
1926 2615 3884 3457
450 621 2914 1831
75 349 2247 2350
81 3027 231 3366
199 2476 1712 2742
305 270 3554 3381
160 79 875 107
363 254 982 2403
135 1453 3699 1488
1208 931 2257 1289
1063 424 2553 537
917 1736 2860 2871
1263 1668 3996 1868
2591 818 2646 1569
514 2385 1556 3926
658 423 804 3720
303 1107 3873 3948
861 1323 3973 3957
298 596 2117 2716
52 486 3141 3686
806 1548 3555 2411
1968 391 3409 1023
2139 3054 3206 3725
726 425 2991 3482
483 412 3932 2162
358 783 948 2934
1284 2 3330 3654
148 1744 3022 3157
1790 1166 2961 2340
2427 384 2698 1028
726 1999 1118 2686
2594 370 2660 3318
1965 1027 3659 2687
1180 340 3553 3985
1450 1304 1804 2914
1430 434 3451 3040
2271 2717 2986 3236
1623 113 2609 3014
863 2312 3619 2755
583 2609 910 3836
985 1211 1345 1833
331 1642 1869 2434
2462 463 3667 1049
1116 603 1145 1518
2062 2125 3970 2318
360 1509 1029 2552
204 513 1735 1744
1813 3347 2438 3821
399 3052 660 3800
70 2354 934 2715
1018 1409 3298 3406
405 1854 2359 3105
2463 2396 2906 3739
994 2535 3361 2918
2189 3283 2647 3798
1081 1625 1652 1672
1165 871 1595 2417
2023 1577 3665 3964
581 3057 1726 3252
2112 2355 3239 3338
1718 1854 3619 3636
2402 1367 3567 3640
3259 2976 3951 3195
254 793 741 3148
226 963 342 3545
511 933 2401 1266
1285 1648 1834 3595
625 780 3127 1632
1752 1455 3435 2625
2096 386 3191 2880
1977 1512 3730 2057
2282 1036 3179 1598
2932 2527 3472 3927
1365 531 2337 1569
299 786 1216 3500
842 3231 2568 3321
350 1481 2246 2255
1789 128 3975 719
2090 3171 2678 3499
2354 2816 3283 3584
14 812 3869 3708
3399 1535 3814 3727
496 2168 2704 3365
295 2402 937 3186
492 1945 2999 2567
144 943 1095 2374
366 248 1636 1223
2870 809 3926 1622
361 3399 3805 3951
3140 684 3746 2621
648 2555 1455 3702
635 743 1065 2071
172 115 1373 2970
382 1066 3937 3872
1374 1673 1869 2282
848 932 3082 1515
79 1117 2727 1345
20 1421 1423 3651
2356 2421 3658 2896
911 61 1140 3512
739 279 995 1268
2335 302 3332 2912
560 848 3879 3907
172 1251 982 2037
66 1096 3786 3884
604 938 3528 2332
1324 879 3110 2283
2385 71 2594 2186
920 2081 1003 3002
3384 147 3703 2681
2219 681 2361 1316
1140 141 1907 3580
1064 1686 2489 2129
1000 188 1302 2098
3078 322 3656 2327
969 3036 2690 3451
418 3277 1646 3420
806 50 3719 3446
734 270 2688 718
805 3262 3399 3300
1753 2297 3380 2340
2478 187 3874 1316
1296 1715 3207 1883
115 2351 3215 3810
1018 273 3205 2359
794 788 1964 1933
1316 771 1814 3657
2809 3085 3088 3858
510 724 1215 1910
152 3099 542 3992
794 2486 1687 3075
1321 2646 2884 2888
2037 384 3012 2146
2035 1279 2053 2516
44 1326 1823 3661
1427 1652 3147 3751
272 1642 1184 2165
1243 332 2877 1702
679 489 1238 2712
236 2865 943 3435
1666 1057 2585 1247
356 276 1064 3614
83 560 2413 2652
518 1038 1415 1887
1781 83 3414 2803
2027 2391 3983 3965
781 216 1044 2859
1004 1891 3251 3976
589 2543 2649 2838
1956 1051 3033 1178
1918 608 3807 1955
1675 541 2470 898
3756 535 3851 2981
1878 3760 3761 3916
185 2429 3333 3508
2631 516 3770 3642
755 387 1044 3285
2274 1221 3642 1375
1378 2204 2755 2962
691 1342 3789 2927
682 1069 3426 3893
1669 2915 1964 3984
355 887 2620 1451
23 1286 971 2737
332 2642 3287 3483
671 1566 2918 2650
1098 596 3611 3668
1284 1034 1835 2790
2214 445 2886 1069
681 613 2526 751
2323 168 2917 994
58 235 1016 1351
2964 2071 3864 2782
312 1463 2144 2169
262 375 2685 1547
354 31 850 1942
2635 218 3562 3522
1091 407 1600 2817
1951 3109 2824 3941
762 1955 1596 3531
806 367 1811 3472
852 1332 1119 2608
1138 865 2746 1063
1405 2167 3363 3811
1761 1867 2256 2750
513 849 3347 2157
841 824 1909 1142
1706 1625 2468 1889
7 219 84 566
586 1434 3910 3553
490 680 2318 3944
1887 3570 3610 3981
158 81 1260 1460
1366 2702 3410 3118
390 310 3592 1492
1473 1829 1652 2478
1180 1039 2986 2769
2238 634 2658 1363
1046 613 1865 2639
488 289 2324 3513
2134 69 3555 1904
697 3 3402 167
1038 1053 2819 2505
2468 1772 2619 3802
636 819 2345 2488
1858 1949 3374 2196
36 830 802 898
838 93 1906 3414
1311 1137 3764 3204
202 1405 2172 3852
1042 103 2274 2954
1153 3712 2143 3780
1630 1948 3062 3859
260 143 729 2575
3124 1944 3567 2260
581 692 1791 934
1162 971 2464 3760
146 666 2055 1677
1525 167 3459 1404
248 42 955 119
1818 895 2736 3983
536 1527 681 3974
1863 2551 3046 3220
842 1572 2950 3846
590 3507 939 3712
2676 676 2837 1127
592 1034 1911 2316
1049 94 2180 237
1052 1901 1101 2869
890 139 1664 3512
1296 3746 3806 3787
613 433 2773 1200
498 1466 2329 3879
2841 3128 3561 3689
858 533 1904 1588
1797 864 2268 2948
3309 229 3981 1042
2160 1741 2164 2454
1985 1340 3184 3175
215 356 1118 1319
337 1944 1983 3928
1199 390 1807 3795
1550 523 1714 2184
934 1242 3383 3070
320 895 2771 1164
1261 1401 1778 3930
1400 3542 2137 3938
2406 11 3743 409
39 2644 1796 2733
188 2108 2293 3182
662 846 2046 1659
2711 847 3715 1097
1559 1586 1990 1968
54 0 517 3802
1439 2052 1629 3681
456 1363 2515 2123
1237 1693 3234 3966
868 294 1465 1399
1005 250 1590 2603
1082 215 2041 2725
573 1787 877 2826
889 1333 1428 3844
3013 68 3609 1270
2928 1142 2971 3026
2538 648 3104 2156
1281 2421 2916 3940
267 1093 1485 2414
324 651 2870 3457
638 1212 2022 3050
1877 1970 3877 3773
3232 945 3740 2725
3073 1443 3909 3525
2468 2111 2638 3346
758 2618 3429 2716
279 2652 2429 2951
3400 3106 3982 3418
931 34 3287 1689
2500 793 3011 2729
1440 1203 3890 2913
1594 1711 2101 2041
74 203 3960 3412
69 95 3476 1569
729 3066 1709 3979
1383 1754 2248 3297
991 997 1084 2728
3222 2082 3700 2176
1805 1263 2184 1330
659 596 2929 1095
994 508 2769 1416
1245 2457 3686 2701
2079 883 3608 1250
1311 428 2622 1650
983 501 2897 2440
2038 1176 3272 1368
1835 535 3910 631
3100 628 3615 3964
1868 2923 2412 3399
2629 785 3286 1686
889 142 3479 2468
728 1660 3768 2052
119 967 3885 2461
1090 980 3407 1119
1046 804 2197 969
3469 614 3964 2463
1444 1771 2238 1955
662 2107 3139 2694
3022 504 3748 1817
1791 2477 2161 3588
1220 906 3026 3563
1146 3319 2721 3589
499 685 1452 2617
2007 1593 3919 3211
1409 899 3454 3935
2166 2114 2263 2871
680 3300 948 3367
774 1475 2071 3216
1022 1702 2207 3025
2049 135 2581 3096
957 950 2952 3831
2645 1224 3867 1323
1273 1964 3129 2745
2293 2627 3834 3325
330 435 1988 483
1507 610 1602 2465
1308 1845 3800 2275
203 775 3757 1191
1179 1211 2921 2037
1506 641 2540 1865
1640 294 2985 3395
2238 526 3201 1467
330 1394 1884 3236
694 258 1983 2668
2289 20 2849 1782
831 1102 1601 2884
1669 515 3226 1280
1070 2002 1841 3456
3641 1836 3798 3699
9 938 1712 2342
188 370 2231 492
34 2134 1932 3313
259 100 3406 3581
1623 1501 3964 1858
864 3140 3321 3983
1117 219 1476 2140
82 455 1567 611
1112 597 3498 1168
1702 2429 2939 3434
2143 1663 3871 2176
569 98 2615 3155
1195 777 2589 1004
113 596 927 1517
2018 137 2215 1092
47 893 2766 3760
1129 2792 3938 3496
1403 1822 1605 3209
997 1798 3956 2647
1868 1683 3630 2891
533 1739 576 2068
475 187 1275 2435
207 1714 3443 3805
136 348 1320 521
1117 66 3735 3503
2715 581 3153 3960
1253 1041 2507 3617
2085 2326 2887 2387
1213 1341 1890 3940
1383 651 3726 3390
1294 488 3663 3290
2323 788 2415 3818
1269 2522 3318 3247
279 626 923 3115
1405 1323 3293 1624
922 1321 1157 2138
2161 2439 3545 3686
540 1860 3919 3664
1816 213 2853 2848
1775 1185 1807 2369
1282 2047 1448 3412
242 183 2902 812
2049 1700 3322 3511
1081 431 2112 3933
2163 554 2650 807
1915 1312 3354 2734
1781 0 3667 873
1007 275 1596 1781
1758 208 3091 3145
2461 2567 2478 2950
1770 1905 2274 3380
1533 2700 3119 3820
875 189 2037 999
1267 178 2979 3282
854 739 3642 1252
587 6 2678 3168
793 1659 2967 2170
384 477 1221 2655
355 344 1334 1686
1394 1244 2538 2317
2513 1361 3790 2778
17 566 107 1327
178 611 2848 696
2545 1207 2554 1915
940 2091 3063 2730
449 235 3853 3148
980 395 3529 1444
412 2331 2684 2927
500 3133 2504 3618
1037 2688 1399 3294
361 648 3399 2258
602 1105 1661 3287
1181 222 3061 1663
2231 2048 3904 3016
1114 2948 2840 3870
2231 175 3108 1007
571 1331 3569 3283
3341 135 3397 3502
2599 2116 2827 2474
2386 1496 3596 3029
5 72 1709 552
2703 2965 3497 3306
1628 1166 3575 3844
1798 1510 2661 3590
2291 2878 2411 3169
1208 375 2252 2701
705 786 2183 1351
1827 351 1982 1730
2690 339 2939 380
820 1733 3389 2608
1739 1075 2726 3029
284 576 517 616
1615 1925 1831 3120
1983 3045 2996 3652
1204 911 3250 2594
1187 1909 2543 3996
685 1289 2954 2624
2066 353 2713 1522
56 639 1342 2118
1826 388 1946 2379
27 167 99 3641
1174 1867 2008 2364
3041 506 3467 3904
602 557 2214 1108
897 2065 2763 2104
1723 195 2799 3451
922 2953 1837 3791
2431 1670 3555 2948
386 503 3074 3602
629 5 1124 2701
471 1519 1089 3349
875 192 2591 3599
430 2946 619 3585
1020 1168 2891 3909
1869 1503 2466 1848
292 1102 1314 3276
1451 694 3938 3240
794 1520 3720 2734
2865 2260 3690 3731
627 2183 3978 2317
1745 2645 1909 3073
3532 356 3967 869
1290 1297 3397 3793
836 883 1383 1085
1339 1373 2444 3565
1092 582 2118 1531
607 1734 1263 1758
1425 1798 1484 3393
748 2138 1260 2791
1420 1816 2602 1894
246 3749 2393 3769
1057 1186 1264 1838
3510 223 3647 255
2349 3216 3318 3897
782 2065 3999 3327
3457 3147 3933 3897
376 2204 2824 2734
541 3125 3772 3373
1981 847 3869 2720
392 3792 3321 3937
209 159 837 3078
2834 1814 3147 3501
533 2149 3265 2710
338 315 3412 3144
1965 106 3660 3935
1129 439 1373 972
1682 480 2302 952
1337 472 2034 3919
1726 2848 3941 3049
653 2581 702 3382
1287 1879 3205 3608
2944 2806 3704 3783
65 1078 114 2236
1437 751 1829 766
943 989 3059 3606
1765 1969 2091 3527
730 327 1428 2519
1188 2706 2755 3656
2437 1075 2723 3038
384 2220 3184 2491
753 1581 2356 3044
833 2418 2387 3399
3243 1214 3901 2699
1402 2325 3984 3244
745 2359 3778 2559
7 1842 2876 3494
353 519 870 632
3184 3149 3316 3258
1338 2706 1885 3434
427 1879 3802 3282
1925 2247 2938 3738
1073 1458 2206 1813
907 1424 1119 2671
846 272 1214 3097
2415 3070 2717 3275
1400 590 1530 3933
1368 3314 2941 3537
165 1557 588 3334
2050 138 2828 2783
2623 1524 3826 1759
473 607 2487 2922
521 1904 2029 3991
927 641 1227 2560
330 1200 3819 2262
2878 2391 3602 3419
84 336 2084 1878
2939 1969 3642 3556
345 566 1933 3698
107 1179 2895 1833
767 1393 2016 2976
2222 2696 3705 3796
2154 29 2591 2194
2071 1839 2691 2918
625 1238 3501 2753
386 736 3645 2687
333 1165 2654 1662
2286 932 3819 2219
1103 1854 3883 2242
2453 1774 3469 1889
1371 856 3533 924
547 701 2788 3373
2702 891 3778 1842
684 450 835 944
3254 949 3879 2335
477 1153 3943 2777
701 593 772 1793
2869 1645 3454 2053
756 250 1578 1072
2243 375 3679 1618
782 2296 1615 3636
1920 557 3313 3499
381 1667 2553 2298
631 2737 3676 3988
2412 2165 2812 2377
1685 328 1954 958
2028 1225 2419 3776
2631 836 2765 1884
1420 2597 2646 3691
2387 1660 2529 2950
1812 2568 3139 3248
1088 234 2977 1755
2738 423 3961 964
1689 185 2147 1350
408 759 3783 2420
2937 2603 3697 3086
262 1073 3238 1398
1627 1322 2458 3700
3632 520 3985 3407
2016 600 3217 3069
324 1043 1655 1124
1204 520 3552 2554
795 828 1081 1585
165 702 1188 1643
1381 2850 1783 3513
542 2688 1983 3614
1006 755 2331 1093
2020 433 2761 3570
637 554 2249 2872
1213 631 3974 856
1433 3732 2536 3821
1265 1285 3778 2334
1449 513 1526 3484
2546 680 2799 3126
1955 3228 2744 3511
2374 1861 3962 2936
1020 84 1475 3969
562 17 1013 1604
1773 2004 3920 2261
1294 2525 2608 2669
3575 923 3831 1936
605 128 3460 2544
1209 66 3991 2383
2418 527 3691 1839
27 571 1485 2932
892 2865 3756 3504
2841 1305 3825 1673
2749 1130 3793 1198
1065 1245 2031 1528
1028 2538 2895 3924
922 421 1955 1072
2803 1164 2834 1606
271 526 314 3586
2573 3188 2760 3863
523 1413 2347 2497
2951 2561 3846 2821
858 2874 2054 3719
1554 2353 3652 2513
694 741 3929 1955
553 743 3491 1188
2025 2844 3094 3377
2164 632 3926 1725
769 2835 1089 3285
1457 3207 2301 3732
1216 2644 3974 3162
1912 74 2342 3221
1139 543 3791 1004
216 1785 1131 2745
1137 633 2354 2436
2010 928 3142 1431
536 17 2194 3448
1269 1110 3942 3156
352 2748 2748 3965
1604 154 3881 2276
489 1551 2569 2890
141 2840 3504 3507
768 806 2059 2339
2154 2124 2963 2472
40 646 162 784
2161 1293 3717 2570
570 1376 1380 3555
3031 484 3168 3054
9 901 999 3421
531 1001 1299 2429
476 2774 1513 3319
573 1997 2747 2785
42 1183 964 3868
1270 795 3390 1446
111 2059 1281 2915
1801 2042 3099 3046
2146 1407 2991 1482
2640 395 3993 2217
1682 562 3308 2441
24 14 674 2225
1675 2248 3388 3962
1910 1583 2799 2036
490 339 2640 2688
1151 2941 2563 3189
1362 1330 2567 1908
2659 3067 2779 3977
82 410 758 1686
2099 1827 3050 3428
243 593 1263 3832
277 602 1103 2938
376 2764 2438 3575
700 1089 2291 1500
1366 2028 3704 3585
1523 3392 3846 3734
531 1201 956 3409
1208 125 3436 2937
2712 169 2785 1768
1847 74 3855 1760
679 2965 2529 3370
1223 1976 3573 2450
1110 2254 1515 2853
1911 888 2750 2448
549 1372 3095 1912
2222 1264 2376 2480
1685 485 2208 880
10 394 3361 3769
735 57 2169 3536
190 504 3566 2760
1301 2718 1791 3313
27 32 190 3692
1020 779 1780 1428
680 146 3876 3440
221 193 1154 2539
590 426 3935 1992
1945 1194 3149 3652
2948 120 3621 487
1086 2439 2490 3520
673 3193 2694 3993
2175 445 2313 3392
2816 372 2847 3450
482 1757 1774 2775
1832 506 3578 2811
3385 2641 3465 3395
1360 631 1374 2119
1035 2223 2168 3343
371 2949 3768 3640
637 1171 3831 2462
3774 693 3898 3019
1096 370 2448 3037
2334 3331 3474 3884
3160 2342 3838 3550
733 1284 1952 2812
1180 291 1204 3984
2841 1052 3080 3716
1816 2078 2945 2276
41 2633 238 3251
1511 1231 3078 2608
254 1156 2215 2786
189 868 3355 3733
3410 50 3426 1925
193 1526 812 2262
2763 3142 3427 3390
603 1282 2375 1391
872 3356 3759 3658
1807 1175 3710 2750
1515 2279 3640 3573
299 1160 2578 3492
1059 2164 2667 2907
938 1066 1019 3981
522 259 3670 2704
2000 779 3916 2360
30 2264 448 3833
1194 760 1998 3123
1665 951 2338 1683
1245 2073 1692 3400
124 1403 3930 2904
121 88 1070 3817
1 1870 1276 3229
2215 942 3103 3505
727 2481 1061 2912
1229 1783 3124 2838
299 1914 2894 3084
235 702 2710 3694
1557 3359 3372 3682
324 2561 3425 3565
1999 1376 3787 3472
1178 653 1616 770
1527 42 3151 2270
781 1674 1980 2197
1269 1426 2001 2300
3476 2448 3838 3494
440 726 3973 858
1914 1423 3935 2343
642 1589 3242 2693
72 483 928 3651
199 345 3306 3593
1521 961 1971 2013
419 794 2413 3007
1198 1250 3519 3714
2282 2260 2853 3645
203 1837 3363 2273
148 2118 2548 2155
1862 1243 2988 2424
13 1911 3073 2862
2434 46 3006 1669
1753 2965 3974 3458
303 868 860 3386
751 1872 3586 3966
1667 2797 3455 3022
1223 2780 2602 2785
2395 5 3301 236
2668 2786 3743 3072
3772 1175 3959 1651
1912 1581 2853 2096
82 288 3587 3280
1908 1865 3830 2806
537 1093 2055 1931
690 590 2599 3222
491 308 3957 2159
1785 2246 3246 3704
446 161 3417 2487
341 1417 2633 1702
464 77 2044 3902
672 3157 1570 3630
684 1160 1994 1231
178 646 729 2417
1164 10 3499 2879
186 1368 3773 3268
1450 1933 2156 2641
1866 1588 2666 2550
1328 1574 1649 3934
43 2315 1532 3834
1227 872 2777 3725
1280 809 3610 2228
643 2703 3989 3782
3261 1098 3611 3811
1718 197 2189 3261
1689 217 2775 2956
31 1375 834 2128
131 184 2362 2824
2233 66 3399 2084
39 654 3912 3000
7 1931 170 3235
69 2030 3049 3204
363 2475 1475 3855
1256 103 1631 2625
1434 1565 1632 3395
1340 1493 1525 1505
202 143 3137 3255
617 1695 3572 3001
4 1679 3676 1737
1313 52 2538 2070
1686 1147 2241 2898
1209 1154 2315 2155
519 632 2495 2586
1540 1077 1696 2386
3542 2313 3892 3110
3490 1811 3981 3643
1276 1792 1811 3031
761 1852 1847 2528
1501 1833 2442 3682
894 2159 3177 2649
1327 1026 3302 1561
433 1642 2497 3002
3063 834 3750 2039
1294 1416 2801 3404
1780 783 1895 3296
3384 825 3427 3072
1824 529 2589 1667
1189 1243 1936 2488
2018 1716 2176 3652
342 1861 1518 3081
1623 206 1732 2513
2010 1572 2353 2855
3240 3285 3410 3602
2780 53 2887 3375
4 25 1518 2009
715 2017 1210 3171
3390 152 3754 1111
1034 3582 1494 3768
623 2752 3820 3276
616 988 2839 2814
2416 1566 2568 2045
73 1595 3218 2422
2048 3433 2361 3899
737 976 1308 3556
426 1678 2553 2266
2229 244 2285 2975
1089 2664 2788 2950
1421 372 3150 1292
322 262 1910 1210
2359 932 2992 1082
2674 555 3015 1116
964 57 1938 2751
344 460 2389 1194
649 418 2068 2728
24 1836 1091 2924
102 879 2034 3906
2724 2131 3356 3584
1435 945 3982 2469
724 360 3622 3058
813 1844 1953 2680
2128 2082 2142 2347
1806 39 2022 3472
461 1789 1926 3191
699 577 3268 3669
434 97 672 3757
954 839 2919 2571
1676 675 3256 3087
816 383 3971 1187
300 1293 3271 2034
173 1250 3129 2356
76 403 166 1482
943 164 3687 630
741 2079 3283 3122
820 1854 3780 3107
2065 515 3544 2272
363 29 2109 1034
2164 233 3022 3948
29 1692 894 2181
2346 257 2626 526
93 1104 3846 3526
301 2160 2085 3505
845 376 2045 2746
1527 354 2986 1874
2712 936 3377 2719
1157 434 3737 1549
363 1735 2199 3655
358 64 2286 1796
1417 607 2843 3192
410 486 1580 2306
1817 3589 3781 3680
3878 2510 3927 2829
1187 2582 3452 3206
2378 848 3080 2682
435 2773 2540 3282
967 2136 1634 3918
41 481 113 845
2304 654 3004 997
1820 496 2463 2011
786 217 1857 1441
2163 702 3190 3868
464 896 2664 3109
2809 2722 3771 3957
774 198 2263 2110
1981 213 3678 3829
2016 3255 2266 3900
403 1886 2787 3924
2610 890 2735 1755
738 370 1554 2290
165 1646 994 2646
1339 1225 3552 1655
1055 517 3545 3479
1173 504 1527 3489
784 1321 1054 3980
595 682 782 1407
1391 1161 2562 3908
2757 96 3995 1007
1427 502 2869 1222
1996 3514 3507 3528
827 1349 3568 3796
209 176 3522 724
1509 1840 2204 2168
71 893 2951 2995
2724 1921 3997 2335
653 2563 3837 3996
96 2343 3597 2604
561 850 3435 1666
2110 2016 3768 3531
1242 271 3720 389
418 961 1409 1009
1606 735 2019 3451
438 1768 2913 3084
2073 1165 3639 3600
873 1860 2827 2765
738 3057 807 3326
1957 160 3173 1984
764 24 3862 1751
1219 223 3241 399
48 3345 3571 3849
1646 363 3551 492
662 3611 779 3924
1325 2469 3603 2931
1289 1187 2732 2591
1166 2279 3416 2484
1035 598 2598 3063
1044 829 2249 1072
721 238 1212 1714
1694 499 2746 2957
2621 3297 3722 3590
1744 1793 3829 3512
1122 732 2085 2149
272 1485 2852 2190
2757 971 3674 2786
1979 1517 2451 2356
2426 1085 3502 3730
660 1099 2258 3437
231 1611 1485 2981
560 2324 2448 3355
27 3959 1504 3987
2183 52 2463 529
913 424 2101 3079
98 2133 2567 2471
2033 1655 2838 2330
3344 2843 3747 3191
955 877 2725 945
1080 2913 3808 3791
1835 771 2601 3402
1329 649 1617 3713
663 2202 1236 3657
2495 964 2758 2155
1342 3443 3387 3551
907 2799 1190 3248
1049 2316 2540 3253
1269 2219 3580 2740
1169 222 2267 356
2597 2784 3773 2818
3227 589 3941 3802
446 1269 3366 3254
645 729 3457 3042
1880 1208 3698 2949
1839 817 2299 1877
1311 2045 2749 2346
1444 839 3986 1953
1683 123 3666 931
284 1970 2288 3330
3798 2373 3886 2991
865 878 2761 3872
1056 1883 3005 2508
87 3031 3206 3069
375 418 1939 640
385 47 522 239
3192 2745 3950 3259
1208 650 3118 3159
1477 1279 2709 1536
3003 322 3863 3734
159 3674 3914 3779
1221 337 2796 1492
1895 283 3013 2685
2863 2422 3361 2626
668 1845 1966 2658
1414 2035 3729 2427
108 802 371 2968
1278 1054 2998 1612
1045 693 3429 1622
1898 1901 2868 2402
2052 760 3997 3332
2171 1198 2355 1774
1029 1091 2687 2811
2805 1788 3620 2910
1931 1863 3611 2278
1054 772 1862 3072
1158 52 3267 3626
1108 1584 1179 3829
3110 997 3495 2920
1685 2346 2155 2644
327 2201 3167 2815
2606 70 3369 494
3093 1632 3962 2384
555 3226 3372 3382
106 1884 1649 3691
3073 944 3144 3959
3192 2944 3603 3448
659 1615 1501 2987
979 2715 1963 2766
2955 274 3962 1924
1404 288 1777 3783
794 2579 1938 2941
432 16 3258 3633
889 190 1171 1846
1881 3315 2177 3560
344 167 3688 568
130 1438 1188 2318
597 1928 2885 3454
1800 757 3883 2244
2567 1941 2731 1963
3560 1155 3679 3620
452 862 1277 1089
551 570 732 3288
190 1651 2377 3854
722 209 2877 1401
2883 2423 3215 3675
2344 857 3960 1651
1686 2678 2383 3494
899 2243 3055 2417
2365 132 2852 3905
1281 1061 3591 1162
1045 3362 3541 3928
1299 603 1651 2431
1029 2962 3212 3587
830 2746 1617 3731
111 1028 3512 3377
2741 1640 3143 2243
1977 3364 3416 3786
1286 277 1947 1637
2051 646 3299 670
1212 1218 2748 3612
1623 664 2981 2939
938 248 1067 2839
107 2357 3906 2383
433 340 2299 2193
2349 1474 3063 2597
2310 28 2671 544
112 2044 3899 3077
1976 684 2083 1736
2885 1436 3090 2658
2611 702 2738 2133
840 1290 2429 1967
698 144 2051 1503
3334 442 3386 3891
190 213 816 2891
130 421 3702 545
1680 81 2217 2122
1517 773 3189 1575
1847 1337 3221 1956
2035 1187 3043 3181
66 1274 460 2318
357 2923 2655 3945
1181 1708 2807 3356
595 314 1649 1679
3905 1552 3913 3569
439 2414 3149 3872
121 1289 1743 3388
22 229 2358 3104
495 2307 2034 3728
74 2661 1240 3238
1227 112 2069 370
2265 377 2725 2685
424 603 1829 1663
2254 284 3691 2710
668 1552 2693 2804
202 1928 3754 3459
324 1006 746 3160
178 1000 742 3754
2482 2776 2648 3862
40 991 1392 3297
1778 1931 3290 2232
1698 481 3619 1368
2843 800 3423 2899
567 174 3633 2639
260 23 3114 2174
2451 1218 2534 3353
1409 768 3539 1551
1388 551 3238 2957
666 349 1270 3609
841 434 2591 3921
1175 280 3441 1060
2505 74 3471 381
757 584 1753 1850
1155 3025 1160 3369
3308 3581 3551 3830
651 546 1557 2008
3185 2544 3474 2755
2915 394 3548 1140
95 110 3849 1150
1165 3760 2275 3994
1174 773 2255 1961
600 2196 3340 2751
50 164 3362 1171
257 2066 3670 3112
1134 3204 2443 3710
66 1003 767 2911
445 3755 2473 3791
1423 1250 3163 1750
906 633 1962 3186
1542 2314 1951 3591
87 1970 2109 3466
1877 490 3814 2810
267 1741 1897 2089
273 2988 2356 3139
442 1070 477 2342
1580 1887 3711 2506
2116 1276 2663 2272
1577 1531 1728 1763
591 154 880 890
354 408 1777 1779
664 2694 2938 3453
401 1415 3203 3830
2930 350 3968 794
901 629 1795 2565
516 1776 928 3965
1063 885 2364 1274
1710 620 2621 816
1790 2237 2087 3163
1719 2026 3006 2727
1099 2473 2804 3272
1867 1413 3753 2354
227 1968 3304 3365
2095 249 3479 2301
50 2065 1380 3097
1625 108 2256 1362
2940 1575 3711 1689
323 757 796 2249
980 1721 1605 3348
14 1353 201 2904
3498 1796 3654 3514
286 1377 2253 2331
679 2243 3852 2404
723 2867 3254 3489
2886 460 3146 3969
552 1934 882 3916
1359 1799 2374 2161
880 1887 2186 3060
1397 60 3281 2083
666 3342 812 3544
1326 2639 1542 3812
776 3398 3888 3551
512 34 1099 3185
197 2990 1057 3300
403 2151 2763 2531
93 2107 176 3375
1073 2635 1507 2677
381 2533 1439 3976
1717 1455 2147 1896
1709 768 1969 2930
838 318 1525 1485
1694 1121 2409 1966
1463 281 3505 393
14 2160 3002 3098
492 2478 1764 3352
2303 2390 3850 2555
2747 1926 3795 2958
663 1328 2885 1503
1370 1254 2638 2283
1869 1146 3857 2915
859 656 1879 1607
435 2742 3250 3991
2861 2547 3574 2831
1759 1140 3183 3751
226 1008 1133 2057
1735 225 2061 1333
1016 3137 3462 3813
111 320 3258 2263
1054 1170 1724 2416
902 1784 1259 2060
452 499 498 2210
1242 3310 3473 3744
1439 407 3564 2628
1377 2031 3788 3818
2285 3056 3489 3152
3675 386 3917 2448
1006 611 3201 837
2922 349 3144 1345
480 112 2535 3514
2740 706 2983 2116
307 340 316 3017
7 2545 1715 2557
574 10 1950 450
716 3306 932 3907
2438 233 3849 1124
1250 271 2856 2281
1769 2257 3429 3679
3118 2629 3437 3036
377 560 3894 3157
1037 2868 2562 3943
1207 1391 1305 2360
2206 200 3553 1978
2215 3707 2748 3955
610 2944 1011 3060
877 3367 2681 3504
1738 1912 3877 3606
223 1113 2121 1233
1612 3200 2687 3653
926 491 1988 2243
1601 908 3362 2184
2001 3400 2947 3617
1414 1503 2608 3785
750 3686 2676 3791
2883 3108 2939 3854
1843 454 3264 2111
104 457 1718 2743
2137 1565 3325 1683
415 1756 2227 3480
1581 2302 2266 2497
485 290 2438 2182
1329 1576 3858 2954
1229 2808 2563 3402
645 409 1485 1042
1169 3245 3745 3401
949 583 3343 1848
2526 1 2644 3705
108 278 673 1968
1439 1367 2356 1559
2131 1525 3918 2072
1015 1034 3647 2444
86 193 2202 3984
1091 591 3309 1241
592 1424 2265 1454
441 1506 2926 3657
895 1898 1420 3297
2429 326 2510 3501
216 574 2733 1515
716 243 3840 3925
1057 935 2854 3705
2463 278 2559 600
140 1782 1626 3949
2244 2257 3009 3331
264 488 1522 2263
1846 1939 2472 3644
3141 1421 3806 2300
187 1933 218 2497
2294 1071 3733 3181
1673 1880 3934 2942
410 2291 630 3986
9 35 3857 3280
615 3799 2596 3926
2537 167 3280 1534
1778 729 2797 872
647 1372 2229 3045
482 1209 1025 3729
1322 1300 1447 2696
1706 1344 1996 2037
774 3161 1623 3492
828 1491 2671 2609
608 1069 2866 3394
1528 2919 3640 3439
389 2231 2870 2668
652 1936 997 3300
1515 453 2647 2656
1822 2402 2689 3640
1780 1086 1896 2635
3162 568 3306 3090
2338 190 3723 2985
879 1883 1814 2605
477 1465 2083 2283
133 1616 2228 2846
1890 2524 3809 3326
998 1363 2819 2809
56 846 420 2286
1900 522 2300 3191
170 2529 1721 2891
104 814 3644 1173
852 2283 2522 3325
759 520 1913 2875
1606 645 3846 3127
3306 309 3352 3980
1230 320 3087 3025
974 3308 1956 3678
496 589 2421 1573
1699 3257 3970 3822
36 1346 2543 3562
1286 1453 2104 1724
1277 107 3769 1473
1285 2534 3467 2723
218 650 3694 2439
3028 682 3575 810
2851 1643 3631 2710
255 2778 581 3800
3625 439 3905 664
418 120 1669 2312
1912 1775 3423 3346
730 3424 3938 3840
2196 353 2372 1104
2383 675 2640 1488
274 1196 2531 3912
638 1461 1491 3941
1508 1350 3510 3272
110 1378 2076 2646
72 531 2557 2992
1945 957 2852 2416
218 1319 3536 3527
1552 3572 3697 3987
391 1000 1540 2378
331 641 2816 2362
1594 532 2192 3843
1224 2299 3698 3189
2742 1013 3991 3861
1142 1006 3814 1531
1998 2527 2363 3797
304 712 2858 2596
2485 1527 2779 2817
2187 2972 2646 3997
1355 95 1973 912
282 2263 2133 2792
404 1082 1219 1796
426 2062 771 2438
382 966 2655 2501
279 3447 1680 3613
499 2026 1832 3412
2811 1451 3935 3170
1642 2384 2045 3524
448 1098 3786 2403
567 43 871 2134
2638 1890 3729 2665
1670 1957 1696 3955
1099 2131 3853 2739
1763 2002 2803 3290
834 2401 3662 2797
1065 729 3986 3451
472 201 996 3489
1213 572 2270 3473
499 1752 2024 2784
1638 390 2967 3793
1888 187 3538 3714
1103 381 2875 3505
1124 1930 2105 2987
1099 1046 2759 3989
728 771 2137 2450
1262 9 1388 2569
981 2662 1040 3683
32 1510 3635 1586
2431 3443 3502 3734
107 1329 1867 3284
993 1994 3856 2756
1840 2783 3646 3754
308 323 1817 2483
818 1112 2926 2570
317 743 1907 3135
1258 2086 1284 3913
2045 423 3689 3775
408 1199 1767 2883
2844 1351 3085 1415
580 1630 1602 2241
1568 1217 3249 3460
184 624 2042 894
868 1529 1530 3925
2899 1067 3121 3054
834 1047 3811 2603
338 2192 3365 3686
1925 1493 3900 3010
71 902 2318 1681
2036 509 3931 3315
1730 1060 2891 2848
1352 1698 1733 3210
2949 829 3291 1375
465 620 626 754
278 2075 2726 2953
