4000 4000 4000
569 1852 3368 2303
2640 1268 3654 3951
322 1289 546 1880
596 1619 2185 3217
115 1151 189 1827
322 2291 3103 2634
857 37 3817 3982
752 2190 2208 3013
324 907 3574 2493
3418 140 3897 990
2054 952 2318 1428
1461 1494 1726 2478
3319 1519 3669 3863
1060 1729 3711 2993
1535 401 1961 3211
827 1310 1575 2251
82 605 1487 717
346 337 1733 2727
1317 2043 2850 2266
585 1117 3435 3947
1862 398 2549 619
2488 1371 3730 1505
230 569 1297 1558
1471 241 2468 1432
225 1152 476 1488
3169 2069 3406 3742
860 1816 1658 3649
1351 1868 2789 3517
1515 2267 2386 2278
2593 2201 3336 3189
1780 8 3416 35
505 2257 3631 2382
192 1975 2045 2673
1930 1772 2091 2422
1168 314 3828 789
3003 303 3799 1147
145 1740 765 3364
299 146 2435 1882
1135 3402 3535 3464
1447 1677 2131 3203
570 452 1295 3940
205 1122 1072 2698
2039 127 3896 570
1012 930 2976 2362
3223 1679 3241 3548
2294 225 3378 685
2357 489 2502 629
1294 1632 3007 2957
176 665 1308 1983
1079 1772 2972 2107
2855 1330 3351 1844
1275 527 2213 2761
575 2120 2617 3869
1664 1769 2420 2793
2620 1663 3923 2951
211 1372 320 3569
932 679 3019 3419
756 8 2868 2030
2334 2384 2501 3749
854 679 859 2990
11 680 2932 2190
1265 502 1939 2054
1422 1740 1758 2328
1375 236 2087 1350
1668 1756 3853 3194
838 978 1691 2991
2046 786 3832 2954
102 119 2542 1457
601 1314 2590 3903
1379 2505 2138 3609
677 212 2259 2164
2884 2724 3979 3526
2683 758 3123 3640
26 1668 2774 2698
436 1638 3351 3071
2098 272 3774 2906
1887 1912 1962 2139
984 2273 3660 3560
952 1775 3773 3966
516 24 709 969
1635 439 2797 1658
484 60 2910 2091
324 351 1266 1527
1314 1790 3450 3064
2931 432 3858 3322
660 2117 1572 3705
899 1337 2213 1567
2358 1429 3751 1760
2104 327 2842 407
1789 809 3734 2451
1227 1696 1355 1936
1125 197 2116 2979
1276 1145 3147 2107
1609 2758 3652 3317
264 1349 894 3476
901 961 1381 3268
1455 177 1518 3461
2420 677 3003 2838
486 1082 2059 1663
668 1592 2768 3225
260 180 2225 1652
1191 117 3034 3210
1308 764 2460 3674
991 1503 2732 2651
1085 2404 2369 2470
58 765 3858 3189
979 1066 1441 3624
253 3029 1504 3448
795 1161 989 3275
251 175 1434 764
161 452 3294 3237
2234 2700 2485 3596
2263 1726 2423 2862
492 417 2337 3485
1488 300 2288 485
733 297 3809 3350
388 294 2778 2590
3635 1525 3745 3977
2050 946 3974 3264
207 2695 886 3807
679 2417 2800 3688
1308 1238 2628 3717
2396 314 3939 2077
1602 441 2661 3639
3025 334 3327 3172
362 2227 465 3473
388 116 2272 145
2128 1949 3162 2410
2951 916 3943 1249
1374 1751 3629 2839
835 2303 3986 3485
1941 2182 2835 2936
709 3136 2777 3611
370 549 1676 3699
566 2243 3792 3042
1989 436 3837 800
968 116 1444 2063
1753 2513 2044 3056
1344 510 1548 2974
307 15 664 2295
289 2658 2891 2961
142 795 1717 2496
478 1284 3482 2804
73 646 920 905
759 610 1660 1052
2468 32 2595 627
609 1043 3488 3913
1383 2397 3321 2598
699 508 2539 1446
2518 235 3982 2968
1067 830 1938 3369
243 2271 3824 2556
398 2390 2001 3536
573 134 2592 931
431 3826 1874 3846
505 2966 3944 3415
1205 2993 3000 3551
1292 1318 1308 1693
933 1490 2290 3670
1616 780 2904 1500
1504 595 1994 1692
1489 1811 1724 3595
1376 1740 2109 3427
2101 531 2716 3339
29 2291 1504 2866
1936 886 2976 3596
1340 727 2206 3986
3034 2896 3960 3927
3062 2422 3984 3780
2634 1720 3974 3779
3107 510 3552 3163
276 135 3603 755
747 793 3651 1319
680 216 1670 340
3373 326 3925 3607
1339 2612 3224 3694
2854 1359 3335 1416
2924 501 3864 2846
916 1686 1306 2915
1778 1408 3142 1432
2514 1679 3461 3082
2503 2177 3603 2633
427 552 1297 1986
803 53 2858 3501
345 1627 3179 1842
885 1901 3386 3844
1181 3007 3465 3236
2099 1282 3579 3497
1323 3073 3698 3173
308 594 2760 3173
619 2973 3622 3884
40 257 3927 2033
1243 779 3145 3780
2511 1689 2934 2851
520 1839 1052 2776
253 711 1122 2878
503 3284 2207 3728
108 432 1840 3327
586 274 2835 1228
123 1113 2007 1745
808 501 3453 2586
1112 2069 1319 3698
3405 1905 3439 2195
2571 708 3576 3329
2116 3221 2167 3821
1123 1372 3361 2904
1945 357 2560 447
1391 584 2797 1221
544 640 2166 3521
1979 425 2326 1217
1144 1358 1576 2727
794 374 1389 2960
2237 1022 2893 2519
956 2339 2000 2893
1921 2325 2018 3815
1111 3749 3252 3992
677 1331 1083 1837
676 2489 915 3409
1182 681 2419 3445
2861 1668 3938 1784
1632 1468 3402 2600
669 3016 2559 3730
613 1850 3409 2678
1288 1328 3472 3552
482 1510 3723 2188
522 1622 994 1823
1739 1305 3861 3823
2479 646 3644 1839
3453 7 3993 1423
393 1189 2581 3674
2867 410 3886 431
631 2328 2910 2621
570 2084 2487 2293
863 451 2770 1589
1399 2080 2280 3113
1207 3057 1208 3539
2463 591 2953 2787
2303 1521 3145 3900
1281 1747 3992 2647
896 3445 2939 3452
1534 1456 3700 2376
2417 697 3294 2846
810 436 3422 3968
3057 554 3715 2920
431 552 3247 586
1363 548 1570 2764
28 2354 1222 3919
25 371 1360 2141
2303 480 3932 3386
2402 979 3115 1671
276 48 3857 2461
563 712 2913 721
126 129 543 1570
1712 1089 3518 3415
640 345 2193 2051
2140 2368 3270 3858
1950 1653 3720 2543
539 2107 975 2467
2620 2699 3792 2915
3062 464 3662 1978
616 393 2663 2173
23 1031 2873 2427
273 2771 677 3499
2499 148 2938 613
1808 2938 2177 3625
1816 622 2546 3579
256 3238 2162 3318
2469 564 2785 3669
886 2923 2969 3743
2470 530 3074 2736
1039 1185 3534 1250
1451 1995 2876 3253
2485 271 2818 1814
2242 2638 3938 2714
925 78 1563 2034
72 1812 3546 3392
1777 121 3380 3710
560 505 1714 3671
49 2520 647 3534
1889 1136 2229 2399
1438 11 3175 1217
1988 90 3572 148
12 553 1569 1834
1055 1824 1172 2719
770 3190 3591 3684
541 2588 3173 3450
2477 1796 3686 3109
963 3584 3165 3624
605 126 3274 1402
1129 712 1624 795
2206 989 3254 2270
1107 882 1677 3209
3477 691 3922 2090
803 1355 1212 1530
1190 3419 3865 3558
905 399 2247 1373
3604 1687 3683 3232
1228 1232 2031 1863
3654 916 3976 2180
866 1102 3679 1730
36 8 2779 559
405 1129 790 2137
2542 879 3472 1650
137 524 3978 571
941 124 1642 3556
1663 2204 2692 2744
2522 664 3142 1809
1631 2723 2886 3255
2949 1182 3050 3860
2480 2462 3054 2482
3178 3086 3336 3376
1107 2477 2490 3939
2677 1067 3543 2617
3239 3356 3609 3862
1360 892 2251 1210
932 2591 2181 3516
439 20 3204 2476
194 1921 3877 2878
778 2470 1166 3654
1526 2987 2301 3294
461 324 3370 687
893 994 2029 1488
264 1578 3401 2572
730 2783 3392 3987
1602 2119 3655 2801
227 719 1293 3054
900 1435 3285 3672
1238 2351 1539 3708
1348 2401 1821 3458
2205 3285 3510 3802
161 2166 2550 3229
14 1034 3181 3382
2183 842 3082 2823
1701 271 2245 1510
69 527 1884 1212
528 24 820 3665
325 887 1177 2182
2545 296 3778 819
713 403 3318 3789
1638 1317 3436 3958
1408 1660 1914 2478
3555 1260 3874 3267
615 945 1754 2363
480 248 1791 3267
217 2807 456 2879
1133 1418 2331 3099
615 1914 3491 3912
938 1788 2888 2219
327 1383 1861 1767
1627 410 3253 2261
245 1658 575 3811
3240 385 3715 2724
2165 1791 3786 2875
1130 1722 1587 3026
1045 2009 3663 3402
199 749 689 3812
1539 2061 3285 2323
143 146 1896 1378
2208 3213 3614 3271
1502 1051 2602 1763
324 1628 432 3919
1245 1127 1758 1259
2533 573 2586 1570
94 1116 1540 1118
1680 693 1761 3895
371 669 460 2574
1118 2239 3706 3340
456 592 820 3979
61 774 1541 3145
58 2374 3426 3969
1394 2970 3539 3081
2151 687 2740 1869
1864 2604 2111 3449
737 639 2890 1129
2280 1181 2348 2811
1465 1328 3438 2961
2796 21 3531 3207
996 1029 2511 3173
2078 781 2252 1267
295 2587 561 3453
572 1562 3786 3901
259 1793 3271 2858
1892 352 2023 3140
1958 2864 3618 3262
2380 338 3402 1971
1442 1672 1819 2868
2347 863 3621 2541
2114 668 3396 1227
3088 522 3771 2738
298 1790 1979 2978
1193 1385 1324 3869
356 1693 2192 3602
41 1371 3552 3873
696 16 3123 2735
2228 2220 2317 3917
10 1223 846 2668
1136 2100 1460 2423
244 1895 2058 1990
489 168 2368 1092
2421 2899 3439 3053
384 279 3621 1679
2953 1514 2971 2723
1900 549 3034 3167
172 2047 2378 3650
1784 2095 2599 2574
1113 2848 2963 3705
3279 2333 3956 3509
1248 1330 2969 2681
320 163 2321 1276
961 1938 2647 3669
1437 759 1816 1616
787 411 1781 3207
156 1118 905 2199
2449 1558 3455 1936
64 870 3732 2804
783 2981 3698 3189
110 519 2943 1853
1073 2369 3846 2400
540 1999 1289 3040
743 1109 2238 3483
2811 775 3063 3682
2415 2582 2540 3351
2138 993 2157 1484
182 1181 3873 1311
189 840 737 2878
94 94 3406 1272
373 1388 1167 2400
1701 1493 2831 3500
397 2846 2898 3534
6 931 1109 2510
108 245 2226 2056
1489 2146 2858 3507
1426 792 2193 1396
643 1903 2387 3740
103 2464 1181 3153
2014 1875 2182 3460
2137 1504 2646 3238
75 472 2721 553
173 1271 2648 1528
386 2365 3827 3921
1569 2244 2138 3890
1042 1303 3908 1454
88 218 3494 2888
1626 1032 2116 2683
1222 1159 2351 3918
1403 642 1507 1898
778 3202 2388 3364
259 521 1561 542
19 1828 1287 3720
670 437 3383 665
1560 67 2861 1915
445 3273 3136 3591
3055 36 3509 1122
1630 945 2386 2523
2315 950 3482 1000
845 589 2689 854
458 2321 3018 3913
3232 1077 3571 3245
379 3103 1751 3400
1913 1267 2412 1329
22 1641 223 2699
1070 653 3541 1621
21 2324 290 3437
40 1458 2516 1883
1964 3028 2909 3728
390 724 3337 1235
1184 3537 2555 3756
1588 744 3153 1028
1386 2594 2889 2953
2219 1720 2757 2051
1135 1515 3183 3442
1423 1836 2048 3553
3441 2077 3901 2208
3318 3042 3823 3252
1330 180 3465 2337
476 410 1153 497
533 1762 2597 3891
1146 1712 1702 2226
2381 1320 2428 2265
1687 803 1992 1671
1542 956 3429 2215
3652 1197 3920 1529
1628 2122 2499 3325
1082 3383 3285 3410
1837 958 3190 3191
624 2906 985 3292
404 319 1523 1044
22 2000 1325 3691
1293 1300 2437 2131
1141 852 1581 2493
478 56 2961 1762
1073 873 2707 2105
2433 2596 2554 2620
2942 199 3172 3725
2023 683 3196 3255
2217 556 3664 1241
1041 2057 2962 3550
557 2057 2503 2308
103 880 954 1746
2695 1027 3371 2678
592 1330 1743 3904
374 1452 1085 3481
2589 695 3212 1494
1337 3437 2800 3577
2095 731 2420 1944
2135 622 3713 2565
3128 1756 3365 3520
165 573 3606 835
1691 2192 2142 3150
2902 1708 3309 2278
1434 3442 3020 3840
1456 1416 1789 2377
1027 477 2140 789
1821 2871 2713 2943
1804 1069 2877 3815
1094 352 3851 885
1568 1360 2933 2710
284 2451 1754 2880
3569 667 3971 3985
1487 1557 2855 1976
1517 2109 3716 2720
534 1372 609 1997
613 1548 1213 3161
1000 256 2386 2817
2009 2697 3114 3863
1390 2740 1418 3929
248 2234 347 3155
1761 1361 2375 1608
1522 1400 3217 2667
1690 591 2110 2450
1746 2290 1944 3478
378 839 3333 3148
1734 1133 3875 3033
2270 2780 3860 2793
2479 1078 2748 3576
456 309 1299 426
866 2408 1143 3326
205 854 2556 1216
386 2860 783 3127
1767 3241 2612 3735
762 626 1546 3947
147 433 326 2681
1421 1018 1740 1904
668 396 2364 3959
2026 428 2501 1416
562 2561 2111 2841
1338 74 3654 3256
36 591 3159 1543
1452 521 2683 2485
848 2055 1640 3570
946 756 3499 1765
2652 3751 3811 3775
2100 605 2373 1996
1678 1049 1778 3204
1267 1274 3823 3655
1253 471 2887 3722
799 1867 3588 2868
308 2034 1867 2229
586 1071 1587 2240
3344 436 3498 1264
2841 2121 3088 3418
3709 220 3928 3617
636 816 2731 3568
627 1100 3200 2149
1167 2926 1555 3086
2112 1608 2328 2360
914 65 2995 2096
2258 1232 3316 1996
561 787 1211 3246
1042 2290 2423 2900
1042 1715 2629 2906
2752 302 3155 2061
1221 649 1373 3059
2697 993 3433 3933
556 1072 677 3111
1062 92 1281 764
3223 1288 3380 1700
2097 942 3435 3456
1153 474 1661 2699
244 3515 266 3723
1805 1236 2675 3517
959 3521 3389 3595
828 3516 3552 3693
1931 518 3104 624
692 1036 3604 2414
1208 380 2334 1791
740 1503 3144 3948
385 86 2414 969
243 1391 3593 2980
1061 1708 3772 3362
409 513 2540 3203
1504 3052 2246 3432
220 3128 1233 3462
922 2688 2342 3275
1103 1971 2592 2324
1335 314 3785 720
612 1053 3706 3536
412 2717 1732 3157
1616 2957 3017 3366
583 277 1525 1448
548 127 2797 2841
2865 770 2909 2192
2486 934 3114 936
650 232 2799 2616
779 430 3904 1230
1719 444 3542 1404
651 1889 3598 2770
487 2520 661 2810
1852 2819 2021 2942
502 2651 966 2668
2544 944 3335 1681
2278 1447 3039 2134
1583 2 2042 1481
192 1084 1242 1344
2412 1166 3775 1278
859 2190 1021 2626
2462 903 3997 3864
550 927 2999 3230
321 1533 3138 3650
2753 2259 3189 2377
2564 522 3755 3589
305 1866 2710 3716
578 1283 2011 2252
281 2514 2251 2975
26 1155 3650 1463
1877 1555 1994 3658
308 670 3271 3042
1174 547 1257 2866
1320 837 3924 3756
1735 2959 1937 3239
3171 921 3891 3946
2055 1521 3087 3831
942 126 1450 293
2031 2242 3960 3849
1347 1513 2465 2804
2593 2629 2656 3949
1330 3004 2524 3027
253 14 1714 1408
1513 853 1843 1177
202 443 1456 2026
785 2564 3586 3262
91 181 2887 3647
708 589 3629 1588
238 380 1676 3784
587 1445 2800 1700
679 148 2198 3087
642 1759 1524 2075
3088 3396 3855 3511
85 1514 1909 2922
2781 1869 3277 2099
270 275 3844 1669
77 1254 2551 3559
2421 566 2598 841
2407 1683 2617 2896
441 2551 2802 2622
2831 1882 3630 3873
1549 1237 2225 1843
1428 2201 3571 3561
1798 99 2285 229
627 733 3438 1067
236 2016 1687 2523
1881 202 1987 3583
1489 1697 3463 2878
1655 555 2382 2675
337 755 2313 3569
59 1547 1509 3877
304 438 2966 3125
378 54 2526 1862
276 878 1345 1760
941 624 2482 1995
180 943 3195 3160
687 2226 3490 3869
1990 966 3563 1192
293 2132 1243 3885
209 605 2277 2158
921 255 1745 397
608 609 3852 2581
3195 1253 3689 2165
1410 1884 3399 2552
73 1869 3325 3697
3140 3040 3307 3983
430 851 785 2965
1577 3119 3182 3398
184 2100 2886 2333
783 2650 1240 3037
647 705 3793 1719
842 50 2017 3991
118 853 1201 2727
1189 970 3564 3243
2529 461 2758 2183
449 992 1119 3429
501 981 555 2187
407 455 1558 3638
1412 128 2507 1909
1530 1548 3052 3366
37 3811 1159 3851
455 1225 657 1487
834 1302 3011 3959
1939 243 2068 2338
61 2437 1544 3553
1259 3479 1659 3737
585 1253 1837 3463
3340 2025 3482 2799
2387 2459 2742 3959
2406 2709 2829 3261
1282 1228 3594 3080
667 97 1545 2561
1327 246 3436 1164
1156 560 2546 598
235 663 1518 1918
3368 510 3745 1195
1447 1911 2529 3243
498 316 1197 1890
484 2229 1664 3227
2081 869 3042 2585
2554 536 2800 2503
441 2437 3533 3599
539 1011 3111 1777
1326 2987 1864 3100
193 1676 2254 2413
2194 1186 3723 2776
1098 228 2876 3933
466 1196 2605 3156
186 3030 2150 3825
1820 717 3848 2966
2475 350 2674 1298
1204 2174 1741 2754
3456 1770 3884 3087
1766 1094 2161 2159
2830 675 3381 2871
2441 1494 3185 3482
1463 2443 1974 3260
1002 694 2538 1089
590 854 2372 3550
703 1356 1352 3896
1395 2293 2725 2964
952 1316 3095 3876
1658 1632 2184 3714
2740 3628 3619 3991
221 1092 2822 3561
743 3367 3481 3568
429 1296 2731 3032
228 402 3125 1816
927 781 1266 2777
2521 54 3308 3588
1251 394 1751 2012
400 1201 3260 3792
569 1300 1829 1337
887 2935 3309 3490
2075 1069 3678 2483
1573 2585 3296 3572
106 1074 2036 3660
1737 3819 3978 3959
2217 13 2751 2663
490 2795 1793 3843
3054 1729 3761 2369
208 2603 552 2792
2990 98 3972 2490
852 2079 1138 3399
502 2251 3085 3146
226 753 688 799
1104 2201 1441 3407
2506 1337 2809 3925
2676 891 2912 3833
1008 499 3476 3032
941 1468 1162 2034
1861 670 3916 2043
1136 630 3617 1524
2320 2839 3834 2870
2739 3176 3032 3218
355 1553 3754 3062
1409 479 2188 2893
208 83 1218 1556
272 68 644 2475
1339 1607 3668 3280
2646 2035 2945 2280
660 1280 2674 3605
2217 2114 2621 3067
30 44 1793 2822
42 538 1148 777
1474 340 2468 2245
1881 1771 3588 2120
1162 2092 2463 3343
1804 394 2271 3637
2740 599 2926 2275
1139 707 2229 1148
1993 595 3425 1983
971 1460 3529 3890
203 1197 798 1220
585 260 2856 594
374 1128 1972 2127
498 345 3388 2387
725 340 3841 2722
1300 665 1701 3271
3239 735 3769 3461
995 590 1904 3461
1903 472 3513 1106
274 2180 693 2806
70 3192 490 3332
1080 3507 2376 3944
1123 1536 1273 3172
2002 174 3569 523
741 2898 3422 3811
245 913 883 1843
468 175 1623 2490
1417 1919 3064 3241
2952 933 3829 1137
1327 885 1902 2274
2662 2138 3791 2972
1901 1311 2182 3377
1363 172 2613 441
1736 1558 3521 2639
897 801 2549 1953
3107 2591 3913 2704
337 879 1637 1065
1395 2634 3147 3771
3748 1786 3775 3464
760 1739 1133 3630
1757 1976 3017 2930
980 106 1195 3754
27 1066 2424 1222
1379 174 2397 1399
1663 1020 2652 2364
1032 688 3077 1173
3715 1799 3796 1953
1305 363 2573 3860
1952 1325 3204 3729
213 704 1043 1255
1274 353 3972 2419
808 426 1593 3207
2880 2098 3132 2756
639 2123 713 2168
1319 1327 2302 2946
618 3076 3255 3274
2672 1482 3817 2565
532 2632 2710 3717
968 2449 983 3230
1789 1610 1815 2602
521 1861 3059 2756
1728 502 1932 3887
1828 1141 3300 1753
1255 100 3151 495
262 3014 3737 3650
64 837 2074 3439
3220 1774 3920 2738
519 101 1630 1114
3693 313 3891 2079
762 522 1821 789
1082 442 2634 974
247 2450 1416 3763
35 3286 49 3723
401 3541 3801 3960
472 188 2331 2703
447 2422 1603 2619
485 2361 3962 3108
55 460 2713 2814
1106 217 1372 3405
231 1185 2130 3560
1875 1276 3960 1466
3074 2553 3672 3107
1200 229 3199 2552
1383 1540 2207 2065
2190 1595 3673 2386
641 819 2433 1309
983 389 2032 2532
2419 1714 3117 3515
106 832 430 1682
1249 2774 2713 3167
1457 1219 3153 3977
574 461 3930 3932
1096 2689 3638 3784
642 2085 1025 3374
524 1426 1946 1933
338 924 1706 1102
150 2231 1350 3844
506 2811 782 2869
3287 3117 3334 3129
388 595 481 2663
458 1978 2144 3974
805 2600 931 3147
330 1417 4000 1754
2744 1629 3733 3185
2166 1765 2308 3613
2279 491 3213 3814
1719 1140 3801 1300
912 1178 2477 3268
2196 230 2939 1642
311 1506 3982 3552
1651 157 3122 2611
428 2660 2326 3205
2229 1661 3315 1750
1315 1939 3931 1971
663 1085 1692 1580
488 156 2829 1377
2188 859 3616 2321
96 102 3799 1355
2526 500 3443 2758
293 175 2136 1522
1124 54 2309 204
1810 1312 3485 3763
1100 1970 3609 3735
258 1516 2320 3525
2318 3155 3263 3263
1648 1603 3968 3344
2139 2167 3810 3251
1493 1364 2538 2401
3801 1836 3916 2464
2171 604 3053 3710
1554 3816 2617 3999
3275 812 3447 3038
856 2988 3300 3885
1674 1385 2149 3512
560 1270 3510 2240
1753 2789 3511 3838
1301 537 1633 2953
2414 1196 3992 3289
1963 1988 3753 2423
1174 1754 3740 3362
886 47 2246 151
71 1842 2128 3947
2259 3310 3343 3966
114 493 3150 3327
3107 498 3820 3687
794 623 2180 1146
78 2236 1741 3095
2847 669 3287 1871
332 140 1628 3763
1567 2980 2040 3467
3838 764 3917 2639
2390 807 2804 1036
3529 845 3950 2950
1384 2746 2222 3092
2882 3398 3870 3619
2725 113 2846 193
1360 2429 3667 2515
263 858 3602 1600
813 117 3679 3100
3645 790 3719 1509
1323 418 3508 3437
1551 1121 1577 1333
1291 159 2404 536
2765 1944 3151 2106
1577 296 3725 1550
1656 657 2157 3430
966 841 3232 2982
3748 1635 3795 3072
360 2627 3803 3210
1941 2432 2887 3428
3593 2481 3893 2815
497 3140 2758 3311
677 609 2887 1725
640 509 2996 625
1557 963 1688 3154
2211 506 3504 2660
578 893 3492 1293
2100 1347 2824 2318
1328 1335 2158 1870
1673 1764 1782 3708
56 1113 2120 2795
826 3086 2586 3328
150 1905 3196 2275
1531 1691 3904 2617
535 559 1715 2082
2029 394 2888 753
94 307 1411 918
1785 978 3292 1509
183 945 3255 3886
2755 1101 3879 3862
848 532 2010 2802
152 581 316 652
1555 1172 1568 1844
1271 34 1668 304
994 1093 3373 3401
2395 366 3331 2403
2298 140 2652 1580
2817 2117 3192 3908
703 1361 1326 2418
1228 2068 2601 3570
2294 2439 3748 3040
798 964 1982 1615
1182 1419 1581 2315
2828 1073 3747 3311
3226 258 3570 709
929 3808 2707 3921
3335 2641 3363 3649
597 1240 3721 1379
722 156 1501 3344
944 705 1821 1194
1374 2005 3670 2586
2615 1288 2678 2226
1227 1450 2806 3258
2998 645 3777 3430
384 1011 3204 2331
58 414 546 1435
1496 1364 2099 3797
3470 1365 3706 2967
795 1624 3025 2707
3870 2506 3878 3356
491 3330 3230 3875
1817 191 3374 1964
657 1574 3034 2346
260 969 1996 3838
1049 1219 1081 1624
1132 428 1278 1271
3400 592 3774 2412
1310 205 2995 859
2198 153 2353 983
12 491 2063 1758
714 897 1023 1814
1580 415 3513 3215
418 2190 578 3070
1252 1078 2109 1169
183 1977 1946 2255
1454 617 1985 1510
2123 112 2305 2570
1252 2788 3796 3637
1629 2432 3515 3154
382 1396 3686 2036
37 2294 67 3020
2347 816 3335 2562
543 2442 1053 3409
1977 433 3754 3774
2397 1368 2888 3518
419 73 879 2390
799 1543 802 2256
207 2622 3292 2930
83 2807 248 2998
398 702 888 839
231 2780 1064 3041
211 515 343 3669
3364 1384 3637 3107
5 1919 1682 2454
557 3378 1278 3480
979 3207 3289 3884
1452 3042 1793 3898
336 471 2392 1668
1025 107 2135 1051
2642 937 2739 3516
1215 92 3622 1455
2467 684 3368 3810
3824 1309 3924 1465
1645 1144 2749 2866
719 986 3914 3166
2741 860 3803 1950
2 2898 1185 3622
1410 378 3078 1642
686 332 3446 1986
1163 1637 1551 3457
1049 1129 2864 2507
123 366 1272 775
1334 1115 1694 2116
1708 1113 1990 3416
454 363 860 833
940 2372 2738 3128
2421 871 2545 3043
1758 352 2616 2924
2259 65 2736 2877
756 1165 1168 1409
746 827 2356 3871
1000 3724 2491 3755
2062 181 3476 3996
6 3012 1378 3568
1418 560 3462 2911
882 667 2910 2161
753 2051 836 3420
1724 1669 2027 2160
1522 492 1866 3114
219 962 3279 3274
964 1639 2765 1809
380 1530 1569 2681
1295 543 2789 1621
1409 1816 2356 2481
381 343 1893 682
1150 150 2669 3545
1847 845 2583 3890
1400 764 2730 830
1709 3655 1898 3737
1108 339 2765 2114
792 784 3692 978
1296 584 2739 3314
220 2280 730 3044
520 633 3444 2025
1800 736 2126 816
3233 2374 3527 2521
598 2076 850 3132
2671 1180 3042 1321
1203 887 2809 3249
2218 2105 3667 3441
263 488 2625 1137
1839 777 3354 1407
515 2000 3895 2988
695 147 3368 1474
3230 3474 3897 3959
1960 425 3119 2768
1703 1685 1806 3016
1741 1796 2064 3660
122 1156 2565 2006
3517 1879 3972 3785
3552 2061 3572 2578
577 2262 3115 3119
3340 1273 3563 1927
14 414 1669 2008
2742 524 3787 2460
1760 2460 1872 3565
2670 1328 3707 2350
651 1064 3208 1434
1274 1043 3665 3354
2777 2174 3422 3069
80 186 1734 1138
983 1189 2494 3118
1603 436 3754 1270
958 2891 2141 3818
412 540 2688 561
1235 80 1386 2546
2293 1565 3744 3205
2062 2423 3713 3997
711 507 893 3463
350 881 2331 3883
22 3148 3155 3463
1856 2591 2817 3742
428 1384 1763 3918
1304 974 1693 2807
1262 522 1637 3733
2815 1818 3527 3670
671 1973 1449 3760
3474 3440 3833 3777
476 635 2446 3781
30 750 3641 3932
328 1486 1859 3077
1017 360 1041 2876
922 1892 2653 3622
1428 2887 2119 3874
71 2032 2681 3238
2839 1510 2862 2069
2341 689 3284 1960
954 1397 2964 2490
1361 1518 1602 1577
989 445 3827 1157
486 2593 1279 3125
63 1289 158 3309
794 606 3250 1533
2420 2540 2965 3495
2408 2381 2983 3045
1341 1051 3750 3811
509 318 2281 1624
3156 2980 3336 3454
565 1556 3108 2107
640 1542 3644 2343
723 698 3142 3758
1565 1583 2202 2641
781 434 1020 2507
2569 90 2664 3631
171 3027 2337 3184
1620 2539 2475 3607
3152 2625 3843 3782
2336 1096 2833 3470
1851 844 3819 1968
899 1563 3532 3864
1358 315 2580 2664
1211 3279 1293 3744
622 1661 918 1958
40 1675 938 3075
552 3061 3924 3662
2391 1338 2617 1880
2 1567 1237 2506
122 76 2512 3081
974 1412 3734 3291
1071 2007 3848 3852
742 718 1807 3619
259 1070 3550 2518
2503 544 3950 1541
2913 1491 2961 2472
1551 2621 3657 3579
2941 1986 3020 3801
3103 2871 3698 3502
2701 878 2789 2112
45 178 2757 3205
270 1007 3667 1371
376 220 3696 3200
2133 3143 3823 3604
2160 152 3956 1026
210 425 2152 2400
187 2847 3999 3406
2238 363 3712 2536
956 2690 3248 3874
881 1169 3640 3841
925 1920 1854 2342
2430 1865 3571 2015
380 3289 1186 3621
1956 892 2862 2122
333 1491 614 2507
2492 1199 2667 1490
1506 2234 1760 2334
473 2068 3254 2117
991 1223 1830 2582
1119 771 3589 2285
613 1052 3000 1959
1740 103 2144 1608
1551 1859 2922 3646
3180 1243 3557 2754
1009 340 2401 3490
1134 1317 2615 3007
2162 823 3539 3256
1341 585 2931 2546
593 1099 1960 2288
626 134 2460 3094
3548 2894 3793 3536
1245 341 2084 3392
3089 3398 3448 3977
1050 40 1511 2852
812 3057 2392 3827
929 1093 3745 2829
605 533 872 2033
133 85 850 1481
63 1896 1236 3771
35 637 2914 2567
743 826 3720 1631
657 2982 2097 3210
2763 2127 3230 3173
516 1171 3532 3749
1613 2858 2223 3591
1162 498 2907 2324
926 200 1083 2304
137 985 887 2366
298 823 3491 2250
311 2515 1518 2533
1556 1692 1749 3562
1595 520 3563 2941
3015 262 3792 1365
643 3226 2136 3559
1054 3281 3901 3991
1991 519 3312 1754
2884 178 2899 3483
734 1160 2746 2116
1749 1733 3028 3547
1694 330 3874 2008
278 105 3283 2924
1066 287 3632 1411
1100 1332 3791 2287
439 1940 1080 3999
928 1044 2457 2955
1387 85 1405 1010
2067 1553 3004 2387
1036 1677 2245 2998
324 2860 2321 3845
42 2276 1860 2928
1018 1424 2214 2871
2163 2530 3699 3069
1407 324 3208 2957
2096 2635 2250 2994
1919 526 1920 2243
15 2793 3025 3104
1844 114 3819 1679
300 2857 3009 3117
1562 280 2293 2522
1739 684 2184 2079
1827 174 1976 2634
359 883 2608 2486
243 742 2542 3258
1262 1969 1654 2131
1699 536 2698 899
1713 1310 3486 2124
740 2489 2866 3545
86 1256 897 1975
120 106 2798 215
379 718 506 1750
370 1106 2347 1450
1231 3207 3109 3898
2854 1677 3651 3940
3034 2247 3856 3582
2776 380 3857 1027
3159 428 3352 1602
1254 2779 2305 3602
2961 2003 3820 2527
2026 441 2156 2776
1813 697 3636 3219
370 2004 523 3323
527 2407 1592 3300
182 1193 439 2562
1449 580 2612 2228
973 2996 1502 3228
3418 1273 3964 2839
272 2417 741 2556
1936 97 2435 3015
301 79 3111 534
2002 921 2686 3153
877 2994 1605 3650
151 1968 1431 2561
1629 252 1650 3124
117 3573 1161 3944
776 776 1872 2240
176 34 2370 2963
1074 603 3551 1740
3232 15 3581 1161
573 386 2003 3885
1570 1702 2088 1835
1140 3012 2243 3730
457 228 3179 1337
2688 1305 3346 3855
2225 542 3818 1613
397 832 2199 2617
1637 1816 2872 2925
620 794 1062 2110
2607 522 3429 3854
1531 1915 2192 2755
878 26 1947 205
122 1053 2630 3760
1179 1505 3812 2778
1891 3509 3786 3918
759 1434 1363 2400
1294 1360 3781 1860
1209 2274 2300 3536
692 32 2604 3755
2338 550 3737 1785
552 3318 2154 3500
2015 81 3904 2002
1823 718 3560 1037
2272 996 2992 2340
2336 456 3652 3850
163 1538 3106 2148
1292 342 1683 860
359 2447 513 3798
1616 2051 3367 3919
291 162 3034 2756
239 799 1196 2651
381 1130 3540 1336
944 2257 1650 3764
496 2197 3743 3268
25 1520 2552 2654
185 546 2386 2601
676 1372 3174 1866
1950 2183 3934 2764
2561 785 2727 865
1305 314 3857 2485
668 53 1411 154
1691 224 2766 1048
1777 3138 2165 3826
2612 1309 3654 3884
2833 1471 3834 3951
394 966 2971 2962
651 1206 2160 1744
839 95 3857 549
2007 3311 3974 3543
547 3013 843 3190
2444 84 2656 808
3024 2942 3917 3176
60 358 1911 1700
2334 2730 2412 3226
1784 245 3308 2094
2228 1687 3300 3891
803 352 3858 435
1503 1989 2182 3176
2135 2031 3333 2493
1117 218 1123 3370
1784 1247 3406 3978
2232 1333 3446 2009
2436 41 2541 2673
2040 165 2151 2803
736 2538 2924 3713
3113 1317 3848 3304
2771 1218 3755 2573
1708 1551 1805 2357
2202 742 2598 1869
1281 2807 1950 3454
1797 1625 2666 3985
741 90 2378 2822
1789 444 2029 2263
1747 3132 2873 3804
2781 1160 3948 3338
356 211 805 1421
1848 935 2373 1927
2499 1052 3066 1402
1957 1537 3795 1537
174 123 1330 379
885 1132 1855 2719
2043 587 3332 3008
1752 2551 2560 3680
1128 2000 2369 2914
2407 1533 3315 3504
1175 337 2520 1491
2861 1162 2955 2264
839 1393 2031 3226
1019 2808 3161 3617
869 604 2327 2704
1642 814 1748 1083
13 1779 339 3095
2376 1277 3737 3870
2713 1614 3587 3350
1996 1610 3074 3713
73 2804 3219 2916
1777 989 1874 3452
29 824 1042 2000
2118 819 3119 1506
1586 154 3784 3791
315 2070 1054 3294
523 1957 710 2211
2516 144 2996 1065
655 1704 1638 3803
885 1364 3075 2985
2706 1198 2729 3833
409 470 1887 3256
379 1681 824 1685
2205 929 2667 3810
120 2680 721 3065
1780 1407 3993 1601
2793 2350 2818 3967
533 13 3122 274
183 1600 1994 3028
903 2388 3635 3933
2451 3236 3806 3520
744 712 3298 2516
2405 104 3400 1140
2245 1503 2697 1788
1639 103 3622 1049
103 3134 1200 3653
1363 1057 2524 1989
539 1064 2843 2278
10 2142 3373 2602
1008 296 3931 978
2372 1802 3880 2836
887 2920 3670 3328
1848 2083 3675 2329
99 2444 2711 3395
357 1106 1330 1116
1182 189 3548 1800
2168 222 3098 2148
925 56 2328 3931
1327 132 1532 1255
685 1596 2326 3218
1501 1926 3392 2415
3238 399 3693 2757
1885 379 3655 2392
481 882 3223 1221
459 1625 3819 1893
1739 2280 3877 3680
300 1994 2982 3347
1431 346 2897 2203
475 791 1789 3178
1673 1500 3745 2472
1345 920 3708 2529
1349 2520 3768 3271
2250 1787 3879 2487
1143 103 3189 3173
2243 345 2584 853
2004 2399 3109 3710
759 1869 2216 3193
2349 332 3248 1457
611 36 1511 1591
1219 783 1283 1138
2085 1072 2498 2123
1577 1597 3965 2288
1023 161 1693 3595
3146 2539 3267 2856
2537 14 3256 546
767 1737 2644 2037
366 1080 2814 2862
2458 1469 3043 1675
638 2008 3319 3122
921 1366 1958 2175
2469 1137 3589 1149
804 1995 3005 2033
58 1263 316 3538
128 2201 903 3568
3026 42 3999 2324
2902 1831 3721 3412
2991 859 3391 1098
380 1845 3448 2563
1056 1005 1648 1753
3218 2204 3322 3790
60 1099 664 3965
601 1933 1248 3281
1790 140 2089 283
546 1254 2525 2915
177 470 1844 2945
2387 65 3810 2504
1398 1121 1516 3669
1707 881 1948 2856
3069 32 3664 3160
53 3025 927 3069
1456 556 2392 1978
2660 498 3485 3079
1760 2930 2822 3055
1235 1741 2780 2512
1885 669 2050 1252
2722 1934 3187 2679
136 1195 2670 3425
570 104 3398 1541
2341 2387 3779 3805
863 1838 3743 3623
2232 563 3118 2172
149 691 1613 2939
1473 1757 3312 2225
1592 2329 3561 3367
857 2180 3216 2654
120 1911 293 3668
1017 3133 1992 3596
311 1584 3099 2673
357 1377 975 2229
3094 122 3765 2805
37 2816 2041 3216
2163 759 3242 3431
678 468 1505 3220
2144 93 2470 2400
3308 2577 3983 3062
1406 800 3940 1919
50 517 3706 1812
1445 1995 2342 3541
1426 711 2243 2785
1339 2206 1870 2967
126 861 1721 3109
597 522 1640 1942
272 595 662 3508
1744 224 1811 1540
3118 1035 3601 2718
163 1452 3738 3771
1633 139 3308 941
510 713 2536 3917
467 902 1296 2722
76 1745 1923 2341
784 1536 1386 1890
2503 61 3085 1176
947 161 3533 419
970 1210 3170 3408
3114 1113 3725 2882
629 1439 1195 1693
1363 904 3954 2447
3078 55 3183 474
2576 286 2588 690
2190 783 2727 1067
2535 318 3657 713
2428 969 3255 978
2445 1489 2504 3062
302 2773 3655 2792
936 2067 2066 3023
240 1678 1903 2863
2846 484 3649 1248
1875 3292 2695 3969
1725 1491 3819 3066
1235 374 2711 2314
300 1907 3648 3142
1099 604 2677 1415
1063 158 2669 994
542 868 1884 2539
1006 729 1170 2537
956 1424 1256 3361
223 2004 2436 3886
13 311 1249 759
767 289 1267 2272
741 3207 1052 3693
57 1709 618 2708
627 302 2631 2824
342 2456 2395 3463
1091 2587 1629 3556
1504 967 1866 1429
1415 1766 3241 2253
960 1209 1010 3631
2312 622 3181 1608
1141 1932 2366 3349
1500 1739 2134 3603
414 698 1373 2235
1286 58 3738 3294
1577 2482 3111 3418
325 97 1158 214
255 850 3485 1830
1542 2778 2743 3008
25 2394 2695 3874
1601 479 1829 1418
29 37 2347 2821
1562 3474 2979 3771
252 828 886 1366
420 91 1719 2633
3062 307 3867 414
392 327 1690 2313
1612 964 3328 2532
70 1508 3692 2940
2353 2278 3431 2301
1481 1078 1887 3164
3036 1132 3391 3627
1015 557 2025 3147
428 920 3848 3260
2787 3326 3363 3497
2830 884 3556 3872
485 235 2867 2468
670 190 2955 1845
3179 1474 3343 3004
13 862 3195 1075
1988 2359 2710 3386
45 1955 352 3405
1504 1604 2953 1612
2006 1194 2721 3771
949 1677 3947 2892
1393 2020 1702 2512
1300 1613 2034 3449
3267 485 3643 1126
235 1633 1632 2967
962 1825 1855 2261
1749 2671 3217 3178
366 116 768 1252
2360 480 3571 2878
1490 1871 2382 2809
23 3561 2989 3969
2331 247 3880 384
1092 76 1449 3449
427 1373 607 1774
809 1245 3408 1525
381 154 3875 601
2151 664 2604 1366
313 252 2226 3267
1669 195 3311 1821
1361 1237 1974 2793
478 1463 3239 2961
1222 3417 3961 3708
1267 1651 1488 1734
2046 178 3628 2043
2059 57 3192 1462
2205 776 3059 3995
3600 582 3601 2631
317 606 3976 1569
770 414 2136 2199
2334 262 3325 1722
1879 2345 2787 3617
840 2427 3112 2493
70 2428 1911 3259
390 2084 3270 2963
2148 557 2458 2580
2044 2075 3872 2663
347 1796 2787 2468
891 2273 894 3619
2179 2337 2728 3149
34 314 662 2507
2928 1099 3839 1907
1010 413 2394 2062
362 247 1771 2979
3828 334 3840 1051
2418 627 2856 827
1894 1033 2194 3718
1481 1332 3037 3095
561 2176 3062 3944
1148 3264 3298 3719
2923 1641 3468 3568
2217 866 2840 913
1799 92 3697 3215
347 826 3310 1742
1388 507 3666 2759
519 930 2569 3817
2398 23 2979 694
105 512 1214 1090
4 2434 2288 2665
2367 510 2694 3658
137 109 2282 1847
1832 654 2084 2271
865 520 1050 1102
2750 44 3933 301
955 966 1981 1567
3165 2557 3826 3328
2134 483 2744 2271
341 1731 1228 2328
1524 873 2825 1043
1171 3050 3782 3859
201 3646 869 3994
2598 818 2636 2659
475 1030 993 2719
2533 2164 3768 3108
2161 1662 3242 3971
3824 433 3965 608
1303 2302 1330 3643
2172 690 3379 2667
762 2806 2106 3849
205 575 1166 1742
106 731 2477 3549
2999 2413 3310 2855
1118 1559 1608 3000
36 2369 1648 3245
375 752 1148 3655
1724 483 3712 500
1496 1890 1731 3571
3070 1439 3115 3746
523 1478 3623 2768
2232 1846 2385 2286
2552 834 2942 1092
265 1270 1655 2502
875 983 949 3573
2292 1363 3948 3833
568 427 3773 903
923 868 3532 1108
1944 3737 1947 3953
1620 1433 3689 2573
188 533 1136 661
3657 989 3895 2874
52 620 2849 2616
3086 867 3904 3005
688 1502 3527 2798
2224 3094 2565 3500
301 1368 837 1628
1828 2099 2311 3659
593 473 1574 1410
1013 7 1809 2926
2496 1724 3457 3699
1360 1369 1680 3532
208 2147 901 2319
2266 779 2790 3268
151 2283 2439 3469
843 2913 2688 3914
2286 1099 3079 2743
1406 3530 2582 3876
619 1567 2341 3978
158 1037 3868 1476
1292 1507 3105 1591
27 2340 1709 3354
254 890 762 2555
2006 295 3287 1816
21 2053 2579 3717
400 2433 2958 3462
816 128 1232 2536
1992 1294 3680 1711
3602 1183 3851 3597
542 2737 1806 3783
533 1894 863 3123
804 506 3410 3973
96 2917 3115 3967
3264 3259 3904 3919
568 421 672 3246
347 139 502 404
1971 1146 3192 1306
1736 601 2202 2672
1915 2523 2224 3859
491 531 1735 2905
1493 1805 3051 3114
1076 3129 1759 3844
2717 638 3335 1125
2643 3145 3792 3305
1823 244 2109 2301
1406 1197 3224 3202
378 1026 3299 1179
538 395 1725 658
163 1448 2508 1457
1580 175 3509 1124
1638 551 2950 3228
2947 505 3962 599
1812 2338 3875 3992
925 1343 3918 2385
2545 2365 3202 2798
3358 2845 3391 3029
278 2484 3151 3661
2514 2837 3100 2971
1137 2152 1815 3383
2315 2892 2616 3154
899 1895 2079 2375
1261 2948 3399 3394
2533 3511 3133 3862
99 912 361 2059
821 258 2021 2662
356 47 3478 3839
418 189 1402 3812
527 1428 3066 3923
1144 2665 2643 3367
220 1508 2190 2083
3067 454 3829 3665
1841 1118 3227 2881
1869 2017 3216 3760
1076 2413 3944 2987
254 1182 495 2909
2004 1947 3218 3116
950 1492 1295 2311
678 89 1629 3771
3228 3262 3310 3501
1357 1951 2206 2029
391 345 2744 2220
10 2443 1606 3434
1386 53 1511 2726
2629 1234 3181 2368
1281 723 1419 3222
3810 427 3868 1312
2625 2758 2681 3700
569 906 979 2691
1543 1697 1551 3871
2643 1783 3925 2983
328 2590 1138 2811
1672 1277 3595 3316
2285 578 3482 2889
879 719 3271 2476
972 1213 2507 3695
217 370 2894 3349
644 1182 3933 2144
631 1311 2105 1863
1347 554 1506 2102
3787 535 3922 1299
3171 2934 3494 3378
757 1761 2993 1958
359 1292 1676 3976
1198 1732 2169 2206
353 756 1398 1785
2113 478 2864 3125
3012 1519 3667 3518
1033 1642 2370 2071
580 1105 1225 3436
192 1266 1865 2984
2211 1978 3603 3529
1836 1990 2024 2312
943 989 3078 2960
778 677 1652 1913
1828 1392 3731 2968
2183 545 3673 3344
1666 2198 2832 3202
2224 1266 3049 2319
1690 2700 3064 2841
2466 830 3660 3003
553 397 1960 1787
1389 332 3676 456
126 36 1196 2594
2143 3403 3382 3481
1476 3219 2642 3645
129 2462 657 2617
742 1550 1431 2978
1749 937 2841 2972
1129 47 1931 3328
1007 76 1016 3684
373 79 456 2891
565 3479 2656 3703
47 567 2936 3848
929 1636 1668 1817
1786 1529 2089 1814
910 981 2365 3660
1303 879 2159 1734
2229 3343 2627 3426
1043 543 2893 848
923 1336 985 1428
2024 403 2738 2299
2748 2430 3676 3772
3661 1066 3870 1106
950 1074 1109 2065
3065 1164 3387 2887
1343 136 2057 1059
1362 1608 1721 3550
2896 1113 3756 1417
2812 851 3178 3930
1263 1731 1366 3012
153 1817 1392 3177
2625 277 3037 1783
570 603 3963 1277
1622 269 2393 3883
2487 346 2879 3025
58 2916 2707 3252
3002 2073 3582 3104
878 1201 3907 2193
3496 1512 3774 1654
730 1235 3711 3698
240 270 3770 3556
866 2137 2651 2545
247 148 2915 462
182 604 3071 1088
1466 967 3844 2617
294 127 1769 686
1021 1614 1048 2426
2236 1950 3679 1980
1802 1655 3526 2361
366 1352 2807 3363
3820 758 3940 3575
325 292 1031 1527
1352 488 3011 1734
6 886 887 2711
86 1015 87 1499
655 1158 3266 3005
1735 281 2635 1625
2392 686 3320 737
2398 661 3160 1694
1422 539 1617 2454
1819 116 1843 673
402 3493 3074 3870
993 1943 1963 3566
499 1082 3897 2320
418 2079 2883 3967
2360 2458 2941 3548
1084 776 1571 1488
1425 2099 1775 2433
277 1943 1822 2347
1521 537 2288 1146
3185 477 3816 3575
1057 3981 1337 3994
817 506 859 1295
1399 201 2242 2732
140 3376 3720 3806
1854 474 2441 3866
1335 1704 2951 2206
933 233 3592 2211
2176 447 2538 791
1734 2485 3304 3745
405 466 1587 3470
1759 1778 1964 1815
163 2626 2650 3329
974 2017 3620 2468
872 3053 2521 3263
3076 101 3087 697
624 938 1968 3807
581 2826 3073 3390
972 1834 2830 3160
1304 688 2907 2825
42 2476 3216 2602
2122 890 2782 2472
490 325 3812 2037
976 1685 2379 2617
359 506 2774 1030
1406 382 3892 1752
1814 438 3584 819
2174 2793 2351 3349
127 1785 1557 3674
2059 1514 3348 2281
687 116 3429 2362
2256 2260 3908 3139
2182 108 2916 575
1012 2778 2496 3951
384 1003 3609 2055
241 3324 3481 3744
1310 2741 3765 2851
136 1435 662 3773
388 1912 646 3025
411 628 3985 3384
274 1531 2443 2926
995 318 3654 2005
1314 164 3048 1053
1241 1117 3286 2712
1498 807 3791 2907
3304 1971 3525 3368
419 285 1035 2486
2303 2289 3532 3185
226 2135 1896 3853
100 1261 1460 3314
1238 2660 1517 3145
1269 839 1662 1722
311 308 3085 3102
276 209 2878 3792
2490 1448 3234 3415
1310 108 2143 1929
2447 409 2601 3769
762 1555 3845 2393
1109 538 3925 3672
20 1600 641 3592
2227 2360 2246 2960
1567 2419 3426 2662
1617 1607 3116 3069
1889 2137 3017 2918
828 1879 3250 2282
465 736 3685 2036
326 2545 2999 2564
3427 2080 3801 3181
1513 2544 2225 3054
2114 2264 3674 2891
1660 230 2526 3129
205 1728 746 3459
3211 2997 3780 3062
1338 73 2743 626
28 1009 3953 2584
279 1655 644 1728
2376 1159 3133 3992
816 388 2421 1445
1963 3417 3226 3654
463 1838 2088 2633
2944 341 3755 2136
313 599 1882 2635
261 558 1537 773
309 356 865 928
1618 2664 1872 2784
2096 924 3298 3589
3710 1500 3952 3521
3070 1975 3544 2629
489 375 2664 1293
1135 768 2501 2354
38 441 1651 2496
560 720 2146 3229
7 1573 959 3879
642 1858 3462 3224
167 1383 3020 1926
992 34 1319 1108
1404 1913 3296 3418
2456 253 3187 850
476 1724 1836 1839
3123 87 3536 2182
1718 1635 1991 3839
796 483 3322 2807
1795 3337 2589 3936
3361 1248 3590 2677
628 519 1964 2519
2159 140 2567 2280
3112 2254 3681 3324
181 838 666 1006
1206 662 2064 1066
1659 2346 2171 3292
805 2541 2488 3643
2558 362 3842 2548
267 3283 3329 3490
3396 2284 3852 2557
58 787 3450 1068
2652 809 2806 2279
203 1487 1912 3427
2121 1605 2687 3027
709 1044 1705 3183
3161 226 3560 405
1061 237 2663 2262
1565 1522 2146 3951
1756 336 3617 1100
2426 463 3139 2581
1498 30 2792 3641
440 1191 3426 3731
2851 1698 3841 2957
20 691 3423 2995
307 210 471 1799
2852 1200 3145 1712
475 1135 1870 3798
3526 541 3739 2344
410 72 2598 2903
1289 778 2803 2239
851 146 2923 2680
2773 968 3652 2027
1918 340 2512 2789
1241 1249 3224 3627
1337 631 2305 3927
480 3101 3219 3592
975 204 3682 292
908 1037 1453 1469
3382 1446 3657 1939
365 935 1440 1740
534 1576 2492 2556
905 1762 2991 3801
1604 1349 3735 3083
1437 2123 2705 3173
1817 316 3542 1523
1094 1230 3846 1578
533 1240 3600 1668
1620 2223 3415 3301
120 2334 460 2992
1822 2146 3312 3637
2063 677 2383 2370
1017 978 1411 1927
2842 135 3408 2057
4 1223 3942 1893
2000 1744 2697 3902
323 2124 1096 3050
2089 1986 2527 3121
2604 2906 3605 3373
2800 630 3141 1016
55 1788 1293 2712
2233 447 2805 628
3497 735 3664 1053
723 247 2634 3861
1482 286 3283 958
270 784 2053 1089
404 655 1676 1290
1422 1952 1472 2255
1558 525 2008 3551
1546 2501 2701 3114
213 539 766 2873
1623 2021 1711 3199
1902 939 2470 2634
1391 2167 3964 2400
2249 546 2746 3261
3534 2115 3790 3312
561 923 3512 995
1614 1256 3274 3397
1813 3374 2821 3730
2956 736 2983 1387
372 482 3261 881
1407 3289 1706 3475
1064 1505 2998 2342
3539 587 3940 1201
1235 1399 3600 3191
1327 2544 1681 2901
653 3426 747 3541
1361 1609 3941 1857
2738 2467 2897 3376
2988 542 3375 2444
1365 1385 3189 3704
1449 3131 2618 3330
697 3696 2791 3908
215 1803 3667 2337
1500 2352 3099 3008
3160 1557 3765 3239
51 3041 3105 3931
2734 565 3754 3130
1442 808 2899 1884
417 2345 3801 3300
1809 1989 2242 2915
773 3472 3481 3698
94 1110 3198 3545
1276 2133 1813 2977
3477 1530 3750 2084
1003 670 3395 2822
1535 2191 2464 2314
88 952 3524 1973
242 3429 1500 3485
2905 1289 2922 2151
365 2694 774 3554
683 18 2058 764
2140 1773 2458 3503
355 906 847 2905
1460 1130 3606 2836
10 1075 1099 3295
1553 532 3661 3297
1057 510 1441 1088
952 2282 1432 2984
2118 900 3082 3432
2468 263 3437 2679
324 1332 3703 2047
1281 1583 3232 2387
2448 329 2911 1434
495 912 1121 1938
1247 3072 1902 3877
340 2253 1585 3841
1440 597 2033 3340
1523 1418 2860 1732
675 1628 2061 1877
28 40 481 590
337 149 2942 1782
1203 2294 1897 2978
2398 1169 3276 3659
3516 3615 3728 3807
426 1913 723 3421
276 10 932 3784
1678 1075 3175 3626
19 461 1947 2927
1192 2931 3984 3944
1332 1050 2600 3785
939 1735 2082 2348
2477 1160 3587 3014
2227 1451 2892 1799
1311 176 1831 3295
272 985 2118 2391
1062 1676 2876 2979
2110 2938 2141 3785
1612 2118 2314 2745
2164 1143 2526 3853
1875 1504 2143 2468
768 2329 3227 3605
139 244 1759 3014
1730 791 2597 3125
763 2493 2505 3835
89 549 1820 2801
1607 1202 2556 2415
1578 89 1748 116
2855 1962 3824 3547
1373 1544 1843 3723
2410 919 3220 2678
83 2281 380 3323
1879 2105 3681 2654
87 3291 2709 3990
1019 2383 2477 3493
103 1528 895 3641
984 1429 2567 3672
2219 1518 2695 1701
3105 941 3647 3599
830 874 3770 1835
1569 2566 3479 2887
2145 1989 3626 2889
163 1033 1118 3648
1252 1702 1859 3095
159 755 3480 2011
3328 1399 3892 3793
206 2737 3183 2972
501 1331 2667 3732
1049 1 3107 517
2497 625 2767 1915
988 502 1312 705
235 1003 3689 1906
105 1022 2559 1228
114 306 3393 3000
2490 1449 2795 3550
974 845 3476 1392
1827 912 1904 2092
2303 0 2327 1307
2292 89 3413 1293
1892 46 3519 1255
23 3390 1351 3426
759 1717 2455 2337
245 3514 1497 3710
2538 882 3774 1533
1705 1462 3540 2041
2696 845 3540 1841
2716 527 3709 3942
1156 1991 1701 2832
1392 3053 2619 3638
1671 2332 2800 3832
3586 1331 3935 1912
716 622 3224 1652
1201 1360 3378 3615
3280 896 3508 3644
161 2977 1567 3079
361 927 3949 1584
291 1445 2828 3424
1796 475 3614 3192
949 2189 2714 3313
1602 503 3956 1490
2062 2069 2302 3611
3272 1746 3457 3392
143 1674 3658 2460
464 586 3213 837
2807 574 3186 3002
275 1116 3129 2180
607 504 3693 3696
2653 1025 3134 2948
2161 2702 2254 2903
828 2482 991 3034
1923 163 2404 2562
496 917 574 2380
851 1060 2805 3166
3463 836 3734 919
404 3032 2200 3360
237 63 3581 3701
2615 1850 2898 2618
2695 100 3593 1300
244 977 1030 2986
1390 95 2653 945
2927 1090 3578 1110
1571 93 1915 161
2114 23 2332 241
316 419 1466 1427
2856 165 3160 1392
1145 2307 1847 3159
318 1417 1051 2511
1565 35 3707 984
2202 2006 3628 3878
105 559 3250 963
2107 2137 2541 3925
885 2774 2683 3066
260 2760 3271 3226
1549 2408 3725 3644
453 1517 1300 3100
1199 1206 3179 2307
1605 722 3939 2566
1795 293 3282 3493
1241 2667 1561 3647
1150 1299 2521 2165
446 2986 2327 3571
1681 400 3467 3118
1624 1249 2835 1634
1807 768 2711 1028
1091 252 2062 1156
1223 1236 2115 2194
952 1459 1410 3183
580 2714 1161 3625
1167 882 1887 3135
1557 862 3915 3952
3256 1706 3371 3077
2276 869 3733 2645
1762 1948 2470 2248
1309 706 3231 1150
2620 491 2770 1757
1015 397 2234 2611
2110 2455 3549 3961
2245 1604 2798 3300
217 1676 2071 1749
1061 1101 2314 2831
998 1719 3199 2506
145 1702 1149 2307
2936 3019 3845 3407
1000 122 3678 774
235 216 3447 3403
1667 1362 2902 2770
196 2159 1782 3975
2565 335 3001 875
746 51 997 1268
2951 889 3124 3426
635 660 3506 1525
661 460 2900 1310
1495 933 2499 1290
197 3079 2083 3965
3089 411 3311 780
275 532 1172 820
594 1500 2244 1859
1464 2165 1970 3340
1841 924 3541 3391
2126 1352 3511 3369
343 700 3157 1118
3630 2419 3759 2805
2166 2974 2463 3559
97 759 198 937
1936 3520 3812 3801
1387 277 1418 573
777 1574 3531 1706
1095 1055 1395 2395
3333 381 3840 679
330 2519 401 3055
476 2100 1070 2746
2345 1049 3690 2494
2760 1723 2799 2142
1149 279 2630 930
3457 300 3464 1011
419 173 1653 2663
119 416 3275 709
1068 276 1428 3527
970 1608 2541 3503
2060 424 3191 508
412 2078 1154 2236
1577 782 4000 2316
586 2401 1805 3299
1027 232 2879 3717
859 1273 2758 2176
1177 1593 3583 3625
449 153 1429 1106
1055 1472 1836 3908
3109 380 3269 3214
887 508 2200 1494
383 2349 2883 2969
1370 474 2003 1344
73 1114 1941 3666
1398 1138 3464 2555
276 2988 1646 3414
177 163 611 3850
2286 995 2520 2942
1341 2806 1800 3127
1213 2517 1936 3751
206 646 1877 2953
227 3019 911 3603
120 2263 3000 3222
1284 3911 3439 3947
1037 141 1460 902
2466 1836 3258 2763
1337 2448 3561 3739
1096 1027 3968 2119
680 1002 1221 3083
2737 118 2903 3873
828 251 1135 1938
2530 2176 3297 3042
51 1248 1403 2349
1102 409 2297 921
906 3044 3860 3669
488 882 2391 1790
1017 1115 1332 3036
2482 1216 3463 2144
1158 1721 3919 3100
2021 2447 3724 2788
299 89 916 3737
221 106 3307 2042
1717 1779 2401 1976
2085 422 3816 1439
171 2047 1356 3188
917 205 1978 3214
528 37 1268 3977
1130 1165 1882 1940
77 1996 165 2290
2632 1322 3203 2113
2661 1419 3454 2893
3244 1971 3791 3819
1710 1198 1773 3712
1125 114 3123 1886
1154 1687 1898 3453
215 2258 2814 3529
84 951 285 1567
742 1491 2654 3020
245 310 373 3752
276 51 3448 1126
888 2833 2122 3894
2486 2545 3599 3394
1545 399 3119 1039
692 1862 2181 3561
398 1597 2904 3418
1983 1849 3661 2454
2070 652 3330 2869
552 2936 2934 3623
492 1286 2508 2277
775 1816 1993 3805
258 212 725 2827
1317 3413 3194 3586
292 2592 1882 3552
489 1886 771 2525
1081 2243 2834 2478
253 1782 3937 3011
1255 1280 3606 3510
2615 3497 3830 3689
1933 2810 3234 3617
1713 436 1714 762
2775 722 3854 3940
2011 895 2696 2739
622 2825 1805 3504
345 1839 3492 2219
63 1609 1139 2833
539 3270 1719 3411
843 105 3354 3836
765 1134 1849 1724
634 2441 2558 3406
94 2342 3937 3079
2764 2161 2785 2951
2531 1034 2587 1093
1668 654 3132 3169
1235 1079 3797 2743
770 2713 3469 3900
199 784 3778 853
2096 948 2908 2118
919 478 3556 851
236 35 1390 1425
1261 1324 2493 2119
1411 977 3219 1508
2138 3120 2733 3479
2848 175 3788 1848
245 3211 270 3640
171 274 2353 3599
736 3715 2508 3791
1722 352 2641 850
1887 1838 3097 2220
1564 2332 1626 3671
2539 373 3245 832
615 2919 2718 2981
2792 1403 3484 2758
502 92 1656 2806
2041 3376 3540 3435
185 698 1984 2762
712 97 1699 2038
1144 1937 1830 2139
2260 1311 3947 2116
2921 3415 2970 3928
205 2378 2942 2779
3311 765 3450 3722
774 1055 2064 1181
1506 2176 2912 2639
300 2565 2001 3161
215 1469 1141 2395
2967 157 3815 3509
766 695 2314 1441
6 2155 531 2944
1432 1928 2949 2465
862 1764 1244 2580
1970 265 3210 1120
1417 2129 1995 2601
1614 2810 2950 3497
3257 684 3639 1145
1870 2867 3826 3967
14 689 1857 3836
357 1486 3668 2865
2689 849 3027 2185
1411 62 3716 1752
3311 1474 3546 3509
2730 195 2845 1670
2878 2574 3426 3963
2751 2322 2938 2691
658 1880 3696 3297
2002 442 2853 2678
2461 172 3322 3938
1214 1584 3792 1855
1236 608 2152 3015
1857 2251 2813 3650
2303 777 3543 2513
1443 2346 1931 2813
2662 1215 3087 3768
913 1383 2399 2808
620 1115 2167 2207
341 2838 2971 2910
2732 1523 3454 3510
1471 1250 3699 2596
302 772 3585 3795
573 2473 2824 3690
2546 1838 2643 3154
1200 2251 3836 2616
3287 2235 3347 3145
1566 1230 2727 3393
117 1628 2647 3633
808 3207 3179 3222
637 469 3809 2580
237 1806 2293 3392
654 328 3781 1776
2107 3690 2512 3888
1772 2336 1874 3637
46 1311 249 1421
1096 863 2166 2039
898 567 1265 3481
352 1973 1596 2660
281 1150 2466 3246
1661 2615 2972 3780
2502 1040 3745 2407
1516 179 1618 240
2764 176 3513 1298
716 1711 3936 2478
1788 156 2749 3639
191 1961 3895 3443
873 1772 2984 3293
756 2015 3751 2473
3840 1884 3977 3504
50 1640 1158 2706
876 1351 1085 1531
229 1246 3183 3923
557 1657 3794 3629
287 1948 2020 3664
2605 1727 3015 3411
82 1851 3728 2741
779 741 1921 2388
117 861 2567 1726
932 168 3983 2610
315 3067 401 3093
390 1111 533 3892
772 2393 2204 3468
699 2250 1498 3803
763 1188 1135 3465
1470 1422 2708 3404
443 44 3930 574
949 2309 3560 3163
1581 2737 2504 3843
2553 346 3593 2087
1551 2336 2648 3738
3310 2878 3752 3753
291 1943 1603 3693
975 110 3381 3769
3047 593 3835 773
2970 2805 3577 2823
1130 1510 3915 1929
776 1207 3583 2072
133 933 3701 1732
1140 91 1169 2441
543 1384 760 1749
543 912 3702 2071
337 3157 1165 3211
495 1830 2020 3845
1256 643 1289 1364
2329 668 3733 2029
684 1720 1849 3416
2330 2321 3716 3086
291 51 411 478
2121 171 2733 399
817 1955 1812 2375
324 2605 3415 3255
128 1897 2264 3616
205 1715 1874 3852
541 3661 3699 3727
1204 1188 1771 2610
1710 557 2829 1553
2622 1188 2722 2576
596 984 692 3809
2692 1056 3377 2466
1498 351 1783 1350
1635 807 3425 2298
2394 156 2455 3825
1848 75 2808 1849
220 2653 1040 3156
3257 411 3593 2912
2714 349 2881 2397
2490 329 3819 1326
83 1506 977 1750
2588 3348 3037 3456
624 157 2287 531
528 2399 1812 2960
1714 1393 2851 1614
991 2506 2149 2840
2071 976 3746 3383
1154 842 1312 1249
2474 375 3820 2576
711 1077 2587 1913
727 1461 1656 3770
642 1612 3703 1653
2344 826 3737 1102
332 910 348 2101
821 2528 2829 3052
125 836 608 3813
1568 1826 3349 2049
126 885 2171 1182
856 783 3052 3146
431 2398 2185 2426
2878 3911 3565 3962
1190 1936 2530 3088
3017 2254 3042 3277
611 1385 1118 1914
778 813 1453 3189
259 1500 3897 3603
1447 1719 3509 3748
979 2628 2280 3955
197 1563 2204 1775
694 1265 2157 3791
1260 153 3074 1401
735 219 1125 2462
379 2001 3796 2332
1676 1635 2657 2184
34 1004 188 3042
14 2932 1054 3735
1588 1141 2728 2506
96 1472 3746 2542
701 499 1814 1991
1305 3015 3742 3333
2547 115 3586 309
1835 1322 3616 3753
740 8 2241 1283
2081 1847 3558 1929
255 974 1569 2786
1813 1698 3279 2633
371 585 1613 2747
2173 644 3183 1413
1156 714 1280 1400
2952 1664 2991 3688
1540 223 1622 2298
523 45 2750 2538
1198 721 3201 3034
2783 341 3437 1877
2460 2359 3701 3886
191 1801 3274 3493
1253 1919 3918 2139
253 125 1837 139
855 344 1753 1652
2226 318 3797 709
1690 503 3292 1960
190 383 3017 420
793 703 3554 2605
408 3122 1920 3795
1228 2700 2345 3940
1578 2019 2179 2889
419 198 2958 1086
1127 575 3582 1358
1120 687 2139 861
141 290 228 3188
126 2472 3838 2914
1517 1202 1804 3327
609 250 3035 897
255 87 1120 3439
2524 3003 3460 3521
1424 1437 1895 3714
2407 3120 2854 3965
153 1003 2231 2007
1312 289 1839 1030
544 1543 661 3052
1612 811 1641 1759
1519 2408 2405 3919
57 791 732 1787
1674 28 1849 3627
1234 1269 1872 1880
1262 1842 1394 3862
1165 3294 3264 3437
327 2245 461 3991
286 1221 3415 3131
85 134 1939 1345
3115 1212 3118 3835
1750 939 3254 1384
1260 1666 3286 2008
853 176 945 2140
419 209 819 793
423 2858 1500 3805
85 191 2082 2744
1091 1517 3500 2004
2251 1647 3309 2938
1943 1678 2529 3758
2415 355 3612 3897
1679 281 3207 516
51 1807 1713 2712
3041 1633 3370 2402
2775 851 3262 2608
2029 1317 3460 2419
717 1550 1049 3988
2740 329 3705 878
1740 2297 2812 2663
1431 950 3621 980
2971 1580 3514 2262
623 335 3396 1446
34 227 3822 228
262 904 342 1970
1399 2923 2296 3252
2487 1483 3091 3314
138 698 2093 756
1409 3215 3228 3665
1415 276 2162 3076
972 1910 3577 3390
510 77 1744 838
2680 202 3666 779
1395 815 2796 1598
2127 2078 3202 2604
2052 2270 3468 2851
2228 3287 2484 3289
458 104 1335 481
1120 1830 2039 3757
1020 3254 3994 3783
700 2083 715 2636
415 324 3413 2802
2445 1799 3366 3409
1046 1638 2213 3302
1747 545 2944 2274
2131 363 2152 3195
1107 804 3422 3669
1913 1931 2310 3880
325 52 3017 1952
188 1426 225 2606
1528 1427 1583 1430
2374 2382 2587 3765
1064 1851 2811 2670
390 1162 922 2101
389 326 3917 3110
3775 745 3951 2327
1300 424 3111 2809
1514 2545 3554 3962
26 905 256 2096
775 1059 3511 3700
377 2428 3452 3616
2049 1118 2951 1506
2221 1193 2278 2417
3277 2845 3636 3963
1502 485 1551 1954
2994 1569 3311 3308
2701 990 2810 3410
177 1725 3393 2010
248 256 948 3410
1246 3517 1948 3930
1122 506 2370 1065
1446 3138 1514 3476
1768 540 3367 1844
170 163 1949 2204
439 1677 3890 3441
461 856 1214 2363
867 284 1243 3471
198 494 2988 2373
276 55 3218 1657
161 1386 249 3243
608 1206 2264 3134
283 2432 3793 3241
2848 201 3562 2262
140 2994 1442 3682
2097 2839 3335 3355
2134 3091 3387 3401
2164 316 2752 909
513 2289 2900 3340
1082 1585 2501 3397
308 1342 2418 1762
3252 1297 3724 2923
1309 30 2874 761
2566 1197 3816 2063
1006 172 3915 3613
360 263 1592 2089
4 319 2860 1770
1956 1270 3745 2465
1055 112 1793 2967
1468 1124 1536 2304
3129 22 3806 111
1290 156 2199 340
1530 2988 3517 3656
713 911 2506 3730
514 2176 3286 3790
1454 2063 1903 2388
1748 3262 2655 3840
1029 83 2668 3793
963 2213 1689 3723
1338 700 2971 2937
1666 3667 2690 3968
2170 451 3919 1676
2411 1476 2771 3133
2325 149 3633 3922
1829 3479 2260 3674
453 516 485 2415
1427 962 3383 2215
3542 3481 3699 3693
2011 2959 3306 2995
2535 777 2979 1155
56 1549 2278 3700
248 949 2359 1625
3154 1480 3664 2296
686 716 1601 3273
2465 1424 3187 1824
72 1022 2106 2932
2010 1017 2590 1853
2260 10 3915 1056
1123 1699 2805 2061
2937 1417 3284 2235
519 2795 3960 3554
3258 299 3738 3486
2403 839 3917 1717
1157 857 3888 3549
1148 2345 3328 3564
1313 76 1457 3207
794 1603 3737 2398
3651 1158 3768 2490
1102 1410 3916 1570
3152 754 3403 3505
1594 565 1732 1646
490 163 1447 517
1675 922 2685 2957
206 1428 658 2011
831 1407 1244 3555
382 355 583 3482
1984 1777 3925 2793
132 2389 2364 2872
1553 2474 2604 3064
2536 668 3063 2666
1357 1531 1860 2965
2350 793 3483 1254
52 1110 1750 1644
1907 1558 2425 2448
2057 1893 2068 3484
234 1820 3930 2768
564 1770 2846 3872
468 3537 1265 3828
2084 133 3142 3679
3081 5 3901 2658
1737 2847 2517 2853
358 432 1376 2246
267 2454 935 2934
2115 905 2846 3605
2132 1869 2768 3281
1927 20 2577 1725
161 498 2771 1677
367 59 3660 3259
1902 380 3613 766
319 997 2720 3043
184 186 712 2679
395 1749 2592 3557
2791 601 3676 3115
1356 2345 1866 2624
391 63 691 3967
2300 1636 2523 3982
1921 1738 3384 3743
2101 2859 3880 3627
2498 1935 3401 2074
2339 2436 3588 2808
1080 1080 1881 3582
2272 2289 3360 2899
470 1787 3448 3670
589 760 1519 3325
623 1930 2520 2605
1098 732 3262 2097
1242 587 3416 1736
2798 578 3894 2432
1274 2354 2889 2742
646 1473 2184 2597
1295 1095 1868 1678
1479 1507 3387 3454
1649 325 2555 2491
1067 1557 2785 3624
257 1950 1129 2816
165 2170 405 2640
161 433 1786 667
1885 1108 2764 3632
154 870 2778 913
97 110 3523 3812
2345 262 2556 1506
1440 1316 2332 2758
2861 1873 3456 2271
39 229 2777 413
666 1363 3706 2207
1370 2704 2727 3683
169 1716 627 2039
3528 243 3885 3391
2243 890 2511 3363
80 158 2869 3397
1123 99 3234 1736
722 930 3834 3772
3501 2471 3811 3139
1162 252 1782 2759
631 2045 1365 3356
1118 2266 1652 2410
1045 296 3891 3872
3842 1465 3975 3036
239 586 3719 3581
1946 1542 3197 2144
1902 480 3401 2192
141 87 2816 3105
1378 1994 2421 3717
2871 379 3738 3311
1202 1936 1421 2235
1953 1409 3739 3834
72 1278 3041 3364
1233 490 1775 1586
1419 2604 3716 3285
314 1291 2351 1853
1687 3096 1698 3393
1063 1343 3759 2062
401 2205 931 3138
1461 807 3331 2742
2857 844 3481 3792
705 2637 2850 3493
2402 509 3399 2591
592 863 1029 2915
956 2378 3909 2495
1974 2509 3720 3282
909 1280 3053 1753
229 118 968 3483
143 2456 811 3325
1307 2344 3515 3313
85 1604 786 2511
742 241 3701 3014
1693 2931 2731 3409
1403 86 1953 225
3102 192 3684 3977
365 1744 1242 2749
2059 1283 3633 1624
1239 2258 3798 3137
1403 3124 3307 3547
3783 968 3786 3635
24 556 1690 3928
700 425 1723 512
605 495 855 3483
370 1651 1728 3096
1702 1737 1869 2391
180 1780 2942 3085
479 1211 888 3551
1672 602 3031 3532
1117 956 2081 1482
2020 334 3133 2064
639 2026 3560 2397
1460 167 1495 3558
1327 2329 3235 3529
2068 38 3377 1205
644 105 2015 150
137 298 1415 3487
2572 1091 3871 1138
2207 1038 3345 2084
3458 842 3962 2496
1583 3302 2480 3559
1638 159 3933 3161
1534 230 3545 3673
1393 3411 2615 3547
801 2352 2452 2936
1485 246 2649 2871
682 178 3677 568
885 687 2017 1937
1755 498 1861 2865
1398 1410 2611 2889
1497 1204 1998 3489
1195 1590 3211 1839
2346 2196 2682 3028
1039 1103 3602 2226
3357 1074 3530 1384
499 831 3058 3223
1978 635 3527 1969
1012 2392 2872 2450
1270 1399 2548 3884
2425 1553 3825 3076
1108 2977 2714 3374
2578 634 3130 2883
2802 620 2868 3192
2792 60 3770 767
457 1780 3891 2225
124 621 2815 2399
467 2780 1896 2810
397 57 3373 2518
1864 3353 2910 3684
2702 1770 2729 2482
1003 399 3370 920
1890 74 2500 431
929 55 3311 3492
649 624 3644 3842
2531 1352 2892 1565
3779 355 3914 2906
1280 218 2457 1553
919 1794 2545 2240
1172 272 2693 680
1107 1666 2001 3055
742 566 3189 782
84 3504 3618 3747
1051 1150 2248 2878
1194 3808 1209 3861
1521 2048 2873 3572
97 1652 714 2414
1267 863 3856 3944
2047 70 3235 1022
1133 2854 3895 3499
981 2218 3636 3611
2068 61 2304 584
1335 50 3571 2436
521 514 687 822
493 2366 3815 2963
2800 2498 3179 3028
1591 233 3252 1438
1208 514 2607 2719
771 1679 3742 3897
461 234 1584 941
323 722 1866 3281
3029 267 3403 3846
1230 2352 3574 3497
129 408 2458 2125
742 1754 836 3629
2458 601 2672 3573
503 40 982 3198
2643 2096 3841 2551
2365 2232 3252 3220
2334 3660 2470 3959
1383 135 2790 2142
2133 710 3076 3002
889 2487 2875 2817
1751 2708 1920 2713
133 513 573 1259
1111 256 3008 1627
363 3581 2637 3966
3410 138 3776 2080
73 1053 1065 2398
90 1467 975 3844
103 1751 3586 2833
867 652 1890 2047
2179 2083 2932 3841
3155 1471 3842 3632
476 505 1222 3981
2537 237 3653 649
386 1661 758 1880
760 393 1681 2752
1065 871 1587 2178
1314 753 2053 1084
793 2676 2173 3279
789 523 2546 3352
775 1885 2902 3288
1575 2854 3924 3892
1943 503 2225 3576
2881 994 3131 2261
264 1252 3087 2865
1252 475 2806 1783
1619 515 2564 3549
1675 528 2256 2712
2417 370 3095 764
101 1196 2716 1362
1518 859 3651 3073
693 1255 1218 2412
1032 3174 2686 3903
361 1803 2144 2771
68 2381 3320 3377
2107 341 3246 3469
521 2499 3761 3741
845 1218 3766 3684
1545 1249 2986 3510
564 125 2187 2357
1158 1219 2380 3092
1220 1926 3353 3044
910 2359 2727 2939
168 495 1608 2393
1503 268 2730 300
1670 970 2280 1783
1856 1099 3220 3899
236 1217 3252 3061
1551 948 2864 1466
1078 891 3946 1074
2532 451 3308 1457
8 869 1765 1482
1744 3348 3372 3795
200 1396 619 2105
2882 738 3216 1809
281 1128 1212 3351
1895 1346 1959 2699
1017 1131 1765 3184
1009 1395 2525 3371
154 2390 1705 2887
2105 33 2663 1882
165 1825 2672 3547
208 1232 390 1712
2925 828 3218 2961
2952 556 3052 2748
1725 1598 2317 1704
2663 1524 2899 3695
1247 2994 2323 3508
708 1963 2793 2579
432 398 1693 2601
698 2638 929 2806
554 1184 3835 2174
2405 1187 2459 3881
233 2468 2939 3883
1089 57 3412 652
730 908 3447 2284
412 1721 524 3927
478 2983 3834 3828
786 1409 3882 2870
1280 744 3441 1361
464 3257 2993 3848
970 1744 1003 3631
41 243 1088 3411
3439 1264 3867 2504
1987 1365 2905 2430
921 1325 3903 1911
180 2063 2477 3619
1140 1835 3559 2647
435 382 3650 720
1018 1612 2684 3642
1017 2193 2580 3144
1778 632 3885 3449
1091 829 1632 1874
3074 293 3180 891
118 88 3074 551
637 2939 2518 3858
1688 2523 2626 3892
358 1457 1040 1536
920 705 1978 1534
180 2229 3016 2307
1190 283 2247 2103
1757 2695 3158 3696
307 2284 3727 3585
2525 969 3693 2448
1409 239 2950 3940
946 1514 1639 1628
1548 536 3211 3658
1900 359 3018 498
1392 2087 3048 2628
1944 1844 2718 3375
114 226 296 2612
2303 2846 2745 3871
167 2757 404 2933
808 142 2404 3654
2658 210 3937 3277
1916 626 3408 3941
399 2346 820 2998
2334 3503 3540 3837
1312 1706 2924 2684
2222 77 2530 1637
1331 1138 3203 1490
5 1440 444 1783
2145 2056 3988 3760
998 1781 1247 3883
3806 905 3936 1926
82 2708 3689 3019
357 912 1416 2687
671 2191 3121 3053
1243 1869 1897 3723
328 539 336 3080
1119 815 2008 3737
49 395 1305 2909
939 2457 1032 3896
377 3706 1534 3735
445 181 696 3672
2352 1895 3403 2772
1184 1406 2660 2250
1704 1834 2499 2966
992 558 1632 580
818 108 2151 204
1474 240 2820 442
562 2063 2322 2760
35 2049 1330 3750
208 1104 1323 2761
1966 703 2552 3409
1834 2606 1942 2923
725 1306 1996 3837
3212 567 3888 3579
1322 31 3419 3992
411 1440 616 1977
621 1347 2004 2385
72 401 2970 1294
1240 3026 2046 3745
1083 2965 3671 3355
762 1657 3560 1930
1499 1624 3866 1727
228 217 1743 2781
734 1464 742 1770
788 445 3093 1588
1911 1802 3268 3020
1693 1403 2113 2152
69 981 410 1776
2299 1263 2605 1280
421 420 1926 2117
587 138 605 3970
953 2040 2503 2320
117 1181 3410 3605
1069 1895 3481 3235
194 297 2727 2677
2839 1151 3831 1507
1083 1767 3595 2205
1473 2027 1980 3895
1762 1349 2674 3935
1973 1332 3788 3198
3046 688 3332 3316
1152 443 1445 967
1251 1837 2470 3444
1926 1012 3064 3016
402 980 2170 1459
413 2733 2432 3381
1710 1397 2375 2171
2696 216 3259 1893
2670 1031 3393 3800
976 312 1172 411
2356 370 3934 2977
56 137 2646 3733
1798 1903 3217 2571
2940 880 3749 2842
1792 1720 3289 3998
269 1815 1678 3561
1846 658 2247 1104
2803 2317 3354 3974
31 2424 1620 2436
2257 2771 2589 3661
1027 2095 3757 3764
574 588 3054 1554
1057 1493 1292 1699
2299 628 2854 1520
1124 419 2495 1435
2218 791 3565 2229
457 683 2322 2906
1607 51 3549 208
1132 582 3110 2691
1192 1919 3331 3369
868 3598 1119 3911
2285 2140 3560 3262
465 1348 3407 2686
1441 657 2410 3959
2457 1058 3899 1894
173 825 3476 1805
1918 1946 2314 3516
1548 1681 3381 3693
212 413 3075 685
2510 994 2839 3055
2260 146 2567 169
1067 999 1494 1202
1501 3211 2063 3299
2243 1229 2693 2441
352 603 2765 2844
1330 1934 3861 3688
450 1475 855 2967
10 2089 1931 3184
402 1995 3462 2940
3253 608 3905 3682
18 2125 2871 2857
2365 515 3364 2225
440 1573 2625 2615
1449 719 3842 2156
2136 3559 2911 3845
411 123 3523 1106
2557 995 3428 3884
103 1404 2404 2485
487 708 3561 3433
1114 414 3344 1253
2463 187 2652 2723
343 645 1105 2889
2549 1387 3458 2400
366 1440 3071 3515
984 784 1990 2557
839 26 3296 96
579 528 1090 2813
304 1150 2750 3031
534 2239 3658 3639
1637 2619 1858 3740
3042 95 3304 125
386 565 2795 1853
1567 1117 3105 3715
113 1574 606 2906
1730 1642 3330 3802
1992 2675 3613 3153
158 1105 985 3765
355 2764 3092 3470
1554 1703 3104 2592
1150 697 1241 3686
1434 994 3641 3680
1473 1723 2373 2029
907 2191 2153 2981
2055 1930 3224 3204
1154 1737 3784 2770
3117 960 3397 2623
1126 715 2876 2742
556 1356 557 3223
399 1039 1686 1448
1258 1770 3416 2597
1722 123 3519 806
700 74 2089 230
870 1464 2330 3370
764 552 3681 2259
2606 1580 3344 2690
428 2034 954 2580
2000 135 3010 3610
861 1181 1234 3050
876 1027 2876 1717
745 1797 846 2551
1692 3051 1757 3279
973 1419 3457 3249
3418 1094 3659 2687
1733 3292 3235 3687
2714 440 3247 1605
1152 941 3697 3477
1157 781 2675 2213
511 404 560 3317
2632 1121 2804 3163
2298 1833 3727 2575
34 2389 3733 3316
314 2833 1752 3145
264 1960 789 3384
1947 210 2513 3075
291 2027 2299 2881
371 790 1009 1883
245 1538 934 1573
761 292 1872 3373
1089 3008 1655 3051
2336 1330 3682 3101
538 1571 3624 3753
2536 173 3831 2368
1986 210 3410 782
2067 1873 3077 2298
239 966 1628 1133
33 1169 322 2312
2362 354 2856 2421
1820 1154 2225 2527
847 1254 3837 2964
1177 1530 2003 3081
1695 466 3397 491
1332 131 3942 3427
2004 1009 2210 3135
531 2903 3436 3222
420 1603 667 1778
847 3523 1135 3658
273 819 1874 1222
2504 3603 2593 3864
428 1915 3388 2306
1749 1461 2646 1977
1610 3359 1795 3518
1177 1549 3086 1564
1342 301 3805 604
229 2390 545 3664
79 638 2995 1150
1799 3051 3693 3606
259 3540 1586 3687
1546 3343 1939 3622
3730 305 3732 2672
319 2583 2389 2690
1082 351 3998 2399
790 401 3676 1571
1496 406 3476 521
517 2422 3433 3516
1290 451 2432 2533
1358 197 3681 3645
1889 1744 2308 2356
412 1540 3413 3611
213 1457 1553 3996
1376 838 2477 2376
2233 1889 2482 2347
1101 836 3289 3333
811 1567 1051 2044
964 2202 1071 3087
1156 1672 1697 2140
2246 186 2899 3929
2692 554 2810 1995
371 966 2548 1330
1126 134 3507 3265
1567 1181 3441 1503
1807 1319 3304 3473
1124 3630 3971 3797
1902 154 2339 1121
1034 934 3402 3172
794 1866 3672 2943
270 133 1644 3692
2467 2856 3009 3581
638 1432 2537 2783
660 2151 3896 2969
1736 654 2854 1020
2190 566 3473 2050
2836 2115 3081 2590
3187 1298 3225 2446
1429 1123 2000 1472
592 1060 1042 3971
2358 911 2733 2909
991 1146 2532 3768
1983 3072 2247 3918
3535 540 3541 870
1475 2225 2766 2779
802 3342 2591 3601
1638 1259 2771 3018
360 2403 3842 3344
177 2804 580 3769
1261 787 2052 3497
207 1828 2940 3446
1473 2117 1923 3389
1097 279 1378 941
1468 169 1820 3014
746 110 3396 2761
1236 585 1444 1201
520 2501 3789 3178
153 147 1647 226
1203 366 1937 3382
1065 2229 3304 2872
616 2072 712 2501
1286 455 3348 2145
174 235 3400 304
1145 1061 2653 2589
3359 2075 3735 2253
1174 2223 2416 3341
797 786 3692 3899
1000 782 3417 3397
2518 2940 2721 3449
1685 1026 3140 1896
250 2523 3655 3809
2405 3399 3022 3689
761 943 2785 1128
1134 1865 2874 2037
1092 2224 1358 2232
2585 1365 3952 3641
767 252 1138 3092
2906 675 3493 719
891 2409 1884 2736
169 45 2184 2916
1251 2656 1485 3681
3740 1283 3793 3514
3196 1675 3630 3718
438 150 3193 2390
462 1286 1978 1671
106 1009 1821 2549
3581 3288 3891 3867
285 2835 496 3822
33 1720 92 2460
773 131 844 3202
532 2492 1235 2644
1253 363 3927 1097
1632 2436 1731 2645
106 1758 2666 2735
1 1123 1484 2124
676 2161 3884 2875
1238 2692 3976 3071
2976 2151 3073 3466
1001 2027 1659 2664
3151 150 3215 3249
290 1958 1522 3212
1899 288 3606 3805
700 2949 923 2990
1849 1375 2499 2388
907 521 3988 1293
2878 1408 3753 2415
1505 849 3949 3060
1422 365 2544 2822
3674 637 3849 2440
666 560 2605 3792
706 473 1213 3034
9 192 3795 3926
415 1996 3364 3616
131 27 268 1419
1732 1301 3573 2368
110 1937 3416 2240
1119 1025 1409 2056
2743 70 3926 725
3221 3340 3834 3739
1314 2013 1922 3207
586 423 3413 2760
1658 1980 1749 3229
1827 976 3186 3369
1506 1543 1959 3455
2860 1957 3719 2314
2157 2208 2874 3426
539 3374 1623 3974
348 97 3471 2923
636 685 1597 2552
558 2499 2153 3144
975 2696 1529 2902
967 805 3599 1159
1233 335 3022 1077
364 535 2176 1856
1191 2755 2999 2962
3459 1336 3934 2415
212 308 2616 827
2346 1213 3688 1978
1631 117 3607 2988
3752 1061 3920 1798
1939 1207 3719 2664
242 2039 1881 2897
952 1992 1953 3649
1296 409 3747 538
1868 893 2380 3868
942 886 1732 3562
1897 823 2636 3012
29 1193 1263 2080
109 3084 145 3263
1084 1928 3969 3548
1747 738 2395 1509
1521 871 2404 1362
2008 12 2285 194
1081 1188 2121 1241
951 2404 2897 3968
54 1167 1588 3937
1191 1707 1715 2652
1667 214 1777 2564
904 608 2155 1354
1963 1987 2002 3157
1479 813 3250 2090
1245 1425 3674 3188
1078 508 2879 3025
1556 535 2159 1684
756 1734 806 2569
1976 741 3836 3490
865 425 2344 3122
461 395 3221 3844
480 272 3906 1974
1904 1116 2398 1380
1653 1875 2730 3144
322 2100 1751 3746
733 663 1527 3580
2322 1141 3036 2494
33 167 3152 2655
636 1194 3948 2708
2864 894 3924 1861
62 3262 1442 3600
1277 927 3863 2844
2544 405 2817 1904
1868 3470 2054 3473
797 3066 3950 3922
1379 303 1528 1216
384 646 3097 1085
163 2673 3118 3093
2388 247 2550 691
1625 250 2734 1938
228 2435 3581 2679
1883 3535 2133 3562
2074 15 3114 1797
824 114 3649 2917
841 2890 3320 3489
879 604 1210 3618
1979 576 2688 2253
1996 1048 2082 3897
1416 2016 3455 3835
1287 459 3293 3467
2617 1750 3609 2442
278 2475 3589 3045
956 763 2540 827
2808 25 3689 3765
531 454 1270 1711
602 2003 1890 2488
730 349 2810 2764
1816 302 3812 646
3263 1633 3401 1730
2587 127 3446 2098
1336 908 2481 957
1311 2335 2715 3082
596 97 3958 1016
1193 2343 3118 3919
451 2235 1727 2386
225 1786 1729 2319
597 1159 1519 3081
2745 3289 2883 3958
2030 1516 2516 3653
626 1681 3553 3301
961 1077 1534 3407
2412 56 2646 3077
1587 1124 1828 1232
800 2209 3684 3795
942 1798 1477 3783
2010 3373 2280 3971
2948 1112 3845 3432
633 3795 2111 3968
2392 1429 3597 3227
1754 1488 2995 2560
49 2509 1170 3808
539 290 3806 1875
1626 1138 1700 3287
1858 1644 3024 1718
247 2753 403 3834
85 2609 2594 3394
1559 1250 3612 2213
1574 1452 3115 2017
1289 1920 1688 2833
2705 1385 3208 3119
1893 46 3188 2724
751 1185 847 2825
389 1652 2782 3574
134 1017 954 1811
2475 2812 3693 3239
690 3026 1659 3945
3111 925 3941 3371
477 221 1419 2737
84 3460 1438 3595
2402 1047 3655 1846
274 1165 928 2983
2521 308 3637 1483
616 1747 3625 2021
1125 1228 2404 3912
631 429 830 3170
2379 606 3261 3682
914 1009 2795 2194
326 1070 2877 1701
1844 806 2776 3134
743 815 3705 3983
802 1300 3955 3698
115 1642 1028 2539
559 420 3048 1075
1384 3311 1921 3313
1633 597 2185 1517
785 3221 3542 3610
565 1680 2820 2102
1939 30 3850 3067
159 558 1428 3018
2359 722 2764 1469
1839 323 2152 3991
1466 1345 3528 3712
1205 2103 1853 3285
3056 299 3315 1899
847 1689 2161 1874
525 1156 2571 3781
1902 3673 2068 3880
1782 212 3352 2876
484 374 2767 2144
229 1819 3184 2678
2212 1457 3666 2395
532 3053 2636 3493
999 965 3098 2764
2990 578 3150 2889
2899 337 2942 2059
3022 2759 3201 3964
1984 271 2666 314
334 2301 1092 2624
3474 309 3528 522
207 2689 342 3875
1202 723 2259 1424
908 331 1327 577
1774 1034 1902 3188
70 701 2812 3817
2467 925 2690 2071
2046 336 2325 3877
95 3450 931 3568
3681 447 3720 2452
2600 67 2616 1345
9 2173 3625 2783
2543 123 3846 893
2258 711 2658 2222
824 346 1093 1652
2245 605 3537 3190
773 870 2302 3670
1665 1803 2163 3417
1118 1566 3272 1763
1657 920 2481 1606
2325 590 2611 1660
2881 2947 3176 3968
2019 288 3670 2543
240 3097 2694 3271
333 878 2450 2061
1526 2218 3039 3590
465 74 2973 3506
1176 2211 2487 2834
883 1942 1193 3613
837 465 2448 3085
229 963 3929 2035
555 1931 2893 3371
1797 2226 2040 3579
834 1042 1519 3372
577 2543 886 3771
1713 1386 1935 1491
3322 1108 3663 3798
146 471 3838 3860
592 615 881 3323
203 131 3072 3922
1704 1217 1740 1847
1811 108 3758 1276
2911 846 3595 3757
669 800 731 990
3518 639 3597 665
315 999 812 1691
1510 1656 3943 3285
1080 1152 3496 3106
134 671 2678 678
3070 2550 3330 2951
1983 1085 3545 2347
23 1663 613 3116
131 147 599 2096
2516 1341 3727 3951
603 434 2818 2747
432 248 1021 2708
592 828 2289 1698
2180 738 2710 3278
1998 1568 3189 1865
3709 2775 3716 3229
2478 312 2960 1436
788 770 3246 1003
2712 1879 3787 3307
423 590 2889 862
2862 3682 2960 3828
126 376 1102 2222
508 2750 2218 3205
352 210 634 3287
2250 549 3467 3196
801 183 2683 3172
1287 1036 2937 3222
352 416 722 3816
1519 759 1724 903
1306 3063 2915 3793
2820 972 3772 1074
1874 858 3035 1677
2647 3607 3459 3613
398 513 1359 3922
405 1926 2492 2328
719 3083 1086 3794
2268 2847 2657 3946
88 490 1662 636
214 175 3265 1972
189 2428 2226 3418
1293 148 3884 3380
1637 2928 3654 3026
972 278 995 3159
515 2139 670 3857
451 1046 3745 1803
1133 326 3578 2299
154 488 717 3036
1454 1140 1852 1691
117 582 870 2556
960 430 2099 3602
2740 511 3906 2864
562 2271 1640 3802
2555 1770 2954 3087
2278 983 3074 1888
2787 34 3640 2095
754 1000 2746 1764
1599 2705 1813 3155
437 605 487 2044
1115 2420 3963 3086
778 312 1561 3773
2566 790 3867 3347
2021 124 3486 3740
612 275 2254 742
1336 340 1579 2581
320 2347 2126 3121
532 318 3068 1668
1153 1171 1586 2861
2058 2979 3775 3576
1407 63 3101 2492
1721 2052 1918 2079
781 2656 2590 3969
2019 537 3880 2251
2341 947 2775 1063
672 1162 2898 3280
2604 1219 2757 1719
1579 2465 1737 3800
1357 1485 1923 2219
556 1862 2808 3379
485 2157 1483 2820
1287 414 2383 3416
1090 2703 3934 3776
2086 1458 3650 3714
2996 534 3421 2292
1431 789 3954 951
1454 939 1617 3485
377 2566 2013 2666
2531 76 3848 2432
444 951 3314 3968
1808 958 3388 1898
1733 484 1910 3117
1152 1596 3877 1961
1078 1922 2909 2451
31 2262 853 3624
1545 2021 3914 3120
1607 1468 2021 2261
165 1781 251 2986
1268 1421 3056 2928
3222 471 3302 1022
48 286 1233 3105
2213 1751 3771 2604
919 3484 2732 3498
1854 2044 2269 2315
154 200 1047 2938
2403 1695 3797 3096
1760 303 1761 2969
1652 2032 3917 3910
669 2130 1560 3222
1247 949 2835 1853
2289 1543 3108 2127
1250 2266 2903 2719
2793 856 3961 1083
475 2750 2826 3641
1326 1054 1737 1168
596 624 2187 2719
2705 2574 3471 2851
342 2827 2523 3080
3087 2561 3851 3318
2387 1985 3080 3793
1203 651 1809 2803
2260 40 2899 685
2026 1757 3950 2797
1509 28 3583 2612
916 642 2070 1165
1386 1146 2086 2525
1860 296 2559 3244
332 2039 3414 2305
151 416 3761 2888
810 1561 1725 2446
3075 2140 3749 3114
2549 247 3445 3833
287 1201 3294 2045
2092 1368 2177 2512
1739 890 3193 3354
15 1664 3857 2271
1508 1712 2670 3037
297 33 636 1147
312 81 2596 2711
1822 3022 3426 3732
642 535 995 988
2091 561 3607 1559
3594 1364 3809 3403
1130 425 3372 1731
1282 932 2943 1972
3641 1594 3806 2533
2020 1143 3604 3442
481 2641 3604 3938
1131 405 1487 912
1479 206 2227 883
425 1073 2199 3754
925 3502 2351 3788
176 41 1149 3770
1942 266 2062 1792
2708 258 3345 3451
1079 2442 3038 3079
576 1845 3626 2985
1109 541 3162 3462
1435 3464 2239 3522
865 3329 3374 3759
667 969 808 1618
1166 2256 3774 2484
405 50 573 1255
242 840 2967 1204
716 131 2377 797
3207 241 3235 1319
2120 1624 2528 1969
2679 358 3573 775
245 1156 1242 3753
1173 707 1621 3678
19 669 711 1844
1536 1189 2317 2116
1877 1301 2195 2516
455 627 826 3199
968 788 1783 1244
2544 882 2625 2153
737 320 3920 481
1132 288 3340 622
1580 958 2092 1664
1296 1747 2494 1888
1086 1631 3717 1998
581 1220 1410 2823
535 488 741 3624
465 1720 3384 2956
478 328 3175 1198
3152 502 3355 1144
1299 3358 2072 3480
514 198 2848 1627
630 801 3586 1826
1672 2643 1964 3976
1801 84 2244 2980
202 373 351 3415
1592 179 2392 2523
809 1173 2491 3940
2614 30 3023 203
1483 1005 3457 1421
1769 1101 3173 3825
2891 323 3005 1433
667 3889 3717 3982
128 1726 3734 2861
2849 73 3613 2124
1097 858 2860 883
1366 506 2960 774
484 2566 1205 3875
1598 2178 2782 2418
2082 3682 2577 3905
707 2566 3035 2593
1159 280 1295 333
675 1594 2587 1772
2255 3124 2902 3770
248 478 3810 3589
716 264 1608 1789
2002 950 3851 3773
636 1659 1514 1968
46 1213 1128 3709
51 366 1350 3517
1057 2827 2635 3795
846 948 2665 2538
843 325 1658 1217
220 2120 626 3820
2385 390 2666 901
722 2491 1142 3874
2437 911 2822 3231
1076 2922 2790 3620
92 662 2193 1895
568 3364 2103 3915
835 178 2667 3555
1607 1790 3664 3668
133 714 2115 2003
2549 1900 3747 3264
1239 526 2045 917
1654 3227 3874 3794
421 1388 2468 2831
2739 340 2994 1478
2660 1517 2905 2766
895 488 3744 2582
2176 1269 2962 2322
834 2525 3684 2543
387 878 1593 1124
2006 1807 3539 2970
2685 125 2872 1379
57 417 1873 2574
2632 2472 2726 2748
868 690 3121 3786
98 304 2792 3203
1534 1298 2948 2287
1306 1016 3856 2540
747 2010 1967 2441
2423 521 3713 3762
368 314 1986 388
181 958 1964 1902
2782 3595 3040 3786
711 2058 1522 2795
51 729 297 2808
1692 1532 2557 1807
1851 3088 2902 3867
111 2869 1390 3648
832 721 3615 3304
1331 2488 2443 2831
1918 1122 1953 2446
245 1516 1614 1971
300 1430 1922 3082
276 920 2591 3061
873 1569 3430 2236
787 587 3678 1990
1328 2813 3160 3052
501 2510 1890 3097
277 3453 354 3622
1780 449 3743 592
951 136 2554 2854
1270 120 3992 3099
353 1511 868 2707
2093 103 3961 3414
2755 2243 3704 3467
675 3569 1045 3967
835 3014 3619 3560
633 2141 2191 2964
1727 1183 3750 3918
2307 212 2330 2710
1811 2076 2137 3213
3099 3336 3284 3540
397 206 3400 2909
1160 2226 3230 3018
1829 1668 4000 3755
1609 1102 3482 3385
2071 1490 2964 1838
822 93 3926 296
3036 1621 3848 3338
1571 1038 3033 2601
695 2702 1812 3829
748 1328 3017 1418
251 1108 1547 3255
1336 851 2865 1295
1431 1676 1632 2883
2043 903 2907 2877
1259 1380 3297 1401
3134 283 3724 657
682 772 863 1407
922 1870 2188 3743
121 3326 130 3430
3103 1422 3288 3190
647 1526 2993 2660
711 3308 2564 3448
265 464 950 1807
55 323 2090 1572
704 1934 3100 3061
2916 1266 3355 1715
1310 3040 2072 3387
500 1833 3306 2530
19 1456 2506 2454
2009 1589 2921 1925
1320 1626 2894 3744
464 2988 3574 3838
1302 2249 3467 2622
1538 2126 1580 2499
856 327 3678 1952
2397 871 3654 3420
2252 2240 2664 2402
1470 21 1586 1991
1057 1178 1437 2450
1290 1875 3995 3717
2317 899 2902 3778
3815 502 3837 3245
1108 19 3070 3490
1795 2944 3084 3354
28 3164 1219 3894
963 865 3481 1099
1822 3156 3373 3196
361 1038 2131 3394
1262 1263 3745 2892
232 2334 2394 3850
757 1174 1648 3151
121 927 945 1046
1940 2233 3349 2924
516 1123 961 2395
1802 1394 2305 1420
2457 2485 3866 3087
591 2044 2067 3230
554 2081 1298 2995
2857 2091 2982 3766
1242 637 1714 1764
2035 2099 2321 3602
1425 1892 1736 3612
708 3183 2268 3963
1629 1212 2802 3487
532 261 3445 2074
819 28 2900 379
749 1227 1681 3631
748 2069 2056 3652
1481 1283 1487 2562
162 124 2742 3812
1566 125 1815 492
523 888 1297 942
265 697 3918 3650
3347 737 3879 3950
352 1300 3349 1526
2047 2738 2143 3025
225 551 3823 3191
2458 1299 2493 3514
1021 815 2256 3332
697 1198 822 1242
1092 909 1709 2281
649 357 2111 1115
608 658 2784 3489
8 639 2036 1607
694 1602 1763 3704
3452 861 3754 3558
313 1332 1516 3217
1496 428 2019 1089
1619 3332 2259 3782
695 1163 3502 1714
1276 3868 2149 3971
78 1370 1954 2218
499 1265 1710 2792
3076 672 3861 1403
736 258 3307 2086
2416 1686 3088 2214
369 926 1743 2947
2504 89 3725 103
3203 76 3665 3599
452 1305 1177 2311
1000 2478 1729 2695
1135 1684 2698 3816
1123 1762 2504 2264
308 3809 3027 3821
124 336 2186 2531
2194 152 3835 2042
1029 803 1858 2141
2093 3310 3714 3441
734 887 2667 1264
