2802 2909 1905
97 2004 651 2642
867 581 917 1236
276 1516 2749 1957
641 2357 702 2807
2166 133 2265 2382
31 1992 365 2415
1720 1308 2013 1843
1197 992 2508 2847
98 388 2371 2665
1585 2038 2186 2857
1377 70 2401 2080
378 2315 1201 2547
43 594 2768 1436
847 25 1988 2177
119 311 2411 2383
187 414 2155 2840
1345 1342 2040 2132
1063 502 1989 732
220 1654 1691 2377
1420 1238 1453 2214
129 1037 620 1924
398 1847 1320 2846
356 890 1608 940
729 2416 2373 2504
1381 245 1775 2134
1669 860 2518 2520
94 367 1111 1461
1342 232 1845 1741
267 1903 868 2411
1066 1635 2330 2137
1435 647 2579 2713
348 623 1621 995
999 307 1378 1521
1250 1998 1311 2885
331 301 1423 1107
2 110 2313 2192
1414 878 2156 2907
467 1902 1865 2578
1415 26 1434 1863
1615 1218 1632 2275
825 60 2193 1141
957 1621 1578 2658
812 134 2471 1384
1651 353 2671 923
1032 2109 2359 2788
739 379 2205 2109
334 1969 896 2753
1957 508 2597 1631
1449 768 2788 2013
23 440 1890 2234
188 2629 487 2811
133 1772 1427 2887
692 940 1243 1393
44 1386 1669 1776
1460 436 2481 1201
1853 1206 2738 2711
721 1816 1093 1848
571 23 616 613
467 334 2169 2760
1821 912 2363 2335
1751 455 2759 2497
1154 1713 2017 1751
838 1431 1122 2814
53 2338 1790 2732
858 1383 2088 2384
382 1507 2332 2186
505 2063 2579 2270
2648 2326 2754 2852
563 17 1339 2610
2117 36 2650 2251
428 34 1292 1634
837 28 1516 602
1996 1702 2170 2276
935 1903 2082 2660
1687 434 2462 1969
50 1513 161 2108
1008 2760 2079 2771
293 383 1732 2472
1577 501 2274 2005
931 1425 2522 2562
1077 886 1153 2670
858 233 2230 1845
1513 2371 1532 2420
419 688 725 1716
525 1424 2704 1689
393 1428 996 2206
1781 475 2288 1541
1704 214 2425 1765
1063 822 2577 948
1503 1499 2025 2642
1099 860 1178 1314
2037 2097 2600 2287
1208 119 1764 1354
23 37 1746 1975
1478 1930 1811 2569
364 936 2416 1340
453 1042 1204 2115
1062 2607 2035 2792
536 1675 1130 2074
1270 1701 1490 1884
374 875 1059 2292
569 1485 1695 2843
164 1754 2670 2380
481 649 899 2292
839 146 2741 1446
80 1394 1925 2119
2006 468 2703 1022
716 299 1066 1607
1033 1955 2007 2332
749 1323 1336 2336
190 561 1690 1096
1759 1043 2660 2601
754 641 832 2287
292 442 1146 1193
2338 324 2682 1576
2492 260 2690 1944
1599 1470 2610 2134
1834 921 2638 2838
273 165 500 243
1536 1399 2101 2687
1083 292 2287 844
932 828 2608 1025
954 769 1078 2744
457 129 2056 963
1447 264 2597 1466
1348 64 2351 2070
1513 384 1541 962
988 120 1558 691
1010 789 2223 1059
538 1229 2276 2430
1232 2412 1859 2469
2300 434 2780 1748
1693 601 2576 2243
2763 338 2775 1755
797 2302 2278 2702
353 1444 2379 1979
935 691 1549 1796
1483 2668 2439 2797
262 2814 2738 2896
586 1510 892 1978
735 2729 1619 2873
500 202 1143 624
72 1656 1780 2386
1444 335 1452 817
1446 1099 2694 2084
1867 2440 2797 2707
160 933 338 1890
450 420 1302 445
1135 139 2755 2840
716 1143 1239 1571
550 2015 926 2368
1711 13 2529 2710
1243 683 1483 2631
976 523 2056 2653
1623 1370 1702 2862
19 306 2585 532
250 803 1359 806
852 1600 2191 2592
253 980 1169 1373
167 2463 1513 2773
465 553 2443 2015
2173 2212 2565 2433
254 60 2054 880
118 1702 728 2846
105 24 2352 1012
986 1338 2645 2165
569 933 881 2615
1697 1258 2265 2272
138 2161 626 2365
2000 2594 2782 2680
641 885 2610 2236
2208 2409 2770 2852
1992 1175 2777 1227
974 1341 2528 1879
2420 893 2683 1355
427 382 2100 1958
687 791 1525 1516
308 645 1230 2298
234 1042 1780 2122
1616 380 2070 2444
162 567 1115 2526
829 149 909 1121
574 2444 1809 2583
1354 935 2435 2580
628 1143 963 2647
654 413 2685 1254
261 2320 1912 2464
697 593 2552 1552
2507 1530 2608 1863
2011 1417 2314 2253
108 1543 1832 2126
1083 718 2474 2563
1373 1993 1799 2058
854 455 1425 1678
2323 318 2571 377
525 1327 1873 2059
1161 1723 1677 1758
702 993 2303 2830
1305 1431 1858 2460
647 2135 2175 2533
1992 1661 2105 2196
1720 295 2740 2243
77 656 2279 2686
202 152 1907 638
879 152 1169 1019
238 617 2443 1633
857 1148 2439 1195
633 1128 1970 2130
1744 399 2651 885
220 88 407 1745
1434 418 2512 1250
434 626 477 1555
968 221 1477 1162
284 950 1783 1203
723 512 1003 2062
1128 511 1625 812
1773 607 2222 1240
85 2315 1544 2695
1668 1678 1714 1795
112 2303 1503 2723
196 408 1502 2381
1618 534 2513 831
368 169 1518 2571
1110 1617 1716 2202
1234 354 1994 582
1861 942 2430 2213
2513 614 2518 975
11 1858 2168 2789
429 2562 1473 2908
651 1381 1045 1710
708 955 806 1226
526 623 1860 869
672 10 1439 65
153 1172 1522 2035
42 1625 816 1654
1458 862 2695 1208
824 150 1846 2754
1934 11 1972 623
834 1387 1372 1885
849 355 1007 558
1223 482 2180 529
1672 692 1795 720
646 1014 1268 1759
496 363 2094 1197
1384 110 1528 1649
2305 2047 2346 2692
581 1864 1518 2626
1409 692 1717 2484
1663 1861 2355 2433
31 1364 1333 2056
1121 459 1366 730
161 1191 2263 1870
828 151 2656 445
460 1568 919 1977
494 2417 927 2441
1207 399 1934 2812
813 1639 1168 2818
1226 463 2191 2539
260 1064 495 2792
129 71 1968 1824
559 513 2073 2196
985 662 1791 1535
2356 1948 2528 2424
189 1943 2434 2636
429 130 551 1379
475 1037 2213 1102
960 2656 1752 2887
200 1223 736 2188
1884 421 2507 2692
1802 1913 2543 2201
1333 990 1440 2239
2015 2195 2299 2732
1518 1157 1659 2299
1525 2129 2015 2280
849 672 1230 2492
1567 2210 2773 2431
1450 1092 1886 2299
958 1398 2414 1848
898 932 1987 933
2089 1496 2802 1893
780 1080 2801 1675
285 209 2426 2638
13 621 2535 1430
578 1597 1002 1779
1140 2169 1403 2849
1740 1498 2710 1736
561 1965 734 2716
2440 2472 2620 2668
1978 910 2462 1123
301 532 1558 1376
1794 1103 2039 1684
380 1161 490 2729
1106 1634 1764 2647
915 876 1719 2648
1664 806 2503 845
1121 254 2487 2613
858 656 2323 1496
254 1609 1039 2381
193 1011 425 2037
1306 478 1567 2416
403 1412 599 1697
1187 622 2596 1638
2184 634 2215 1182
445 2607 2458 2799
560 1030 1494 1683
462 1753 670 2626
475 1024 1915 1098
915 872 2133 2277
1047 1972 2266 2711
986 34 1669 1541
1447 832 1844 1534
1386 127 2182 132
1100 529 1354 2338
1608 301 2783 875
527 884 2736 1864
535 949 952 2253
1001 878 1235 2271
589 50 2396 2032
181 894 535 1867
1075 711 2543 1279
1995 158 2689 2149
1087 1920 1395 1973
185 438 534 449
1109 1022 1714 1871
1814 2450 2420 2817
1118 756 1304 760
2077 186 2391 1077
2457 532 2569 1552
174 924 984 1317
1324 1524 1744 2308
934 1175 1184 2187
301 600 745 2113
12 228 1456 2475
2026 177 2402 1068
1877 1241 2177 1690
1712 81 2358 573
996 245 1528 2021
863 2300 1044 2386
209 2308 2623 2313
1787 1533 2799 2703
966 1100 2221 2616
985 325 2654 707
581 462 984 1802
141 1747 167 1887
1479 323 1936 2166
547 934 705 1690
476 221 543 2875
264 476 2236 1113
770 2092 982 2309
1800 377 2200 701
420 233 2530 2567
1400 64 1750 2879
676 433 1241 2829
202 541 1679 678
518 38 1396 727
342 1781 1297 2862
466 187 727 323
1295 934 2165 2039
848 743 2296 1527
1343 2458 2131 2602
2052 1224 2690 2420
1616 1693 2018 2477
2557 171 2778 1172
878 315 2298 2681
765 2139 2579 2807
1456 1917 2647 1975
1564 1137 2280 1808
155 1211 674 2210
1122 1183 1798 2779
1076 93 2453 1505
1180 436 1504 776
767 384 1205 1073
823 1359 1552 2516
150 899 252 1734
571 72 866 1814
585 1568 674 2585
2201 2096 2312 2790
558 996 2283 1807
84 547 1611 1922
58 1607 380 2891
536 989 2277 2092
2177 1295 2514 2191
534 421 852 1483
826 1001 1840 2830
378 834 855 2049
478 1156 719 2356
19 878 42 1894
810 150 948 1907
32 2056 2007 2205
306 1825 1261 2765
512 883 1887 2089
272 279 391 2502
775 797 854 1592
1030 875 2427 2653
95 1025 1649 2139
1650 147 1870 2658
837 261 2093 1293
91 2063 1462 2353
1169 24 1902 2283
481 2224 1961 2766
163 571 1116 909
1777 326 2644 846
392 1095 2603 1813
513 1468 1720 2530
119 2187 816 2446
718 2188 1862 2810
840 302 1665 329
605 289 2415 1669
27 144 1539 465
345 130 1631 1403
520 1052 585 2424
126 306 2118 1411
955 881 2413 1574
698 155 2666 2167
1727 1328 1822 2761
1882 682 1902 1730
2586 21 2735 1601
312 979 1541 2805
573 382 2472 2575
2372 760 2714 2478
548 2083 690 2291
58 772 2276 2061
1264 313 2393 1482
754 521 2297 881
1737 52 2059 293
992 1261 2685 2169
2385 677 2761 2237
260 448 1131 1704
97 669 2632 2684
1287 847 1454 1672
871 343 2487 2325
2563 961 2647 2505
1837 2070 1927 2152
907 958 1624 2358
990 377 1111 1179
1065 371 1969 956
783 1014 2507 2743
474 224 891 2432
276 23 1566 1946
1414 296 1729 1726
2677 2837 2794 2896
59 1190 131 2595
421 1038 1034 1127
852 234 2297 1878
1171 631 1734 1810
815 2578 2294 2801
2551 209 2706 2393
1908 319 2634 1732
888 743 1284 2536
1374 1312 2445 1620
438 751 1134 2199
142 1262 624 2004
968 382 2333 1900
548 1805 1315 2604
676 280 1673 1154
1051 1190 1434 2034
908 2773 2268 2844
695 505 2786 1262
1170 36 1199 1993
1324 599 1998 1132
722 610 925 1869
1838 2210 1931 2696
913 524 2112 1589
1308 802 2575 2266
75 1014 2745 2356
722 129 1080 827
626 1561 1283 2506
2301 2494 2716 2510
254 1910 1631 2060
503 409 565 719
942 7 1192 857
852 902 2699 2088
2117 118 2587 2277
667 487 1911 917
55 702 2464 2491
931 419 2297 2266
377 821 1904 1815
1875 298 2019 2468
700 508 1823 2342
1324 280 1667 671
23 348 2748 1281
822 1419 1522 1506
167 1103 1351 2222
43 1579 1394 2844
17 1087 357 2730
2 2360 1860 2573
773 1064 1160 2800
2350 1119 2792 1331
1493 567 2714 632
2010 1308 2781 2082
867 1089 2660 1925
1063 1559 1761 1834
213 595 1176 2576
1621 582 2703 1864
857 2161 2267 2814
1375 1428 2095 2184
1825 662 2195 2607
1185 911 2759 2042
287 465 2203 2035
160 1812 2686 2783
493 62 2672 1797
214 1899 789 2757
960 2466 2195 2524
37 2647 1372 2760
1044 1534 1095 2894
22 701 197 1581
2096 1898 2097 2430
217 61 1080 62
2409 847 2711 2861
102 1315 2306 1490
223 197 2157 2727
1237 1387 2403 2481
1413 40 2304 2371
1425 1600 1579 2832
656 1677 2288 2222
374 240 1867 1541
1611 1054 2527 2901
1033 819 1283 1564
2005 845 2311 1598
765 524 1903 2133
199 1330 276 1424
821 563 955 2075
1717 2148 2065 2557
438 227 1466 2616
415 1184 1814 2235
2323 661 2353 751
2298 1103 2385 1563
231 1502 337 1675
1433 318 2037 2439
1297 455 2036 577
685 725 911 2625
37 1253 623 1571
318 1764 2063 2353
171 1338 1928 2323
183 429 1035 474
446 919 1084 2576
1856 1540 2367 2864
1316 556 2695 609
536 752 1549 2575
326 504 688 2468
1507 221 1794 1804
411 1119 2463 1289
428 113 1082 2738
1598 553 2557 1239
2246 444 2736 1009
1345 1382 2205 1999
172 647 836 1663
1900 599 2136 700
283 523 652 1864
2280 1193 2281 2701
524 260 1703 2205
631 2538 2728 2637
1896 1256 2732 2144
1782 599 2112 2590
718 1386 2190 1870
783 807 1100 1901
552 876 1277 2035
878 1120 1699 1259
206 1311 1972 1341
110 373 1600 1969
2253 745 2287 2198
2587 60 2763 2066
2236 180 2285 1609
839 412 2219 2868
1255 218 2485 534
1977 670 2078 1597
731 18 974 2837
2603 150 2719 1761
1754 810 1842 1020
831 821 2768 1678
1156 789 1498 2886
197 1329 1853 1850
30 1659 1500 1986
1243 1351 1430 2725
625 443 2646 1132
1803 872 2309 2054
1547 2075 2784 2197
761 2049 792 2169
831 108 2280 2693
257 1430 1882 1679
1045 175 2068 811
292 505 2759 2416
663 422 1164 1712
103 512 2160 1000
1628 520 2345 2554
743 1439 900 1686
1070 437 1454 734
1426 1099 1992 1809
520 383 1765 2700
421 1353 1261 1753
54 1161 2101 1955
1070 1302 2141 2085
1201 18 1264 2649
774 532 1279 2165
2400 83 2460 997
159 0 304 2648
1810 1331 2333 2648
1557 452 1985 596
1488 1168 1944 1955
10 1408 1758 2509
1465 2124 1657 2897
556 599 899 1613
668 200 1531 1738
303 1573 1671 1993
639 559 2629 2760
1625 152 1692 2611
908 819 1335 1436
1660 326 2034 1599
393 2505 1715 2897
1372 1204 2269 2000
1168 1478 1795 1659
43 1678 363 2754
364 1592 1587 1621
1007 300 1303 1888
289 36 294 1644
1145 374 1879 2211
1218 2559 1518 2675
473 629 2445 997
1 648 1636 844
301 1654 859 1919
201 313 2496 841
1204 846 2286 1371
236 1650 1832 2658
579 137 790 812
2058 1130 2697 1253
1115 1097 2159 1791
1289 1897 1495 2589
1748 1500 2792 1711
1407 250 2438 2897
1458 2098 2675 2566
1321 1355 2347 1445
595 1534 2414 1637
232 787 1685 2547
655 1590 2033 2410
19 556 686 1267
523 178 1103 2153
1808 1876 2707 1993
283 646 537 1304
388 1935 998 2118
1048 2318 1627 2403
479 771 905 2807
1024 1059 2687 1794
1673 349 2335 729
755 1572 2593 1778
84 397 1875 2567
467 2014 688 2290
1232 1051 1775 1388
145 654 1139 1075
1211 1231 1429 2870
614 326 902 974
321 660 2032 2082
1204 237 2793 2011
217 2352 1770 2783
90 350 2698 1548
1594 2077 2628 2456
901 567 1831 2370
5 399 2785 431
85 94 1162 2188
269 89 2637 513
673 146 1345 2268
1459 791 1760 2882
2609 1804 2704 2811
1433 694 1449 1767
1314 1926 1811 2748
1613 1343 1812 2140
902 1176 2126 1647
600 749 1019 1510
949 1375 1392 2545
162 1092 2378 2728
2133 84 2297 2231
792 1668 1429 1766
926 450 2617 1537
79 342 1981 2682
1243 13 2723 1104
1710 1534 2573 2120
437 1919 1806 2730
1714 1144 2193 1700
47 1118 381 1288
676 64 1435 2204
175 1865 2422 2836
956 2104 2701 2227
192 103 317 659
940 834 998 2705
146 856 1786 2101
249 1367 2592 2256
333 841 1324 1758
662 1689 1649 1696
911 1976 1835 2106
1823 203 2557 411
423 771 470 1869
2710 2286 2783 2486
1546 170 2161 2380
665 944 1183 2160
373 701 1361 1536
67 662 581 1574
1328 223 2211 2389
288 1755 1936 2550
715 1162 2390 1319
267 505 687 2246
22 597 1551 2364
531 513 2316 960
593 812 2043 1341
586 639 2014 2707
321 181 2292 1422
1918 1089 2274 1612
504 2292 773 2764
40 673 2581 2897
2071 1736 2347 2514
1212 1481 2185 2808
69 2373 327 2866
412 597 755 1367
679 1317 1643 2427
1342 380 2195 495
152 2072 872 2719
15 1238 932 1926
1670 368 2752 1792
534 141 1497 2324
103 581 759 651
1573 405 2463 2845
413 395 2404 1971
703 547 1824 902
1558 719 2747 2838
1316 1225 1575 1990
379 1630 2529 1797
1402 185 1788 966
895 129 1280 2594
1470 446 1770 622
691 1752 1896 2393
1081 2718 2613 2897
992 946 1057 1623
2671 1977 2784 2849
1307 612 1772 1152
183 1011 2596 2305
819 917 2516 1443
1364 1661 2496 2575
762 263 2568 2693
425 217 1238 2622
1816 313 2125 1871
1078 105 1300 1703
230 2402 921 2581
1031 1514 1604 2462
555 1137 2514 2435
1727 1965 2776 2484
1555 758 2064 1380
1612 1064 2390 1335
105 2 138 2423
276 62 1312 70
919 1511 2200 1934
285 1202 2259 1996
792 811 1889 2397
1907 123 2352 1034
2107 148 2565 1447
217 1180 1250 2713
1492 326 2619 1826
1138 2165 2429 2631
1582 83 1692 1973
1830 277 2586 2078
1545 206 2159 2016
1082 454 1324 2420
460 2402 560 2794
591 581 1323 2763
720 524 2483 865
1742 282 2439 2199
146 767 2132 2485
757 1642 2545 2461
736 2029 2376 2657
1349 2363 1708 2589
1303 1741 2426 1958
416 1513 1868 2818
1585 704 2033 980
627 220 2700 1643
1949 1376 2545 2155
1363 777 2761 2126
324 788 2771 2350
436 2279 2077 2734
1738 1216 2785 2673
210 607 1143 658
1577 431 1966 2093
858 5 2773 1249
1373 1834 1956 2201
1814 298 2624 2644
450 1124 1629 2256
89 2186 1598 2587
1345 1571 1626 1720
333 1345 2777 1349
1570 4 2596 271
699 660 1784 1021
575 1721 819 2129
369 108 2710 1365
803 1316 1933 2784
148 1432 972 1717
886 1129 1115 2404
765 1500 1797 1941
2428 1114 2475 1626
13 308 176 823
598 1545 2241 2887
885 1117 1653 2740
432 1328 1038 2649
1425 491 1667 2658
1974 154 2603 2842
185 1244 2754 1543
191 2091 2223 2354
435 995 1920 1891
213 2627 1356 2905
2252 1971 2569 2483
310 1374 447 2380
1170 22 2137 1939
547 119 2737 2872
402 640 2504 1614
792 1498 841 2531
2271 494 2273 579
1271 300 1816 2688
655 577 1153 2656
692 1654 2004 2384
1920 768 2408 2260
834 664 1876 1010
130 843 922 2745
1515 2186 1750 2358
1016 936 1398 937
21 1357 1572 1764
263 746 1034 1555
499 507 1544 767
782 584 2058 2419
1380 738 2198 1996
250 56 2472 710
380 1519 2016 2113
465 575 1212 1193
611 2209 1978 2812
488 1178 2201 1641
1538 428 2733 2000
978 74 1110 1044
1375 2135 1756 2193
1008 648 2108 2755
845 1459 1391 1936
1383 71 1732 855
618 529 1879 1425
166 362 2041 946
394 383 2680 1500
616 721 2656 2358
1336 75 2580 2189
1626 1408 1993 2573
1678 158 2667 1111
468 286 2678 1798
125 1431 605 2138
1750 1335 1853 2423
887 102 1397 2523
979 64 2580 1916
1660 222 2301 1181
317 883 2788 1087
524 1984 2716 2741
2107 523 2392 879
260 2067 977 2905
1716 2581 2433 2714
795 151 891 403
705 1062 1139 1286
1386 1831 2016 2718
1442 64 2174 1964
614 1315 1216 1486
672 2102 2339 2107
1149 1259 1340 1619
1748 972 2084 2634
1459 805 2203 2594
1612 449 2659 699
1429 764 1618 2320
173 237 1175 699
1399 288 2524 1064
847 1556 1433 2097
1101 840 2485 2869
267 249 2657 2195
183 471 2304 1178
1562 1031 1984 2408
187 769 240 1738
822 914 2643 1146
403 1768 2256 2622
928 870 1383 2581
920 523 2266 2579
1065 657 1786 1111
1307 1920 2612 2639
1599 2109 1712 2464
788 736 1380 2097
362 1377 2774 1776
213 854 2198 973
403 649 764 730
1515 1827 1599 1989
15 930 2430 2543
409 323 2022 1434
814 429 2498 892
366 850 2049 1585
1607 2402 1887 2587
964 108 2525 2526
844 1231 2462 2829
1087 183 1899 327
204 550 1775 1272
979 535 2034 1206
2352 226 2537 451
1144 390 2568 1486
133 31 2400 112
207 1431 583 2404
854 533 1413 763
1741 619 2589 1267
2379 330 2434 1632
1690 1755 2017 2729
399 762 912 2511
2211 1041 2459 2154
213 679 1138 2521
1191 447 2513 2418
216 281 2378 1800
47 1089 433 1828
547 768 2648 1669
797 11 1750 1229
1440 573 1828 2713
1657 167 2405 2895
1351 2268 2013 2413
673 1238 1246 1865
1333 822 2282 2415
1348 1371 2649 1544
1595 608 2387 2404
286 421 961 2764
1638 634 2122 1800
2317 1325 2525 2641
364 409 1467 425
227 367 2662 2163
1643 902 2342 1195
1013 356 2167 2125
187 799 873 2308
19 631 1977 2459
536 1361 1640 2251
1109 27 2651 1244
721 453 2162 603
1872 1908 2147 2828
1552 1253 2450 2857
529 76 2715 2463
957 354 1580 2873
544 806 655 2281
14 2 481 246
1414 1885 2056 2260
433 2803 500 2900
2562 1815 2780 2121
173 400 992 2129
320 911 1742 2337
163 1095 2138 2456
1195 309 1200 2081
309 1995 1457 2181
532 53 1359 2301
328 1196 1783 1287
234 1111 930 2716
2021 1231 2541 1989
631 1829 1404 2090
1361 257 2063 1314
21 714 1188 2108
1182 127 1776 1695
151 717 2592 1976
857 2322 1141 2364
109 660 1347 2380
179 5 2425 721
2162 640 2547 2780
50 807 437 1823
774 734 2145 812
2155 134 2742 1121
320 1349 909 2529
921 1734 2119 2838
678 2151 1704 2901
590 679 2142 1213
136 2648 1347 2834
442 1064 2399 1760
2476 648 2518 2322
1206 788 2382 2758
2020 1258 2334 2392
1063 552 1118 1816
446 1974 1383 2862
1583 990 2030 1130
288 481 657 2454
898 2208 2516 2378
1127 1001 2606 2084
1187 947 1559 1806
1742 796 2204 2510
1056 1734 2263 2395
210 240 1734 2394
610 800 2313 881
698 1667 1426 2268
185 1429 2009 1505
1558 115 2467 244
493 1725 1267 1893
1371 130 2645 2727
1872 1168 2095 1282
1651 1423 2546 2021
570 682 1849 1011
1268 1150 2406 2092
1990 367 2287 377
821 372 2127 1294
1684 848 1794 1404
576 924 833 2667
2309 1246 2614 2020
465 1030 1575 1517
308 2517 1992 2600
33 924 2159 1417
2142 553 2685 2048
774 762 2309 2555
1350 1436 2553 1520
1286 1695 2135 1995
1052 430 1510 776
1125 1227 1500 1336
785 1220 2452 1289
1237 696 2052 1532
1071 1450 1976 1970
271 810 1809 1033
1160 119 1933 2798
2544 1054 2722 1457
454 374 612 2603
1265 389 2020 1743
448 308 741 2655
7 2366 2505 2680
629 565 1669 1190
705 1329 850 1938
1628 2136 1883 2587
1775 1355 2701 2582
303 1780 734 2826
958 301 2015 2057
341 1350 2591 2712
469 78 1029 1587
1477 23 2443 570
561 819 2362 2104
995 2820 2002 2840
320 259 2020 2002
241 773 1022 1245
544 874 1640 2832
212 1434 1483 2358
214 1154 2538 2319
1836 311 2774 883
532 1264 2447 2016
2274 1020 2522 1798
2094 77 2522 329
128 2394 285 2862
237 2314 1091 2595
2041 247 2225 984
1954 313 2192 2887
1354 64 2707 2383
172 25 1219 608
505 1543 1204 2623
1378 1318 2719 2331
2474 142 2713 1050
1187 1464 1840 2069
806 1435 1044 2540
409 61 1693 2685
103 240 2154 935
941 1024 2020 2467
1661 890 2381 1031
723 1376 2220 2220
139 1211 1761 1564
2033 885 2284 2382
1247 1864 2286 1895
1039 522 1368 1310
412 137 2731 462
724 270 1823 1857
1789 1366 2718 1839
314 928 406 2121
501 217 1677 2805
57 507 1095 2559
1376 540 1388 1067
46 1250 2604 1747
329 62 2122 180
1541 1143 2344 2493
1599 295 2705 1677
1337 954 1549 2785
1237 501 2679 2734
180 1028 817 1397
1025 520 1986 2870
2148 359 2316 2177
953 707 1532 2163
914 1271 2643 2841
1302 529 2303 1239
1512 813 2074 2814
346 124 2173 2892
392 671 2400 2212
1774 256 2620 2634
1529 689 1859 1225
39 1092 666 2831
266 1845 508 2450
1186 1238 2136 1989
108 1155 2183 1672
160 649 2684 1724
447 1653 2073 2498
1246 1903 1606 1922
522 94 1327 1194
538 296 1878 922
1112 657 2412 1983
624 412 1352 2163
933 498 2542 2348
946 2275 1084 2293
1921 1580 2324 2095
1872 1736 2032 2676
1385 1237 2796 1959
87 1749 2781 2763
2034 1017 2388 1469
800 2226 1615 2852
610 1742 1461 2279
201 1878 2409 1911
1922 1401 2198 2886
152 702 1029 1079
268 104 451 1565
1680 1785 1720 2307
504 1093 819 1519
1329 1488 1917 2785
532 714 1265 2619
365 9 2232 165
682 1576 1683 2289
185 1130 497 2285
663 274 2103 1550
1250 104 1967 226
950 336 2140 1584
1223 2344 1468 2434
412 583 1213 1932
1297 1192 2656 1269
1589 1848 2242 2426
1000 314 1600 1936
808 962 1004 1475
647 298 1162 1424
1131 244 2762 905
637 1021 2778 2225
499 1981 2357 2829
601 2159 1072 2266
970 1254 1760 1281
52 910 1390 1940
820 567 1383 1908
1814 214 2586 1978
1495 2552 2781 2572
426 2627 2343 2644
1106 2046 1437 2246
1029 430 2796 801
2229 927 2366 977
381 1645 884 1689
862 2575 1805 2675
629 607 855 1092
2386 2008 2705 2228
1403 351 2201 1115
537 247 2020 2221
466 531 683 2393
1369 432 2572 2417
922 1483 1844 1610
791 457 1938 2694
174 1278 2438 2820
697 1479 1643 1606
450 515 1571 2536
420 1139 507 2203
2448 1611 2453 2198
1096 2683 1715 2719
2062 2423 2622 2876
580 1313 2573 1512
1598 269 2218 1004
1061 102 1798 2211
43 1022 2375 1639
223 873 543 2486
713 151 2018 2037
1135 68 1149 2305
635 1622 2625 2019
261 536 2121 1842
110 315 802 2559
806 978 2624 2418
455 1132 729 1222
983 594 2509 1504
917 1035 1294 2096
1022 2587 2524 2846
156 1001 2312 2230
917 317 1825 1241
1038 482 2129 1067
851 1360 2782 1400
1092 1434 1724 1762
1428 682 2203 1679
437 599 1484 1115
223 2074 308 2197
768 124 2608 1934
539 1133 2225 2308
1796 1626 2297 2533
22 949 1873 2671
1369 657 1464 1186
1311 405 2332 1483
1571 935 1968 1750
18 1338 2123 1681
2015 377 2334 2610
92 28 1298 1261
578 641 1153 2807
1701 377 1991 1146
958 2023 2740 2282
801 2784 1698 2858
1297 1247 2328 2782
1727 2140 2232 2796
63 2088 1653 2776
1770 112 2648 2814
2017 992 2753 1298
1312 1020 1700 2233
1417 923 2119 1370
1666 89 2564 1370
536 799 2043 2907
318 678 2774 1939
84 343 1589 1473
3 53 1581 2218
1008 771 1253 2248
457 770 2353 2515
560 727 2527 2606
102 688 2757 2873
1339 2104 1522 2546
1200 1286 1848 1599
75 819 968 1682
876 1580 2749 2538
1319 2025 2447 2615
1608 1343 2623 1652
1624 562 2508 2120
52 1463 418 2311
694 115 2645 1583
379 418 754 2447
1054 756 2249 2664
1579 1027 2184 1045
2008 57 2226 1337
1774 773 1886 2028
1625 1151 2699 1977
1763 708 2408 1162
1022 1247 2150 1288
123 538 2085 2706
186 498 2291 2384
513 1410 2448 1881
2044 1443 2677 2364
2288 871 2739 2127
2305 333 2469 2719
410 1629 826 1739
562 745 1544 1899
1448 277 2228 961
1187 489 1920 1964
1671 644 2444 2453
78 1708 396 2062
550 408 2060 2726
1917 849 2273 2460
492 1615 2239 2339
513 2064 1010 2251
2297 729 2779 2624
900 2067 1402 2264
25 1880 621 2586
757 1565 2592 2590
689 56 906 117
3 2518 2713 2552
2173 1032 2662 1956
1431 25 1859 1175
1940 195 2644 479
226 779 1593 2281
614 858 827 1418
499 1280 1821 1493
289 323 2146 2823
893 875 968 1961
682 325 1200 478
357 258 1285 1144
82 746 602 1651
862 115 2145 1168
794 342 2612 2392
742 2251 887 2615
442 777 1960 2309
788 1211 2730 1305
1668 266 2597 1774
151 352 902 1250
976 470 1985 2478
1807 438 1844 1833
1647 2119 1788 2270
643 1259 2540 1386
1015 1425 1790 1673
182 496 222 1468
879 1984 1483 2770
305 1277 1445 1835
1955 1620 2412 2134
2460 540 2657 2402
138 789 1784 1552
386 478 2429 2265
2419 1886 2467 2671
316 1350 361 1850
1436 290 2499 1876
787 422 2306 2296
255 1322 2749 2250
1488 426 2347 986
1118 496 2079 1222
116 810 1835 993
441 1179 1015 2601
1399 889 2039 1573
242 994 2035 1589
31 30 714 1054
95 1144 334 1921
189 376 1453 1438
2425 1454 2428 2209
1011 784 2566 930
1359 796 2248 1680
1425 410 2197 509
44 1079 384 1909
722 2112 2638 2905
835 1045 1240 1654
2355 1095 2673 1481
572 694 892 1602
861 333 1303 2229
983 113 1528 928
1810 140 2358 1441
1457 597 1507 2361
208 47 1382 917
1133 2203 1709 2680
1802 282 2434 780
324 898 1208 1091
299 1923 485 2382
1142 1441 1150 1686
763 1007 2459 2357
918 209 2643 2180
1063 420 2028 1984
1640 470 2263 2813
50 654 282 1500
1370 39 2428 1693
1444 70 2435 1559
1328 720 2468 2712
578 1058 1690 2721
70 753 1702 1939
453 1853 596 2236
1611 1302 2705 2026
1063 1591 2030 1943
273 697 2565 1305
374 559 1855 1485
824 1318 2777 2770
106 874 2325 2165
1520 203 2491 1085
983 1078 2709 2140
1412 1053 2778 1408
664 368 2095 1967
911 983 2286 1030
1687 435 1976 873
528 342 976 423
486 107 876 1770
220 1052 1129 1105
400 1184 1285 1777
261 1653 296 1868
90 1839 310 2264
127 1030 2710 2611
2398 66 2669 936
1149 1111 1915 1166
1082 1990 1786 2513
119 2413 2496 2902
508 720 2675 1940
1955 1321 2015 2404
113 1403 1328 2086
599 898 1835 1429
378 900 2762 1600
1888 644 2500 1919
2045 134 2553 1285
2137 1611 2724 1613
663 968 2716 1171
317 1066 788 2377
396 183 558 1331
1470 460 2049 2395
2372 2151 2441 2638
284 2582 336 2904
490 884 700 1426
667 2329 1468 2714
992 587 2762 2550
280 503 1568 1226
448 353 1116 560
1284 415 1530 670
1081 838 2334 2369
603 2303 1668 2472
779 526 2568 1809
1074 1545 2104 2451
961 42 1841 785
985 2325 1834 2542
435 685 2538 2887
652 1957 1584 2247
1508 700 2148 2076
1292 252 1724 2522
257 483 410 1960
1853 421 2320 1166
275 361 1999 458
5 546 379 2001
1826 338 2502 784
1808 669 2303 1674
1745 515 2128 2308
1721 173 2082 590
1810 832 2613 2656
330 1530 2509 1586
2472 1325 2743 2137
520 498 1474 555
301 693 803 1650
306 311 1541 1396
337 2573 2368 2889
405 1480 808 2302
1656 360 2772 684
1534 758 1647 1676
954 1271 1997 2339
392 1143 1574 1966
1620 2497 1817 2633
2324 2154 2503 2358
914 477 2791 2206
44 1109 1653 1534
1186 1809 2641 2251
1721 1082 2266 1489
1443 855 1608 1499
130 2732 477 2779
2315 1389 2552 1564
992 551 1226 1644
397 170 1146 1835
520 1030 1902 2014
159 866 488 2594
409 792 641 1769
862 2 924 133
1898 223 2431 2151
868 170 1155 206
2262 275 2385 2837
989 1397 2075 2089
138 2352 2742 2395
484 1897 1615 2407
891 477 2126 1922
668 1803 2477 2504
205 643 943 1372
810 771 1923 1307
828 2447 1516 2505
1596 646 2303 1282
256 1199 552 2111
1114 1351 2093 1792
628 534 1273 1249
2201 228 2439 1420
978 818 1715 2468
117 596 2640 1709
428 1 580 129
2049 1805 2176 2064
1154 1521 1218 1931
749 1115 962 1649
357 1537 784 1542
2026 1245 2253 2002
66 1375 117 2156
808 490 1675 2423
1115 530 2611 2387
128 1404 1776 2585
123 690 2294 1233
129 8 1695 1321
779 2286 2409 2397
511 342 1480 2558
226 734 1055 1505
262 468 1280 795
120 2417 521 2451
1286 2133 2682 2709
119 2127 704 2279
125 524 859 2399
1695 435 2235 2174
584 406 911 1074
1869 1344 2576 1763
1822 853 2266 1291
409 1343 605 2114
1207 1986 2043 2037
1914 248 2303 507
2216 426 2642 976
1503 1394 2581 2153
207 798 1145 1104
882 1487 1000 1987
272 384 1543 1550
1428 1181 2655 2197
765 198 2740 652
921 526 2477 2383
2567 777 2626 2545
50 398 2585 1927
1040 1120 1051 1567
86 1768 2500 2039
546 491 1152 729
1213 1439 1458 1729
1056 803 2400 2140
1384 1730 2172 2442
173 1336 2161 1745
396 46 777 2247
968 314 1124 964
1522 1303 2548 2076
159 298 1258 828
1045 385 2033 1980
15 985 2490 2158
1172 1978 2035 2859
1190 507 1610 1880
1272 335 2145 1390
1223 2146 2297 2215
274 836 1149 2461
1711 1264 2661 2047
629 200 2334 2762
1279 1287 2449 1868
247 768 2468 1848
2650 74 2657 848
513 1362 582 2725
1776 434 1823 1386
54 359 1187 656
527 193 553 1272
1096 887 1909 1324
190 1322 2669 2151
287 1078 2242 2888
436 1589 1445 1593
25 724 1947 2832
763 1512 1885 2528
2014 438 2200 1828
1035 1485 2513 2884
1917 506 2247 1290
1766 364 2371 2619
18 705 1058 1364
1861 445 2027 1949
56 773 450 2277
335 1123 2208 1710
1751 312 2612 971
1354 1088 2015 1704
750 646 2784 2527
352 812 2161 2891
355 1421 674 2380
646 134 1749 230
1165 258 1648 2751
678 1439 702 1739
1757 221 1898 2273
99 1483 2096 2083
36 1781 588 2572
1421 1166 2534 2596
62 14 1337 2014
1911 2060 2506 2466
907 19 2142 2549
358 717 753 1042
203 1486 1319 2194
419 753 775 1578
413 1472 2472 1655
775 741 2760 1740
555 749 1213 1040
2124 1412 2767 2582
696 1965 2109 2367
977 744 1870 2266
461 1081 995 2072
521 1420 1198 2555
572 326 1217 1072
790 748 823 2743
1406 1647 2532 2396
300 253 1046 1619
1121 589 1579 1446
1992 1264 2006 1915
1014 1443 2478 2074
1064 928 2439 1042
407 729 706 2268
259 1356 1005 1733
1447 769 2386 1961
884 686 2342 924
197 547 2191 1947
1834 1757 1995 2033
1687 1968 2182 2096
846 121 2597 1525
480 1648 1328 1690
2422 217 2558 381
238 974 2235 2773
1943 722 2161 2261
2284 510 2539 1102
355 2186 760 2352
1496 445 2170 1685
2099 111 2546 1640
1274 1278 1638 1533
324 279 1312 2057
1764 805 2712 2286
916 28 1388 2831
1143 1792 2510 2119
142 1382 570 1481
704 2139 760 2825
832 429 1752 1145
1597 2301 2341 2844
646 354 2552 2852
1694 1521 2608 1812
908 765 1698 2722
984 1592 2785 1674
897 1084 2446 1902
1866 561 2367 1587
714 1873 789 2644
1749 268 2247 2144
2202 2688 2330 2852
1167 2000 1817 2445
2480 1535 2788 2794
663 1144 1837 2195
1338 306 2755 841
696 1250 1054 2805
1056 214 1427 481
425 710 1904 2380
358 42 1284 433
2165 2731 2391 2811
926 23 1199 490
1582 681 2660 1412
1376 1293 2307 1788
121 882 1545 2620
947 1618 2062 2010
1491 423 2064 1952
1408 426 1914 2091
1835 192 2315 2533
348 1163 2362 1340
255 1256 1533 2588
638 31 1209 797
254 340 1911 718
978 1482 2120 2836
1620 1625 2576 2694
571 378 2315 910
884 1876 1541 2397
707 206 1340 808
1165 2103 1948 2500
2360 829 2445 2100
1676 2146 1982 2156
452 89 1144 1745
1851 189 2494 1906
907 1643 2006 2436
2712 191 2713 1783
1109 975 1205 1097
47 357 2206 1440
158 563 1983 2475
2104 2175 2510 2900
94 1870 1215 2864
3 459 1378 1321
1742 1293 2429 2453
240 403 2359 459
1205 1507 2562 2757
1101 47 2709 1526
1562 1610 2684 2149
124 51 1929 2277
232 985 568 1732
2492 537 2677 1513
506 67 2270 2450
48 1849 1110 1889
604 727 2476 2121
22 982 841 2090
1447 617 2345 1695
21 1455 620 2509
766 329 1042 785
1228 1832 2387 1867
466 1992 2108 2129
854 1636 2547 2461
486 54 1462 886
1593 698 2586 1720
836 1844 1910 2589
1562 1348 2022 2627
1380 1956 2673 2225
1523 812 2541 1681
1168 443 2182 1626
353 52 1014 2185
534 1703 860 2325
235 1333 2263 1627
924 319 1861 545
2101 1962 2132 2382
299 1666 969 2203
122 2699 1838 2790
850 224 1442 516
582 1561 2181 1762
1058 470 1858 1070
1157 2187 1186 2623
1484 2275 2744 2717
897 893 1117 2151
462 64 911 701
2425 1737 2515 1849
550 24 2704 1253
519 2212 1045 2751
1346 1004 1469 2057
677 2053 1227 2260
903 356 1661 745
2102 90 2402 2510
48 1057 377 1191
513 1858 885 2639
114 619 292 1744
389 125 637 2366
757 164 2601 1091
1811 386 2338 1521
1569 121 1772 1699
429 1068 556 1313
871 1417 928 2307
326 1352 1251 1756
1712 1951 1883 2113
1285 974 2743 1494
1063 1563 1218 1769
538 1384 1603 1918
2085 530 2559 2109
93 919 1245 1521
1948 1647 2693 2195
1685 1022 2145 2862
26 703 2340 2406
539 2244 908 2620
728 896 1916 1817
651 860 987 2469
1143 453 1404 2477
1926 201 2109 2800
2419 254 2580 1420
1439 286 1681 593
290 2402 669 2464
922 2131 2582 2795
20 2612 1672 2706
1670 1297 1691 1350
656 435 876 1094
345 1872 818 2024
271 1729 383 2334
1638 632 2638 1786
1535 38 2550 629
1886 1573 2093 2670
880 1815 2085 2204
213 1503 1328 1916
1826 1250 2505 2701
396 1161 1053 1622
830 1985 1990 2813
903 309 1183 2785
1858 1071 2631 2016
1669 161 1852 1118
1423 531 1517 2062
375 2001 2145 2023
141 306 1659 852
162 2016 401 2640
1488 562 2384 2069
579 1223 589 2578
1769 27 2111 2256
514 186 1692 2844
1668 1182 2124 1999
355 1320 2107 1649
25 787 2536 1224
741 901 2127 2503
428 1781 593 2085
223 1245 1494 2505
884 1054 1277 1908
851 1601 1075 1937
441 1798 2251 2788
1157 453 2581 2277
332 2102 337 2707
1331 57 1833 713
2225 745 2476 1327
1116 906 2709 2418
1439 2195 2789 2793
1569 274 2055 2410
748 130 2026 636
907 1953 2295 2551
2185 284 2747 649
2248 554 2415 555
1855 2834 2344 2873
2567 367 2801 2001
461 975 816 2282
1773 2 2309 2157
1410 169 2016 1137
101 1659 502 2318
622 228 2009 1830
263 332 2770 890
47 450 1117 1655
1444 1206 1979 2530
85 314 1417 2800
596 1548 1133 2667
1380 425 2159 2111
505 498 2060 2282
834 258 1957 1035
480 82 1588 1058
2208 872 2669 881
697 761 1371 1669
840 356 1730 2895
398 2096 856 2409
1506 2446 2152 2643
482 223 1773 805
109 1731 1375 2865
2437 1742 2526 2816
60 817 2433 873
1176 1290 1643 1629
2512 435 2629 915
682 1843 2552 2146
867 1872 2673 2030
924 130 2770 957
1612 1232 2621 2236
1192 183 2253 2591
568 1313 1766 2903
507 1630 841 1705
475 460 1084 803
1393 83 1491 950
406 35 1870 1505
587 2025 2263 2459
1979 68 2728 2495
1308 695 2206 848
1788 1541 2328 1593
2082 756 2409 2430
149 193 1524 607
599 1451 837 2455
2100 1411 2564 1873
972 1832 1034 2266
1210 250 2396 346
347 909 2711 1595
1463 140 2512 1908
1491 243 2454 576
985 423 1381 1015
667 949 807 1071
217 2063 968 2106
1979 138 2793 1746
364 1837 411 2660
1636 545 2687 1911
2451 332 2475 2061
1881 396 1969 1920
105 475 1005 2668
759 484 2205 1137
1786 2510 2380 2857
105 2503 2686 2777
1486 366 2767 2812
1153 393 2416 626
1033 1175 2353 2627
1122 1699 2023 2063
240 858 256 1344
641 755 2441 1808
1162 1441 1486 1988
561 1092 1330 2316
1010 2326 1580 2416
810 847 2218 1772
2182 1162 2410 1907
559 768 1749 1957
89 322 1772 2904
1795 1061 2023 1078
489 1340 1140 2611
872 2561 1549 2763
2285 778 2408 1961
1201 1327 2491 2096
1368 2074 1956 2593
1135 634 1165 1008
2499 1892 2695 2131
387 2148 2257 2701
1494 671 1965 2469
219 1074 1779 1123
1275 914 2361 919
1588 488 2342 1356
371 1583 776 1779
853 1360 2363 2226
3 276 2638 1370
1196 295 2572 2407
224 1436 2479 2470
484 1331 1731 2078
1851 1732 2247 2769
206 383 1814 2272
2185 1625 2640 2638
484 1561 1081 2100
2003 506 2332 2888
1339 992 1874 2441
1071 1831 1721 2585
784 79 2617 2638
991 1073 1538 2491
115 1129 1264 1627
2124 722 2471 2391
241 1620 2608 1824
575 155 1763 2715
689 272 2565 930
961 1836 2723 2386
286 178 2128 813
892 2180 1547 2771
1589 2429 1967 2460
1348 263 2129 870
501 252 1351 2730
698 1651 1631 2049
1256 256 1843 1009
1257 1499 2147 1927
1408 457 1861 2510
131 2225 1796 2485
371 78 1343 813
16 1561 1456 1873
92 1257 1469 1835
1713 1156 2297 2763
47 476 1131 2373
1783 153 2747 1113
211 844 1142 1242
1262 46 2279 1610
1806 2201 2282 2703
1680 877 2223 1751
16 582 1092 2065
1269 1223 1634 1286
828 345 1069 527
536 1192 2513 1610
700 218 2787 1913
301 956 820 1761
1440 972 1819 1554
979 1097 1681 2625
1919 1335 2234 1454
336 1672 1758 2084
1188 246 2198 2278
574 1048 2314 1800
446 634 1825 2775
1911 267 2459 1178
2536 113 2701 1007
1292 956 2544 2464
492 82 2469 2199
1478 1610 2512 1909
1565 1125 2326 2458
1338 1907 1692 2404
1977 678 2052 2788
781 819 832 1345
1173 719 1419 1931
150 1190 2646 2189
160 853 2489 2272
1847 166 2080 2153
540 1179 1769 1992
1166 605 2761 1502
1815 40 2543 648
25 578 2540 1409
726 1244 1195 1496
645 1504 743 2364
1419 859 1990 1495
2207 1475 2771 1649
1224 421 1550 627
1457 2786 2730 2834
770 1702 1560 2207
1626 2080 2617 2303
1203 2461 2428 2510
1343 2089 2241 2624
1091 861 2012 1543
1705 920 2326 993
27 1401 1742 1931
444 570 893 2518
835 2494 2282 2787
182 219 1582 2682
1242 892 1862 2018
1552 383 1843 1910
1570 290 2290 1756
1545 268 2044 2484
1429 58 2197 2509
2130 727 2693 2389
309 1095 1721 2518
1493 2506 2734 2821
