4000 4000 4000
2957 1504 3161 3080
1450 684 1612 3028
160 2732 1559 2823
2484 2444 2729 3252
1380 2468 2647 3957
2761 812 3107 2314
855 430 3800 1978
932 209 2930 3544
672 1036 3729 2310
1405 3296 1960 3648
2787 491 2908 881
2727 275 3497 2751
471 641 1948 3999
530 333 2529 1509
582 1118 2903 3573
636 3876 1356 3968
1924 1128 3003 2402
2294 558 3914 2444
1041 1893 3932 2673
1521 1122 2307 1783
708 2916 3677 3222
3095 2957 3240 3336
2587 504 3535 3441
1569 2163 1999 2876
2914 1920 3140 3630
1565 1573 3263 3921
8 1172 3394 2545
1106 1374 3876 3715
2349 2983 3057 3682
2484 2574 3771 3793
2888 471 3212 1201
795 3016 2783 3844
2189 2978 3163 3268
939 2336 1082 3271
1905 344 3888 3121
2267 358 3208 3947
3481 2569 3539 3576
1932 3304 2624 3451
977 244 3287 1680
1828 2411 3319 2682
2821 1825 3691 1927
1644 2220 2668 3883
651 510 2583 1668
1523 419 3561 1535
436 228 1208 2579
2768 977 3449 1066
2324 1988 2867 3062
376 3601 1669 3660
1634 1092 3383 1753
650 184 3302 2615
966 1778 3511 2718
1426 1540 3630 2404
2260 2403 2536 3819
1657 2547 3442 3387
803 1929 3400 2689
178 752 3134 2736
988 844 3697 881
2796 1584 3585 3849
771 3462 925 3476
910 851 1918 2826
168 1880 784 2128
497 1535 3139 3858
3347 189 3560 2967
1439 825 2039 1372
327 730 481 3744
2191 3038 3569 3113
1198 1667 3001 2258
170 3118 2971 3371
2314 1615 3525 3693
700 507 2170 2768
979 1508 2680 2812
1570 1214 2707 3670
586 400 2073 1316
967 1131 2825 3772
374 335 1447 3015
1387 1501 3372 2302
1759 442 3296 1031
965 1738 3635 3150
2530 1013 2866 2816
2214 750 3939 1368
216 830 744 1669
458 655 3182 2641
884 2789 1529 3627
817 1221 1060 2349
3144 767 3241 1511
1155 1726 2103 3296
444 2103 3184 2171
215 1476 2100 3377
1050 138 1594 2398
225 2770 3037 2772
2309 431 3388 1798
1650 1303 2220 3148
48 1666 3019 1805
1856 297 2158 3233
400 2226 951 3845
739 3083 803 3513
1238 253 1955 2355
346 2130 713 2551
389 2162 1245 3985
1212 2084 2201 2461
2140 1165 3531 3872
1757 2175 1897 2357
2371 1932 3950 3270
256 2941 1612 2964
1768 2497 2744 3869
2290 1984 2296 3180
1790 1687 3400 3373
13 1552 145 3639
321 327 3239 2398
132 2355 2314 3500
382 1050 3389 3579
756 3015 1525 3555
1407 706 3159 756
2453 287 2614 3741
536 3336 2284 3748
2468 2146 3492 2211
316 36 1530 421
3785 625 3938 2663
3195 1587 3717 3636
120 2944 1787 3644
280 1436 3586 2972
1569 2143 2001 2653
836 3252 3894 3466
1214 52 2496 3392
1546 2843 3956 3206
781 688 2084 3631
317 792 393 3567
2564 2001 3321 3876
414 677 2179 928
2532 286 3337 3692
3122 482 3214 1771
75 713 919 2191
1603 1315 1671 2167
2015 1479 2838 2561
652 1298 1869 3699
1457 1185 3185 3465
1395 1600 2218 3272
87 2606 2339 3252
74 1652 110 3666
70 3837 2816 3972
1607 3241 3918 3685
1223 85 1503 3436
2851 826 3283 3118
712 39 1721 175
704 155 2529 307
2749 2255 2807 2541
1244 1372 1906 3642
941 2663 1423 3644
489 780 3486 1167
3386 1240 3595 2337
1780 2458 2547 3424
884 327 3211 2247
2152 279 3054 2541
1202 3243 2038 3919
1614 1180 2368 2129
286 1209 1400 2623
3477 713 3754 2695
1959 1724 2153 2463
8 1339 88 2011
1130 3067 2405 3879
1496 2477 2634 2761
2963 1437 3373 3099
2013 980 3058 3933
1199 1478 3445 3692
3242 2425 3313 2519
162 221 2937 2008
796 168 3768 1621
2784 2292 3630 2429
774 2920 3678 3236
376 1916 604 2822
272 784 1173 1754
43 612 2023 3107
357 2666 2131 3077
2193 1341 3612 2001
1810 2956 3306 2990
2823 1843 3123 3098
1992 2223 3729 2735
907 2717 2844 3750
894 3309 2872 3871
1611 851 2728 2118
554 260 1238 2025
244 1055 3937 2020
957 933 3918 2171
1941 536 2415 3186
947 374 1525 2773
465 2509 3686 2828
2565 563 2707 3046
711 1795 3174 3095
1369 365 2422 1827
253 1117 1826 2381
583 885 3149 2317
38 2466 405 2943
2201 2796 3752 3338
1178 2017 2012 3118
962 654 3661 2163
2488 1763 3021 3728
1274 94 1539 1120
2355 535 3375 2039
2196 1585 3439 3183
2575 279 3583 417
3026 1714 3545 3982
2135 849 2349 2349
2766 11 3535 1506
3088 1703 3101 3189
361 2690 3343 3823
2958 1922 3303 3063
1588 414 1834 495
699 2604 2961 2771
990 2077 2945 2321
69 1396 3124 2412
1157 2403 1328 2781
1681 3691 3468 3982
3021 1092 3225 2263
1171 584 3303 1501
387 365 2313 1161
838 6 1521 2324
1079 1398 3837 2646
327 955 2279 2791
960 1322 1725 3419
287 574 990 1837
1346 1047 3027 1986
2035 1401 3552 3000
2338 460 2606 3331
3210 758 3358 2262
374 801 1443 3221
2580 1195 3698 2524
885 1127 3709 3964
1088 610 1407 2594
1544 1835 3238 1875
1408 1592 2876 2192
82 120 1948 3566
641 670 2139 3715
862 356 2987 2106
1988 2575 2681 3152
389 985 2789 3354
230 1109 982 1125
156 901 3794 2752
686 2357 2646 3087
1153 3360 3441 3361
930 16 1623 839
3390 913 3941 1841
924 783 2691 2391
795 1697 3210 3086
2161 2822 3818 3048
964 827 2911 1024
136 724 2542 2788
3760 33 3865 3055
1257 158 2793 3366
77 243 2277 3976
1427 2048 3392 2097
809 92 3207 1520
886 2863 2102 3619
1771 1299 2114 1688
392 670 821 3348
1876 534 3738 2458
1168 918 1294 2990
1741 692 1842 1690
3096 227 3714 1452
2473 861 2940 3996
880 36 2522 1118
2023 1259 3194 2637
1656 2371 3386 2596
46 520 3861 3479
2390 915 2954 1705
1488 398 1977 422
3553 1034 3803 1805
2202 1168 2933 3086
2076 531 2248 1367
1262 1945 2457 3317
1053 637 2479 1271
1716 225 2520 3387
1228 2440 3150 3157
98 1078 3537 1161
2106 3279 2450 3926
1652 1057 3859 2436
1698 2723 2191 2934
871 1907 2542 3902
844 1278 1313 1747
782 589 1901 1164
737 3859 1260 3869
1472 392 2642 2390
217 592 1844 3397
2212 3442 3987 3843
1530 334 3027 3219
196 988 3885 3344
1109 783 2633 3388
2326 1673 2956 2745
2727 284 3092 3755
1144 631 1519 1898
119 132 1790 1400
353 998 1635 2506
1805 2389 3417 3928
1433 2371 2291 3335
1172 256 3129 2029
1671 947 2711 1946
1828 687 2597 1366
842 258 2824 1840
2558 555 2679 3433
1869 536 3490 3507
1945 586 3462 2697
849 1204 2399 1802
3513 1327 3716 2441
1733 1486 3586 3618
479 763 3565 3134
1705 650 3449 2566
2690 2629 2727 3092
533 981 919 2089
1735 38 2599 1145
146 1366 645 2553
1991 2809 2742 2877
130 2063 1564 2223
648 1650 1432 2619
319 2627 3127 2720
622 2301 1648 3617
57 1079 907 3649
1149 3230 3049 3977
1246 2067 1930 2425
549 2258 3658 3294
2033 749 3435 3739
468 2295 862 3271
95 1816 2757 2122
0 2856 336 3394
357 524 2263 2392
2111 2775 3932 3518
91 1732 1698 3377
3160 2987 3266 3535
1271 712 3311 2437
635 844 2627 3852
692 1332 3822 1944
2013 714 3639 761
2092 1418 2390 1956
1362 1905 2209 2570
125 1027 3533 1944
1385 605 1525 3539
1778 1374 3886 1855
249 501 272 1139
2016 2553 2168 2739
1271 177 3343 3238
407 639 878 1151
361 582 1530 2020
603 2995 2049 3007
84 1116 3378 2740
670 1647 1949 2369
1502 180 3923 2851
2289 10 2995 536
471 1533 1132 1790
607 1820 3375 1942
966 1461 1735 1735
3215 1493 3771 3761
2614 895 3205 1020
116 2472 2087 3517
1655 2277 2050 2507
1246 1072 3838 1903
610 2119 3993 3101
2283 84 3731 2613
708 451 3165 3146
2193 1753 2247 3656
2227 2427 2310 2977
2136 313 3758 2337
395 902 3978 3732
348 400 1137 457
1263 1452 3901 1514
96 1318 2706 2813
1712 503 2026 2297
728 2456 917 3761
341 1251 1016 2910
625 2159 1703 3763
945 1840 3320 3135
1655 2321 3561 2569
796 592 3930 3794
802 183 1392 1985
506 2370 2266 3572
343 1177 3500 1789
805 4 2994 3681
409 2284 903 3846
72 1114 2106 1872
1173 2127 2791 2745
1885 3534 2745 3879
295 347 644 1366
634 1778 891 2932
1212 671 3058 1913
195 362 1139 1456
1261 431 3619 2434
1666 857 3510 2091
948 2645 962 3965
2350 1268 3964 2030
1939 508 3494 1942
1264 1012 2712 3433
996 733 2775 1906
383 95 405 2380
1868 1448 3575 2097
451 2671 552 2927
2420 3606 3627 3731
905 708 3032 2334
1061 1325 1965 3009
188 1215 501 2027
1653 1748 2262 2726
1386 40 3334 3383
80 1175 3167 2585
820 1983 1486 2763
125 835 2909 1477
2406 287 3713 3457
761 2669 2202 2990
1546 1204 1669 3390
1606 586 3246 1895
726 2579 2838 2959
354 1092 3114 1770
1565 1149 2382 3221
468 808 3955 1688
1523 1485 3710 1525
1535 527 3128 3306
635 1642 1355 1976
269 1719 2729 1802
5 776 3810 3264
757 2035 2887 2472
779 1824 2484 3559
2858 3160 3740 3984
724 2466 2957 3286
1854 462 2753 2143
1741 1159 3316 2584
21 2261 1151 3929
1181 274 3879 3409
1725 840 3385 2876
1904 411 3821 3351
1015 197 2444 2750
1076 118 2284 3037
1285 2356 2715 2943
1746 823 2195 3064
2578 1077 2607 2549
2095 1037 3002 3865
403 554 1965 2339
1070 154 1120 1226
3160 1037 3727 1977
653 1524 1322 3368
908 2067 2414 3949
651 2737 3757 2794
59 264 275 1340
1276 1199 1844 2920
685 629 1918 1317
111 275 1956 790
15 472 2375 677
3153 2495 3862 3922
19 1073 1645 2739
1213 167 3744 3029
1770 1250 2094 2353
1928 2286 2240 3356
1456 1504 1899 3989
2125 463 2355 2267
379 2483 1405 3345
1057 99 2292 272
1311 2816 1831 3950
816 969 1842 3101
675 896 3245 3527
568 617 3627 1798
2993 2130 3990 3057
1945 2799 3167 3032
128 1026 2149 3155
592 1001 2510 2667
493 2580 831 3858
338 2822 2911 3937
125 247 3275 1448
3907 2121 3970 2714
2474 2314 3795 3714
801 2490 3478 3665
2083 599 2928 1733
1901 457 3027 2216
803 585 982 2386
3015 891 3698 3135
1150 1543 3280 2461
1452 7 3923 683
1357 257 3939 2728
422 905 2597 925
1830 779 3704 3721
194 1148 1514 3819
364 291 3248 2180
776 2941 1645 3538
555 1914 1651 3827
3069 1296 3360 3603
1245 2640 1673 2786
454 2612 1826 3223
2355 266 3331 1808
950 708 2326 902
488 1858 2369 2196
2389 365 2815 3908
1155 919 3552 1544
2062 1226 2349 3201
1352 2741 2136 3352
3747 120 3848 3620
2545 3475 2675 3927
2266 2339 2715 3241
737 166 1934 3379
1286 1241 3209 3989
1339 1604 2612 3986
1026 1734 1913 3370
2030 40 2182 866
2907 202 3877 2862
304 1422 769 1686
776 742 3955 3256
1546 1023 3717 3043
3655 2877 3865 3354
3794 79 3931 2661
50 1010 2642 2734
1459 1323 1691 1781
1210 231 2322 2404
213 2435 1877 3174
451 500 1097 2097
1559 2561 3792 3006
1012 2523 3761 3242
1452 1807 3812 2706
933 790 3446 3472
321 727 1823 2489
452 2568 2790 3734
194 134 3799 2722
377 106 396 1361
86 1709 850 2847
863 3327 1223 3995
2198 391 3977 1042
3414 2330 3779 3882
2245 86 3922 3420
211 1693 3045 3069
193 802 3493 2651
1078 1515 1307 2408
1383 723 3717 960
1374 1416 1482 3453
1877 2787 2781 3229
65 3478 2919 3686
294 447 2243 3939
252 2307 728 3624
171 2317 1118 2698
1083 846 2249 1900
1503 1305 1703 3727
1705 3133 3005 3919
1375 435 2159 3593
1238 3123 2263 3153
1489 2002 2282 3145
3541 1423 3796 2117
2169 152 3078 686
422 405 3303 721
1031 899 3733 1322
575 172 1078 488
1831 993 3934 1072
1323 2134 2881 3877
744 522 1209 2009
2743 3436 3468 3667
1130 2055 1915 3370
1285 1070 2794 3031
2041 997 2391 1917
867 4 2952 3662
813 703 2291 1389
2992 46 3206 1046
1080 1931 1669 3784
1515 1013 3709 2162
172 1533 2201 3106
2349 1428 3547 2331
1633 3 1884 3693
308 843 2183 3108
934 1654 2797 3404
1116 2248 2924 2584
87 1249 1064 3280
2199 1801 3578 2072
1168 272 2243 3383
3383 3469 3500 3752
113 3058 2018 3807
958 1311 1692 3820
1007 1753 3482 2411
1728 1047 2373 2212
2906 1239 3099 2846
1071 1259 2753 1675
1994 791 3918 1002
894 854 2517 888
2647 3026 3899 3623
1519 1293 1997 2237
208 1095 1651 1733
1397 1871 3810 3116
720 1341 2253 3090
3028 278 3889 3930
457 1765 3382 2730
66 657 3340 2120
86 1896 2240 2622
583 83 1614 2048
2178 2613 3596 3454
459 1366 1950 2284
568 1864 3182 2662
2168 3478 2296 3737
1337 3025 2521 3664
538 102 1881 3070
820 88 2289 1922
1469 1377 1473 2286
2828 389 3406 3387
1207 840 2988 2722
144 82 1425 399
971 1138 2416 2603
89 417 3781 3734
960 2312 2021 2777
174 1781 2293 2755
1150 2319 3792 3413
1734 1008 3436 3328
943 1382 1697 1673
3258 297 3904 2137
3750 454 3759 3398
972 464 3477 768
752 130 2167 943
2841 1192 3825 2018
2374 3 3656 2036
1418 856 3860 2246
2706 699 3955 2309
16 901 3073 3682
2933 1004 3426 1370
334 588 1708 2124
907 1546 2971 3616
1981 2865 3419 3690
2508 140 3283 1848
126 1819 1330 3334
1278 2398 2296 2458
1667 510 2806 1440
124 1318 3308 2535
2662 648 3564 1378
1604 1813 2087 3751
793 998 2627 3233
105 1301 2948 3271
877 2348 1166 2731
2299 2221 3426 3649
109 821 1504 940
1263 2077 1478 2364
924 2464 3129 3011
1739 2229 2320 3575
33 422 3024 2748
2892 801 2909 2000
203 1160 2492 2230
1709 73 1775 1892
275 1146 2319 1957
1667 2394 2239 3507
574 2289 1674 2355
646 315 1475 3599
1162 252 1541 3892
2202 1182 2593 3373
1669 917 1894 2334
1878 2715 3383 3183
514 105 629 3942
2312 2114 3677 3095
423 1567 1533 2443
1460 269 3577 1626
1353 162 3208 401
1066 629 2322 3999
2160 2436 2901 2731
2070 1827 2324 3942
2266 1544 3319 3161
1036 1498 1913 2804
773 423 1131 3927
852 908 1026 1267
1715 9 2337 167
172 150 3145 2625
1669 1368 2822 1544
737 610 2408 2876
182 2802 3250 3450
1168 60 3229 2340
1608 418 2450 900
16 97 1639 3784
141 2077 945 3471
1274 1697 1705 2309
915 2223 2937 3467
1493 874 2325 2026
205 588 715 1866
281 680 1732 1520
1348 113 2058 3847
954 1810 2702 2933
5 139 3586 283
1349 1290 1439 2149
333 382 2199 1799
1759 2744 3279 3730
1684 75 2033 1655
200 2825 2461 3702
1191 1324 3576 2400
2177 572 2649 1734
980 851 3195 2058
14 13 2646 1706
403 1109 3789 2394
379 1105 3400 2043
2293 1081 3003 2415
2545 1937 3679 3446
295 3174 3786 3241
125 58 654 1612
2155 2759 3341 3847
775 908 2496 968
2993 39 3832 3260
576 1565 2724 1626
806 1722 3341 2313
2390 2399 3022 3521
1493 444 1502 1452
1980 209 2283 3473
2715 853 3866 3370
160 1547 1506 2643
2153 3034 2278 3806
1293 3879 2651 3926
1915 46 3703 3353
3197 513 3823 1298
529 2005 1481 3062
2717 1303 3655 2987
1240 2937 3824 2993
1387 412 2920 491
2197 507 2203 3814
560 2895 2824 3535
522 956 2980 3589
1333 1454 2158 2000
77 1861 3091 2905
275 569 2905 3075
665 1178 3243 1602
799 1618 3501 3613
2588 273 3168 3489
1722 297 1764 600
792 1548 2484 2100
880 494 3617 3658
3265 2921 3448 3876
1989 1081 2706 3029
2611 2809 3923 3223
1629 646 2414 2684
404 119 3421 2547
1250 399 1429 1776
946 1911 3114 2263
272 1085 2144 3037
135 2195 956 3923
1743 1225 2312 2957
339 1496 3753 1874
478 1289 2710 3126
2246 360 2488 422
2129 822 3184 1876
1628 596 2790 2397
434 2770 2850 3420
1241 3002 3031 3807
1449 747 2335 3325
1168 510 2250 3062
110 1239 1607 1404
1691 1501 3900 3015
1748 1705 3043 2272
2133 1051 3491 1318
571 632 1091 3293
1186 627 3249 3566
1052 2034 3019 3353
3452 1631 3915 3174
1541 1450 3827 2534
470 300 2345 351
268 14 1457 1154
805 403 3083 2643
2658 1938 3902 2976
311 1434 3499 1517
1328 2352 2875 2420
87 548 1022 1575
257 1539 2826 2721
406 756 1034 1445
11 283 816 3061
1451 226 3171 2933
551 57 2957 554
2179 1533 2886 3086
1614 21 3970 962
1250 2802 1998 3919
750 1345 3284 2371
1895 2677 3230 2869
488 1133 3410 2878
3054 1641 3326 2636
1525 153 2740 237
3340 431 3644 2634
92 1536 3707 2854
2477 598 3152 1748
783 1575 811 2116
1243 2548 1861 3557
1705 2801 2333 2894
1776 2791 3973 3262
99 963 352 2375
368 1047 2345 2412
534 475 1176 3487
949 2062 3419 2260
152 1637 3528 3822
1898 2739 3418 2908
81 541 2717 734
146 1888 2526 1950
1636 1245 1749 2911
1681 352 3779 1737
2339 2193 3445 3608
499 1017 3510 1403
926 250 3500 1474
336 1455 1356 3166
1287 1586 2337 2867
1817 1052 2660 3479
592 630 724 2491
2666 415 3978 531
1333 422 3817 1206
593 672 2556 1965
887 76 1834 467
1727 2358 2025 2500
2089 60 2427 108
2567 2225 3718 2713
957 468 1239 2161
650 1468 671 1761
2513 183 2879 1485
1662 1462 3155 2371
743 47 2437 1059
14 262 3137 1453
1174 2690 1772 3107
3163 1870 3228 2084
3214 968 3883 3448
2957 1074 3415 2553
119 36 345 2669
3034 2341 3610 2531
227 793 1290 2107
2011 1695 3812 2573
974 281 1463 743
906 1022 3911 1429
99 2315 1655 3802
223 1927 1319 3105
2300 20 2536 2784
805 3104 2092 3617
5 1859 759 2227
58 775 3228 944
1298 855 1704 2165
326 517 3663 3440
2204 481 2828 1948
2222 1516 2518 1947
3441 2527 3944 3052
67 1335 3208 1390
2161 1603 2476 2686
845 91 1591 1207
803 820 3427 3415
309 217 1896 2214
1857 1034 3381 3905
10 944 2678 1693
473 1458 3056 1992
1173 3022 3351 3398
1196 417 3855 1320
1451 356 2035 875
1251 169 3995 3590
838 1547 3408 2198
896 1035 3280 1219
1707 1243 2127 3877
529 2593 3469 3988
1845 2421 3827 3070
3268 118 3783 494
1455 486 1525 2606
2922 471 3539 2192
1597 180 2874 397
2792 1055 3305 3258
3220 2651 3686 3642
2468 86 3066 817
1169 3321 2488 3938
123 17 1100 22
3312 3208 3477 3985
3391 1517 3611 2524
838 1897 1164 3209
514 544 3890 3942
521 1233 585 3692
284 1755 860 2892
3472 439 3882 2213
439 1650 1835 1792
789 641 2600 2096
678 740 2597 2245
3536 1410 3808 2686
1663 895 2208 3119
2185 833 2222 1151
2775 293 3677 3390
1137 180 2522 2417
1921 1257 2410 2270
2535 453 3917 565
3194 404 3286 490
509 47 3863 3133
173 166 3816 2380
2852 2016 3095 3741
826 474 1305 3968
553 2104 3177 2919
1164 1955 2974 3549
908 451 2027 1206
1982 814 3731 2137
839 1726 1854 2136
1591 2201 2421 2299
502 1072 648 2886
1026 432 1191 917
729 949 2253 2753
1806 1968 3538 2957
877 1998 1266 2073
2147 1486 3681 3977
2001 1835 2603 2441
890 1525 3305 1784
335 2592 2319 3471
1730 1325 3941 3451
1012 3007 3369 3712
218 1859 344 1963
545 1757 2098 2060
255 664 1256 3618
3413 375 3534 2249
2737 366 3327 1370
1972 906 2326 2120
3042 239 3545 2756
241 1397 559 3663
198 900 2211 3662
403 2699 1333 3071
651 114 2419 3810
167 44 3094 3796
1939 1498 2051 2006
441 2473 2847 3762
279 954 2455 1421
3655 3336 3676 3408
841 1695 2453 1696
79 2397 1278 3910
3075 1542 3204 3949
2430 2961 3000 3730
1922 2 1948 2407
380 777 1908 3198
486 37 1612 546
2071 432 2773 743
222 2143 2087 3505
1020 2788 3876 3656
1777 257 2009 1112
980 3357 2276 3934
454 764 1766 2630
2523 3131 3287 3743
509 934 3724 3877
385 269 1707 3842
1872 900 3848 1160
1058 2025 3078 2877
455 1373 2593 1470
1835 1684 2786 2912
2667 745 2669 3385
1719 1079 2920 2957
1139 217 1702 2988
506 16 958 369
71 336 1730 3416
644 1044 2912 1713
2948 1662 3047 2584
418 407 796 3009
66 1449 273 2954
1978 979 3271 1177
3153 602 3577 902
2974 614 3775 3490
1869 993 3218 2737
518 1364 937 2000
3020 3186 3975 3398
2621 827 2628 1755
1103 2933 2446 3409
336 1821 2487 1912
2004 285 3868 2543
2266 1015 3733 2268
3098 2984 3177 3527
791 1826 2679 3821
1385 958 3156 3231
1144 2026 2902 2395
3081 512 3831 1981
2532 2167 3644 3769
707 626 2971 1249
1561 1930 2589 3808
1523 2309 2164 2425
277 1256 709 3643
2924 72 3364 1237
727 32 2154 885
2710 1494 3275 3644
1197 1743 2681 2613
109 12 925 3276
2001 1824 2925 2290
928 527 3857 601
1148 875 1275 2839
1605 2181 2516 3616
523 3054 2070 3218
2090 147 3451 1914
47 80 269 2995
2395 729 3529 1526
654 1654 3724 3057
37 57 2666 977
3015 3188 3584 3285
3208 2932 3999 3725
519 471 2056 882
1417 385 1503 2123
413 1002 2502 2261
3719 1255 3761 2701
3736 1562 3772 3371
2406 1194 3192 1226
2029 585 2748 3247
1471 636 1534 1586
1103 2477 2234 3976
1868 605 3811 2278
1376 2408 3501 2928
157 135 2821 957
158 931 2637 2208
554 3673 1453 3838
250 1395 553 3411
2482 340 3138 2945
684 1274 2557 3643
946 347 949 2565
264 1457 3272 3789
2729 881 2802 1635
135 1635 2098 2345
2395 1951 3807 3500
706 464 2454 3653
1829 3446 3540 3709
611 2126 3484 2343
1460 2121 2626 3296
794 1179 3876 1529
660 20 1664 1937
701 2725 3637 3721
2215 636 3746 1640
262 2928 1187 3155
359 583 896 1489
3473 1173 3758 1439
251 189 1896 2756
1181 2867 3469 3701
906 1242 3344 1300
548 435 1184 3573
55 625 3566 2003
696 296 2696 304
3356 338 3790 1343
1632 42 3862 3982
1800 1071 3889 1186
1960 982 2862 1911
2149 3862 3260 3929
698 2319 998 3186
2275 442 2770 1554
2264 1195 3268 2463
948 461 2432 3219
663 50 3825 2224
1706 613 2205 2656
683 1927 747 2725
590 348 2649 1171
169 1444 808 2838
2170 818 2464 3379
891 178 1542 2066
2312 435 2843 2031
2058 3653 2932 3846
590 133 1960 2822
906 2847 2713 3005
328 186 2056 3760
1806 2234 3972 2680
742 2721 2054 2885
1132 97 3028 1070
1423 702 1476 3040
1055 621 1827 1401
582 1658 2730 2622
493 895 2442 1049
750 12 2772 2246
523 1950 1401 3884
1584 453 3324 1401
659 2756 2530 3082
1384 1549 2880 2900
2382 512 3803 2774
59 2550 568 2887
2761 1142 3551 3804
433 1389 3231 1763
2352 3145 2926 3709
3275 103 3674 3754
1030 798 3339 1717
1551 1166 3714 1755
105 1953 457 2083
3047 286 3199 2289
1496 3069 3668 3378
700 1624 3609 3103
118 378 454 1764
578 1119 3863 3774
177 611 2544 3302
761 1777 1357 2386
820 1265 951 2723
2269 1706 3931 3756
123 1620 517 2884
2291 481 3052 2713
3772 1385 3964 2334
115 718 493 1515
1067 1900 3937 3979
812 177 2232 3092
144 3275 1748 3916
1519 152 2985 3550
821 149 1379 582
775 1817 1846 3435
1854 166 2670 1645
1574 2720 3682 3257
2094 468 2171 1221
821 59 3425 1184
726 2010 1045 2595
514 1332 895 2297
2462 1601 3245 3587
1480 1776 2840 3287
162 1726 2501 3471
1934 3320 3729 3594
1176 744 2213 2086
1571 1219 3156 3266
954 1151 3575 3758
792 278 3444 2067
2319 1394 3329 1459
2233 3032 3630 3681
1748 40 2244 2976
1380 1771 1700 2272
996 3155 2429 3852
477 2728 3024 3207
575 502 2367 2624
60 91 3590 2028
2310 1250 3704 3865
563 725 1214 1060
2909 804 3661 1029
1348 2874 3113 3561
1967 1137 3707 1590
170 2097 3467 2919
12 1268 882 2733
109 1951 1835 2039
57 585 140 3797
432 35 3886 3521
1990 1522 3070 2354
2877 1841 3605 3369
1316 2421 2755 3558
2111 1632 3430 3683
2437 209 3906 826
734 1149 2966 2661
1810 1820 3478 3946
2486 2716 3041 3373
413 869 2009 3206
27 438 639 3358
2870 732 3200 2322
49 1617 355 3310
357 180 719 252
722 1500 3182 2773
1324 669 2679 1375
2260 1094 2700 2323
2441 819 3371 2447
1831 917 3778 1917
904 1199 2486 2132
2557 1351 3474 3251
1957 3711 2010 3983
292 1376 302 3161
2350 686 3205 1271
344 2765 1495 2778
137 783 991 3534
3043 2826 3177 2987
2702 2973 3201 3651
480 494 1460 3132
902 3096 3777 3503
1081 2517 3184 3882
713 227 2432 273
1058 1015 2333 3396
1644 772 3908 3227
426 2048 2878 2568
632 113 3797 3347
401 1634 3746 2697
1801 2995 2253 3801
646 1658 734 3861
2985 2257 3760 3068
141 2828 2811 3563
1944 3549 2009 3608
374 1539 1104 3670
1935 732 2208 2123
838 1244 1550 3238
2254 3123 3230 3217
359 1448 1384 1881
1182 116 1894 725
256 2111 1074 3305
482 2008 2245 3400
1735 841 3416 1548
270 16 1950 2882
99 187 1606 2557
863 906 3588 3489
789 1071 937 3308
2612 271 3370 1345
1004 1539 3164 3959
164 1398 245 2831
1629 2104 2205 3390
68 1153 1225 2296
3483 1392 3658 3793
779 2726 1224 3108
2464 1481 2757 1680
1509 765 1893 2205
1946 1077 2589 2013
1688 1258 2195 1742
3646 550 3940 3309
338 440 3147 841
933 2723 1709 3870
321 633 1765 3825
3409 2393 3613 3549
154 1676 3172 2882
2706 450 3712 3175
2368 3087 3038 3718
3543 1028 3891 2425
2387 1364 2761 2120
2633 558 2684 2263
2890 108 3285 1303
656 1958 1457 2681
2519 2097 2990 2147
1655 1467 2319 2910
2670 952 3675 2701
3502 144 3595 1410
2217 2699 3584 3942
2189 82 3676 579
1477 1679 1697 2665
633 1610 3538 1855
1975 187 2699 2684
1309 1524 3756 2517
1368 1106 3597 1284
486 1393 2635 2928
2119 446 3611 693
2382 832 2738 3767
23 837 1210 960
58 1850 3727 3398
159 634 1172 1180
2524 2913 2716 3654
921 993 3830 2338
1645 2018 3366 3769
726 1671 879 2391
380 37 2861 424
2988 85 3269 1877
1700 2559 3079 3912
760 2318 2842 3660
1775 1664 2839 1681
1016 2837 2889 3787
3186 1380 3711 3237
156 2554 2118 3018
886 120 3482 2730
991 1923 1398 2366
580 863 2587 2940
1074 657 2858 2991
2414 458 3169 2623
2097 694 2661 976
179 877 1844 3120
820 1410 848 1699
1243 2424 3411 2838
2923 106 3557 1048
634 1781 1868 2924
134 2222 214 2533
1519 1126 2944 1625
609 3091 1789 3554
136 565 641 3612
168 1575 3673 2154
813 1004 3633 2750
808 2011 3315 3660
1730 1046 3286 3982
11 184 1987 2159
324 2919 1939 3462
3622 876 3868 3088
1878 1739 3225 3174
2042 125 2629 3420
2024 693 2432 1941
964 1499 1418 2600
565 1452 2722 3533
1824 367 1844 2672
2671 2187 2905 2333
826 253 2923 2724
495 418 697 1463
1195 1302 2688 1506
1941 1201 2326 1251
68 1387 1968 1521
1192 1766 1529 1904
707 2782 1037 3450
2736 142 2823 156
2020 1204 2793 3251
2555 242 3172 3293
912 983 1735 3132
606 157 1011 3298
3082 3466 3187 3930
1369 3017 1505 3232
998 3323 1194 3424
1938 1148 3829 1478
1424 532 2830 2103
806 1152 2511 1300
1451 579 1577 850
549 649 3973 3388
199 2503 2141 3804
3845 487 3979 2310
617 596 3057 3440
28 2758 700 3441
136 675 2808 3828
2401 1177 3909 2400
2873 845 3897 2222
1530 2305 2212 3599
1053 258 3562 2546
950 300 2653 728
706 1425 3513 1720
2650 495 3017 2135
621 224 2530 1094
867 902 3340 1257
209 2083 3851 3059
2820 2240 3716 3691
1008 508 3900 1616
43 479 1033 1704
932 3536 2584 3795
2214 245 3013 1048
805 2970 2401 3315
941 2107 3921 2757
274 1184 494 3875
311 1415 2390 3707
3447 758 3793 3558
1591 1298 3361 3790
1476 3433 3510 3488
1515 2343 3000 3472
1968 491 2774 2106
86 667 2319 1058
189 2010 1062 3836
1811 303 3469 485
432 1404 1666 1414
1909 87 1965 1506
184 1650 1716 2431
1629 318 3242 1041
2238 2297 3029 2319
1389 822 2343 1260
395 586 3995 1079
281 50 1878 3607
1344 534 1554 1575
479 1011 3196 2079
1973 2265 3644 2746
1844 1757 2282 3714
1915 724 2017 1716
85 3206 2823 3304
4 1178 684 3391
1409 886 2126 1087
437 1250 1349 1255
811 338 3763 3371
817 360 1615 736
1468 1162 3216 1264
1058 501 1518 1172
3204 1048 3259 2210
1865 825 3497 2935
2332 1984 2961 3821
1680 248 1719 2385
341 593 1453 1949
166 1639 1055 2986
565 1898 3114 3668
195 375 3701 2587
124 1345 830 3559
1069 162 1994 1873
3101 3424 3652 3974
1168 3370 2531 3995
1538 653 2904 3214
629 35 2628 3008
36 282 3475 3516
996 2999 1617 3060
1296 124 3487 3146
322 2260 1384 3530
1201 400 2237 2469
2317 318 2789 937
1110 1344 2958 2824
1447 996 3540 1919
1197 401 2336 2724
176 3077 3303 3899
1396 209 3445 604
419 1927 2803 2437
1669 915 3351 1767
839 353 1778 1644
2750 98 3333 2930
1058 1754 3254 2077
323 2517 2847 3887
3251 900 3911 3871
2445 1175 3360 3754
2382 1142 3926 1490
1753 2442 3675 3553
1047 2555 1117 2564
1963 73 3441 2011
1499 84 2523 3635
781 842 3539 3490
1758 126 3958 3902
294 425 2272 2473
934 345 3137 1325
2688 679 2950 3547
1667 1101 2594 3415
1009 3190 3758 3819
38 1658 399 2729
340 207 1040 3127
1427 431 2128 3372
937 288 1017 1431
511 394 2066 2983
3800 2009 3952 3287
560 1627 2709 2710
950 1702 1085 2226
383 2242 1547 2978
324 569 1318 3755
545 867 711 3242
1070 1230 1360 2258
223 1120 2777 2254
3057 826 3998 1316
147 1540 3821 2600
367 120 3305 1536
894 440 2410 3580
1062 2700 2139 3791
148 1224 608 2716
1210 2806 3828 3498
730 107 1023 1667
1557 954 2242 2758
514 1609 2751 2727
2938 170 3023 2519
3061 349 3588 2636
2622 519 3420 1527
1366 1736 1498 2271
559 2036 2781 2731
990 3814 3647 3843
46 1286 1919 3809
963 322 2494 2866
841 1844 2586 2423
892 643 3888 3772
598 617 2512 1499
3085 1601 3220 3852
3321 1305 3530 1581
1988 928 3732 2684
1221 3193 1738 3409
146 419 3457 3570
1073 1000 3712 2065
1132 763 2924 2436
505 124 2769 245
649 345 3338 1796
197 1048 1299 2343
1773 300 2813 1787
3240 1316 3824 2705
798 615 3684 3228
393 1007 761 2622
887 1642 2886 3565
1005 903 2679 2335
2730 1725 3351 1884
1484 715 2408 3601
3170 1568 3936 3223
1879 1616 2957 3985
1191 364 1873 1742
1675 69 2549 1346
1341 450 3227 1311
2133 2026 2380 3389
673 2261 2037 3914
1694 3438 3996 3562
2402 972 3354 1535
684 1438 3811 2842
2691 2228 3654 2751
2205 719 2583 2531
1910 813 3067 3765
32 3592 3371 3890
502 1127 605 1550
2155 343 3134 3547
2911 934 3626 2621
52 531 1245 1927
197 839 3664 2640
892 2037 1967 2185
231 54 253 798
1091 3070 1093 3469
351 883 768 2402
691 564 3496 3560
1090 240 2293 3679
789 2253 3494 2493
1271 787 2554 1506
34 3327 376 3704
1536 773 3092 3743
1516 1858 3594 2269
65 956 380 3882
969 1968 2396 2578
676 3459 1489 3954
1129 1780 2946 1877
1520 974 2952 1187
1123 859 3371 1704
1104 1247 2699 2735
1159 32 2938 1125
2768 1829 3482 2914
961 333 1779 3919
2436 615 2573 3127
425 1304 1037 1472
950 3658 2122 3905
1658 920 2033 3270
710 281 2835 2289
1961 2721 3144 2923
1031 540 3628 1451
2725 378 3303 1478
1155 1140 3807 2493
731 1873 1702 3290
1954 1624 2848 1948
1023 552 2448 3018
2307 404 3121 3532
2941 1877 3101 2339
974 1814 2387 2786
511 3444 3812 3635
19 409 762 3622
1725 2965 3633 3374
1043 2530 1256 3806
1307 101 2015 250
1741 1653 3464 3202
814 384 3596 438
79 2179 2492 2900
1391 622 2427 3037
2637 1546 3007 2179
3462 650 3879 1961
3051 2384 3710 2417
5 113 2498 1118
412 460 3733 3826
180 169 1040 1658
3558 3157 3807 3400
616 2802 1211 3099
1353 859 2799 3564
2487 980 3632 1819
590 1657 783 3702
1561 486 3766 1576
399 885 511 3149
566 123 975 3324
2712 1614 3639 1778
3351 623 3472 1425
609 3129 3660 3436
757 3844 1215 3998
538 787 1288 2812
242 495 3563 1170
2305 1928 3099 2946
1288 139 2618 3908
692 1585 2953 1624
211 236 2447 1965
98 2147 1804 3427
1151 2063 3221 2200
2138 1273 3978 2996
658 1956 2496 2634
420 283 1020 1609
1792 1329 3527 3333
1691 732 3129 1418
566 455 1381 3048
1047 1336 3334 3604
1836 106 3830 507
3143 622 3548 1070
945 2276 3756 2623
272 159 1562 1363
637 1417 3547 2243
754 152 966 586
1639 1886 3463 2297
1090 1323 1700 2066
1229 1166 3319 1695
113 978 3585 2876
2424 1689 2872 3603
779 1103 924 3773
2786 812 2850 1140
2615 821 2966 2093
1636 3412 3921 3822
1080 3468 1592 3982
1823 2009 3974 2696
418 276 3778 615
1321 899 3174 2999
2492 2691 3435 3951
2066 669 3164 3509
1518 1698 2032 3564
2336 2267 2616 2701
464 777 2649 3004
402 698 3568 1365
1056 72 3975 1273
1752 2031 2770 3230
156 402 515 979
466 1998 1454 2344
1903 3728 3297 3932
578 565 2031 2787
1897 164 3329 536
719 1979 1807 2593
418 1112 836 2569
429 2694 507 3995
42 389 1318 3602
376 1166 1305 3705
2037 1798 2066 1856
260 3861 3971 3870
623 861 1486 2487
1612 1137 2477 3278
1518 469 1982 3212
2210 1778 3477 2618
2476 566 3611 2048
689 33 3113 3069
1596 259 3536 2447
3058 1420 3866 3533
1996 69 2537 2250
1021 406 1248 406
1491 3186 3547 3599
417 1550 3002 1774
3466 2431 3768 3803
1900 482 3451 3735
421 2043 2892 2534
122 1677 3510 2888
1301 834 2018 1855
838 108 1395 1776
416 52 1598 228
973 1795 1537 3084
1700 422 3220 1114
2459 1101 3095 3124
2358 65 2620 1141
130 149 1607 875
3248 1578 3699 2362
759 1483 1656 2125
2619 2312 2809 3793
2902 371 3251 2590
178 1259 2086 2162
268 506 2176 1744
2573 2832 3669 3443
3360 351 3397 1109
20 643 3416 921
1722 2912 2893 3194
2886 915 3775 1868
1446 170 2240 2441
1163 2027 1398 3458
2326 3660 2506 3810
2331 937 3102 1435
624 3441 2600 3703
2193 1432 3266 2310
3402 18 3925 3057
2052 2089 2787 2492
393 338 1374 466
861 1774 2347 2239
413 2359 1245 2928
1915 3433 2968 3998
293 3513 2765 3631
3425 2184 3462 3086
7 2449 2067 2467
1470 3061 3965 3333
2250 542 2995 1052
2077 841 3146 1882
596 227 2859 1903
321 3206 1017 3386
1724 245 1845 3454
1367 2267 2766 3363
914 278 3961 1051
1357 1295 2215 2972
1572 221 3471 1167
2206 1790 2705 3147
1205 1092 1327 3605
1301 10 3958 1584
3062 855 3561 1150
2657 1050 2819 2175
1998 75 3526 1181
72 1959 82 2113
2795 2315 3835 3873
772 1958 1125 3260
1128 268 1747 663
169 30 3436 1614
2002 1909 3160 2964
1922 1144 3889 1482
1195 1000 2351 3551
1629 2849 2209 3403
264 1780 1232 3455
1252 1673 3507 2307
1480 1863 1797 2582
714 1131 868 2384
3172 10 3668 1815
88 285 2783 2083
434 2762 2396 3937
411 1879 3938 3757
562 232 1158 3603
2108 1565 2744 2979
895 759 2763 2751
166 266 2479 3718
2015 1947 2251 3103
1811 860 3593 2665
1109 691 2675 3951
186 1736 2078 1791
1937 587 2580 3531
1722 530 3244 3550
1898 125 3322 1762
286 24 1170 1196
1363 419 3795 1184
2949 1184 3301 2812
449 1803 517 1949
782 248 3307 2141
518 1104 1872 3740
318 133 343 2047
359 1124 3722 3491
2018 279 2261 1239
2932 31 3135 527
211 1088 1807 2047
3304 3560 3925 3893
1817 653 3188 3836
256 2747 2146 3750
720 878 2072 2743
2363 1589 3385 1619
1833 2497 2981 3851
383 426 801 548
2403 228 3088 2880
2148 914 3805 1289
3109 1677 3379 2282
1230 1195 3072 2010
2454 1941 3568 2242
1915 1202 3983 3135
1984 2699 3975 3938
2291 1123 2293 1218
122 1941 657 1961
1664 35 2997 3394
17 3565 2123 3626
985 2176 2926 2793
2982 1424 3053 2397
1231 1498 3425 1654
2773 85 3664 1558
371 2843 3873 3482
854 2446 2092 3250
3535 163 3708 1792
156 1595 1472 1963
1611 3251 1782 3365
360 2895 1895 3295
1573 211 2975 2305
2762 799 3337 1623
1235 3469 3278 3856
1425 1661 1652 2715
433 581 2430 2537
1487 614 3156 1257
128 690 2175 1783
308 2204 3582 2252
2113 714 2816 2620
1570 1026 2335 1352
1711 627 2900 2810
179 311 2863 1958
464 706 3342 3784
2154 1713 3785 2555
1296 897 2603 1383
1110 2228 2466 3718
52 1066 3382 1390
572 1957 2640 2676
893 3615 3171 3959
2326 1291 3339 3987
3012 2882 3643 3870
2343 2519 2799 3313
922 1731 2873 2638
1998 340 3243 3364
2163 228 2978 1449
3302 1594 3873 2658
3650 921 3898 1967
237 648 2235 2854
2105 65 3434 2013
2940 1259 3525 1287
3677 1852 3721 2404
533 1002 926 3480
2564 637 3039 2726
2168 2911 2435 3593
2084 1835 3176 1912
497 379 2005 2132
2237 975 2301 3139
751 370 1730 1636
1404 1359 1884 3411
1913 691 2831 1331
2240 1693 3448 1974
284 107 2301 3297
681 2201 3345 2743
137 2795 639 3828
2200 2528 2429 3397
2 983 3694 2641
2759 2513 3697 3183
921 1793 2351 2186
1109 1202 1801 1395
737 906 1070 2887
1152 1431 2615 3080
159 1155 464 3190
1779 225 3983 3011
561 3074 1490 3224
2684 1236 3428 3863
1612 592 3882 1838
2274 2386 3438 2615
1789 2455 3003 2562
1418 507 1954 1759
1598 1024 1747 1878
2740 2352 3266 2767
2625 1194 3701 3920
1060 461 3616 583
60 667 1947 1883
444 3231 3353 3864
345 1101 3937 3242
670 284 2848 2238
2449 1124 2970 3136
855 951 3823 3499
2962 281 3100 3581
708 1256 1832 2278
87 2358 539 3025
1851 159 1905 1296
381 248 2167 3325
762 3391 3033 3860
927 392 1246 1102
1359 852 3550 2776
1547 1290 2072 2952
676 97 2773 3297
166 269 1432 590
335 2018 2899 2410
2121 1256 3230 1833
164 138 3258 3432
794 1397 2873 2283
1523 757 1645 3595
2147 357 3909 724
3431 494 3860 3914
1201 1128 3345 1655
25 1651 3338 3143
22 38 2806 2872
434 422 1492 2615
40 2625 1520 3548
2818 128 2947 3439
566 1658 3433 3051
448 829 3779 3057
278 1907 3983 2420
2885 2214 3725 2767
1035 559 2884 1529
2081 292 2725 1872
807 2334 3255 2387
1833 998 3207 1847
1680 95 3525 2950
1821 243 2602 1862
2567 2310 3189 2439
1231 1663 1509 1883
1361 1835 1532 3438
1498 13 3872 3733
65 2546 3590 3942
1123 3354 3952 3637
807 434 2593 2679
287 624 1566 837
3308 2192 3945 3092
1557 707 3212 2086
2769 3358 3371 3464
82 2243 3188 3634
90 2666 2182 2769
4 2697 626 3905
707 338 3293 2078
249 253 1102 828
1127 12 3551 419
3275 1663 3944 3754
244 299 1467 3022
350 1140 1441 3997
328 898 823 3261
1261 2386 2337 2513
2063 3390 2604 3765
296 464 1420 681
1749 1898 2012 2557
839 1657 1564 2466
100 1639 3082 1705
2877 1739 3304 3970
2572 1837 3594 2229
1102 644 3495 663
1193 365 2509 1769
1655 2394 2065 2782
2149 1109 2342 1653
1015 1153 1293 2606
527 2921 3390 3227
1785 679 3759 1216
432 1309 3703 1416
700 910 2450 2769
396 2310 2310 3183
1525 1962 2024 1970
598 942 1058 3646
577 1745 1845 3618
2731 2699 2961 3959
2800 2189 2847 3185
2259 130 2670 3360
1008 187 3292 3109
2061 925 2945 2567
1067 2201 1113 3824
157 476 1334 1112
362 731 3128 2569
1211 2015 3142 2878
1502 46 3550 549
458 661 2357 3804
2991 295 3220 2402
27 709 3909 3472
1573 380 3306 2593
274 3114 661 3361
650 400 3717 2775
1408 1924 3305 2678
1084 1661 3620 2908
129 739 721 2808
2461 390 3731 1470
3784 2810 3796 3709
482 2066 1894 3741
1882 469 2493 2557
3348 595 3476 2887
1577 224 3589 2968
2434 204 2513 2822
1415 1816 2559 3034
19 2464 1060 2569
3081 576 3850 822
299 920 806 1884
285 325 3069 3143
1200 430 1514 3310
632 914 2587 2046
1158 540 2062 3544
2841 1468 2884 3162
1628 145 3882 3922
2058 299 2686 1396
1620 256 3887 2320
1399 1682 2647 3780
209 379 3574 844
845 2772 3660 3697
2999 1745 3683 2644
2595 311 3228 3839
2978 1881 3953 3746
978 866 3735 2399
711 2529 2756 3899
3657 1420 3734 3241
1033 1286 3338 2797
1204 194 1393 2599
2655 2703 3236 3903
523 2192 985 3816
1714 2261 1994 3494
253 2416 3159 3601
127 1202 895 3918
229 1001 1667 1172
2147 1138 2437 2070
418 204 2646 1327
940 1632 3827 1869
1005 1683 3228 2988
674 1492 3515 3647
1527 1937 2968 2084
794 2102 1127 2554
328 1117 1837 3383
47 1864 3109 3399
52 522 944 2118
1037 2109 2191 3570
1043 1910 1433 2736
946 2500 2620 3931
167 313 2587 1079
604 474 1444 3716
1903 739 2868 1591
2956 1929 3658 3141
481 1283 3205 3066
2854 563 3857 2672
2987 2077 3884 2388
1087 3210 1855 3235
658 985 856 3218
1295 233 2272 462
483 152 3826 619
1844 347 2186 3955
3760 1838 3983 3813
2001 1887 3015 2165
1073 1943 1643 2567
181 3149 3810 3798
13 392 2426 3209
3193 57 3868 1209
1250 1019 3350 2396
1592 2074 3187 3249
2195 1609 3085 2402
174 1401 369 2978
1545 533 1643 2903
6 1163 3811 2562
364 1960 3074 2307
312 1252 594 2386
1983 3372 1989 3855
1405 2515 3405 3349
3004 1496 3563 2020
785 596 2010 3439
51 430 2867 1891
2223 455 2696 3812
1091 891 2373 3447
1275 216 3022 2949
357 1372 2847 3817
2961 1183 3232 3110
1959 3764 2516 3960
176 2932 3116 3513
2090 977 2510 1760
2892 643 2896 2327
1621 680 3754 3310
244 720 3909 3143
1151 513 1325 1202
2976 1130 3910 3696
917 505 1810 2817
5 2860 2706 3997
822 1229 2497 3339
212 1680 2497 2462
299 3677 2613 3895
1199 304 2135 3825
859 698 2202 1972
1334 1210 3463 2956
1251 2490 2862 3872
775 108 3235 525
2009 1538 3764 3909
712 1280 2226 3814
994 884 1177 2248
706 1115 959 2236
2567 3220 2837 3463
2047 127 2688 3301
827 1209 981 3223
678 584 2300 2113
1156 251 2889 2959
273 540 1721 3125
2622 178 3224 693
523 1626 850 3823
1053 985 1266 3267
903 2007 2044 3465
742 2680 2427 3363
2703 1793 3870 3008
1929 1621 2470 3163
474 1695 2725 3721
862 2352 1454 3182
394 516 924 601
1299 904 3628 2949
320 2170 3096 2949
63 932 943 2910
1228 1662 3694 3315
332 2004 3477 3389
2620 2060 3061 2193
3187 1140 3854 3762
690 1635 694 3673
1431 926 3088 1732
1711 485 3292 1275
365 1970 3628 2913
919 67 1724 2017
485 21 3991 3804
2018 1582 2310 3268
1352 1562 3507 2787
931 857 2872 3370
69 849 2427 3712
1562 763 2821 2253
700 2716 870 3164
1042 942 2407 2935
659 728 2649 3606
1980 1569 2963 2455
454 3597 3894 3634
797 1532 3330 2835
616 1656 3320 2985
710 961 3708 1857
1508 2528 2198 2535
830 288 1605 2379
130 185 717 2087
1839 3219 3092 3624
2323 1033 3142 1687
163 665 2775 3460
2930 501 3877 2418
1067 3695 3958 3842
1722 506 1917 2702
714 3013 956 3260
2710 101 3497 1224
3076 1200 3284 1679
626 1943 2134 3402
1522 2646 3487 3552
117 2300 259 2900
531 672 2748 2355
355 3473 3407 3771
466 2719 1984 3464
776 1590 1367 3132
1646 727 2837 2630
957 875 1387 2646
66 1645 2590 2372
885 1193 3185 1941
2368 2082 2514 3932
1579 1582 2486 1817
740 3053 1614 3228
2686 183 3971 1544
1552 1762 3551 3454
1613 2162 3510 3895
92 2396 1520 2646
113 178 2090 1781
207 1026 2763 3544
3290 1718 3653 1974
2139 2106 3587 3125
461 3019 3570 3855
42 557 1154 2232
1715 1572 2288 2603
2914 1165 3979 3895
1256 1488 2986 2357
236 3168 3777 3549
1402 1342 3104 1835
541 151 638 346
1213 779 1462 2938
3034 2642 3530 3202
2886 853 3156 3719
870 2761 2331 3437
380 502 1034 1788
525 478 1944 3296
1482 3972 2304 3987
743 1322 778 3973
1215 84 3444 416
3730 688 3972 1112
1908 2606 3565 3166
674 3407 3335 3746
922 2542 2828 2774
1130 1336 1524 1729
1818 2306 2747 3049
3253 3158 3716 3190
1555 1092 3947 1143
381 75 2723 3199
3326 526 3881 1452
1442 75 2605 460
209 3265 2793 3525
814 1084 1522 2067
2219 748 3351 2370
763 288 803 2289
3244 2812 3958 3314
440 427 3919 2080
1025 1354 2994 3191
234 1564 551 2152
148 1285 990 1836
874 210 3867 3576
1909 696 3851 2720
3059 2685 3505 3055
1441 2043 3643 3902
520 61 2137 2536
15 1746 3841 3741
3318 966 3616 3123
1707 1172 3048 2250
27 269 1455 1674
644 2813 1367 3516
2355 2159 2621 3015
290 1756 1121 2527
392 3082 2649 3250
1967 128 2162 363
358 839 928 1485
192 2406 3689 3910
2910 1572 3030 2813
2046 817 3303 2661
1116 1393 2452 3668
1131 911 2574 1437
1258 290 2114 2729
2088 808 2200 2619
2348 196 3659 925
1011 3046 2714 3257
3271 765 3481 2860
1854 3397 3554 3485
1554 913 3251 2157
103 1000 2488 3457
2430 1807 3594 2276
931 704 3982 876
735 697 1007 3699
3354 851 3597 3769
1260 1179 1618 3587
3350 979 3652 2614
2218 115 2940 2309
1105 456 2208 3785
99 2681 691 2823
1538 727 2964 3732
1248 68 3955 294
617 1949 689 2639
862 1468 2037 2158
567 2963 3890 3363
769 2178 1105 3310
2420 779 3864 2895
229 2191 3792 3058
1483 1419 2279 2358
2478 1231 2981 3641
711 2437 1505 2603
268 2859 1439 3349
182 455 3164 1550
1563 738 2067 793
281 2415 1218 3890
226 1471 3440 3217
2398 1408 2464 2114
975 648 3907 2455
124 1602 2065 3819
1393 296 3313 729
1611 224 3694 2425
1128 2209 3559 3839
2151 1335 2268 3111
1306 2019 2006 2621
618 102 1114 1791
1175 2699 1281 3372
2574 2964 3531 2993
1177 135 3397 287
1222 144 3375 623
136 1070 3672 2669
2049 1919 2163 3473
2396 808 3754 1361
778 3240 3696 3368
2587 547 3152 558
3239 100 3501 3512
2733 1307 3589 3940
2967 2783 3131 3379
52 1329 858 2427
2334 1986 3027 3662
2527 727 3389 3709
1588 636 2061 2864
96 216 2519 3145
839 971 2343 3490
1007 950 2075 3252
1329 234 3506 370
1674 365 1973 1281
834 1737 2484 1882
925 253 2095 3304
316 866 2694 1637
2875 3072 2983 3770
244 782 2514 3106
872 3261 3629 3635
319 1435 2124 2111
708 2652 3986 3401
1945 880 3858 1908
2451 167 2898 3676
1017 2811 1688 3335
1284 592 2435 1840
2517 1969 3626 3247
747 2686 3660 3883
945 550 1268 3843
2203 634 3980 3073
1859 2135 3106 2360
2324 299 3888 2176
2295 396 3498 1624
1066 1237 3779 3658
397 505 3104 2137
1504 1138 3700 1700
2134 3302 2620 3595
1855 1462 2874 2420
629 418 654 2021
1574 242 3845 343
553 2379 625 3922
1721 3787 3524 3954
37 1305 3310 3640
234 456 3918 3793
1602 383 2729 3320
634 995 3346 2224
284 2054 3716 2755
962 196 3252 2033
1927 855 1932 1788
2390 1430 3544 3334
457 837 708 3636
325 856 3201 3918
948 162 1962 3557
83 1852 471 1900
3820 3048 3985 3278
1416 1940 1893 3993
218 1522 1631 2207
2164 2305 3240 2969
440 972 1328 2943
1094 1254 3370 2043
2378 2851 3354 3653
244 6 401 898
1513 1030 3601 3037
957 2586 1332 2681
1195 1202 1208 2744
1875 1436 2856 2990
1551 1226 2866 3030
1738 338 3690 1783
1459 1136 3327 2997
129 3166 737 3523
1123 1396 3778 2535
1057 1854 3986 2359
3096 1560 3139 2289
479 803 1929 1502
1181 3041 2514 3749
3207 2430 3589 2766
2266 57 3501 2849
862 727 2552 2979
1486 458 3185 2599
465 1472 1362 3269
1325 584 2380 1940
2474 695 3392 1172
2663 1268 3743 1447
1561 1444 3622 1770
33 2809 3798 2877
664 1838 666 2759
1591 221 2982 3695
2310 1278 3676 2118
1505 70 2154 581
320 1106 1895 3579
2101 1170 2691 3275
954 293 1734 465
1958 1036 2460 2756
2523 1718 3582 3955
916 717 1689 2295
2401 1148 2639 2583
521 1712 631 2088
2870 1318 3653 3108
3081 171 3527 2430
121 234 3236 3719
193 1572 908 2642
528 1 529 411
3515 785 3604 2854
2057 2578 3492 3779
1556 748 3474 2873
3053 418 3288 3071
719 2284 3249 3319
893 2251 2486 3003
2920 2872 3903 3706
1107 371 3545 3035
2348 646 3347 3049
2339 3566 3736 3826
1603 617 3226 3613
290 518 2154 1697
1271 660 1901 1561
480 1462 1621 2449
634 841 2449 1360
1619 2751 2855 3720
1639 808 2896 1927
745 797 2087 3044
710 674 2962 1568
2063 2205 2174 3517
1830 169 3328 2426
2123 2603 3108 3321
1425 815 3552 1263
1184 914 3195 3752
576 1394 1427 3546
1395 57 1620 1350
111 3115 1532 3779
2636 3209 3818 3536
512 556 2493 2312
1800 560 3280 2555
1025 481 3591 1740
1294 1448 3549 2311
1224 870 3899 995
3316 736 3654 2449
2912 1446 3647 3967
1308 2077 1315 3359
7 638 1410 1991
391 1355 3723 3102
391 950 2156 1370
1826 1783 3195 2483
247 575 276 2507
40 885 3758 2747
2415 890 3329 3993
3214 666 3635 1804
632 221 2235 1742
2521 77 3035 3543
961 934 1100 2912
143 537 293 1530
131 2423 1380 3699
143 996 3460 1178
846 1414 2168 3117
3845 138 3929 1434
1660 606 2264 1368
1142 228 3249 3563
1141 895 3719 2680
405 269 3430 382
2182 2012 3835 3377
185 609 3572 660
786 1566 972 1687
209 417 808 1210
164 1370 547 2466
2482 2435 2690 3386
3077 391 3521 3345
1815 980 3592 1833
582 2216 2570 3669
3628 1730 3889 2221
2027 121 3769 706
642 3643 1887 3844
860 1993 3422 2663
1629 577 1886 2164
1394 254 2124 1549
2788 3182 3615 3671
1510 2296 2293 2656
220 2691 2179 3900
2365 2414 3751 2828
1025 201 1387 2496
1012 1704 1805 1990
3151 1790 3432 3828
1993 641 3137 822
911 2532 3407 2611
2190 2259 2765 2596
81 1675 3255 1780
78 3120 3817 3578
809 3357 1957 3789
1956 208 2744 2735
2764 883 3290 1905
2803 2037 3717 3999
3141 1565 3604 3608
2169 1502 2496 1689
2583 1650 3656 2665
1457 1515 3709 2000
934 3008 946 3396
3584 3224 3682 3469
1533 1967 3619 3983
759 2210 3046 3544
2308 219 2530 3508
1517 284 2660 3409
2034 618 3937 2186
629 1876 3926 2505
657 2097 3554 2718
280 100 1527 703
421 3022 1794 3724
1889 868 2820 1978
1581 2711 3911 3161
2568 2281 3616 2296
1343 475 2560 846
934 113 1643 3379
1095 206 2954 1201
479 1175 1183 1973
2638 952 3870 3223
839 347 3113 2439
666 896 3689 1506
1532 3245 2326 3486
1206 652 3604 3461
434 1388 2880 3573
1072 2271 3055 2951
185 340 1571 769
921 539 1925 2674
439 1564 3034 2176
862 123 3726 3496
296 234 2145 2489
527 2891 1901 3381
2523 853 2670 2767
2187 936 2335 3107
1718 1105 3464 1112
233 107 2476 2242
27 1703 1209 2303
60 245 1652 1588
527 39 795 1134
1182 1187 3795 2857
643 1754 1804 2949
64 44 3966 651
1630 3813 3150 3955
619 1188 1602 2003
2279 1674 3444 1987
221 2209 2859 3414
47 2899 995 3693
2634 2396 2924 2886
591 1222 1875 3434
396 3142 3595 3891
1976 1428 2060 1740
1755 2659 2849 3358
23 259 1781 1246
1187 503 2964 1910
345 687 1612 1908
30 1396 3398 1595
447 1682 1314 2084
3225 83 3475 2361
1544 804 3941 1818
1637 615 3903 3423
1701 3278 3902 3861
346 885 2836 3265
2019 2401 3144 2835
1909 2561 2353 3490
2063 2411 2418 2640
1485 1341 2427 2328
1455 692 1763 1514
2432 1673 3210 2470
1546 1167 3289 1626
1141 954 3650 3091
719 2170 1471 3763
1148 487 3319 1065
331 1204 2110 2664
1826 56 3068 2046
1595 639 2575 1698
1486 930 2981 2246
1612 1160 3524 3324
1288 1029 3273 3923
295 103 2806 1797
1873 453 2879 659
1914 3226 3536 3758
54 1835 1286 3061
2862 221 3109 1354
1368 481 1718 2755
283 1748 2341 2150
2790 147 2926 759
870 1261 3503 2460
1700 475 2058 3979
1078 687 1761 1949
363 75 2484 950
3261 1415 3722 2856
352 558 2649 1070
1720 2980 1906 3527
803 842 826 1795
3076 1865 3779 2747
1323 6 3666 1401
272 2513 3121 3146
1551 894 1901 3994
379 930 2817 3488
1442 947 3984 1291
948 1781 3044 3243
417 2149 1621 3056
2591 2167 3038 3279
2559 1626 2675 3159
1286 2084 2033 2445
1284 2189 3276 2447
1194 2293 1359 3678
3163 907 3306 1762
1757 3373 1890 3953
519 40 3561 246
973 1058 3811 1607
32 3396 2388 3440
1416 2190 2412 2826
2117 1817 2215 3126
2250 1732 2796 2091
1325 1343 2511 2553
1111 3111 2483 3153
1958 155 3596 937
3006 2867 3643 3937
3767 1791 3976 3138
1210 2841 1641 3998
486 1208 1144 3297
1483 454 3549 1665
2992 1279 3543 2310
3016 1608 3779 3777
1154 2494 2882 3168
154 431 672 2568
1793 2970 2231 3583
1562 338 1822 3226
1494 1082 2217 2917
2126 1290 3413 3162
2239 925 3617 3251
610 1851 3095 2730
395 453 1126 2806
1312 1910 3510 2421
3288 1101 3928 2393
1219 1835 3264 2797
2964 1397 3858 3963
3005 510 3711 2390
766 1305 1279 3542
76 353 2997 397
1113 43 3926 3251
2457 1033 2544 1939
2024 1779 2613 2617
1443 495 3130 2988
2758 1994 3397 2178
1555 1383 3184 3040
984 1434 3954 3558
73 1200 1638 1285
76 1916 773 2575
524 1137 684 3828
2029 66 3505 1409
3315 71 3934 1550
80 507 1247 1565
267 1668 2638 3433
1224 1158 3774 1882
1135 2731 3094 2926
940 422 2779 463
234 972 868 2968
1840 3245 2294 4000
1125 2086 1841 3983
354 1716 1455 3712
1289 2665 2286 3314
650 1903 2519 2822
460 33 3306 3515
2940 1384 3445 2911
1994 1086 2838 1738
1440 1324 1824 1876
1297 2065 3606 3504
2605 457 3794 1000
182 311 2747 3159
555 2135 2248 2151
734 3057 1587 3589
2114 532 3412 1741
75 334 1558 1269
70 240 1351 337
1798 2337 3279 3225
2946 1608 3401 1794
3253 715 3681 939
1351 3142 2863 3809
2312 2197 2398 3059
1706 3627 3720 3772
1802 1265 2883 2000
1876 416 2528 2370
1347 876 3477 2409
660 186 3790 2534
2485 2035 3968 3671
375 653 3276 2176
425 229 3377 1937
563 2749 2197 3714
1688 1404 3878 2458
1379 1114 3813 1401
1855 551 2436 2504
215 400 2721 3686
758 1887 3949 1957
2687 2656 3866 3191
237 761 1694 2354
1030 1260 1178 3351
1512 147 2293 1143
3873 247 3926 649
106 1567 913 1867
468 955 3376 1302
2107 2572 2910 3557
1842 1345 2630 2680
1065 428 2147 943
82 448 2579 3687
90 367 614 1985
359 485 3386 2688
809 1678 1256 3188
1 1164 575 3924
386 2231 1328 3042
1219 2720 1959 3355
519 2704 2912 3148
1056 63 1131 2179
2924 1661 3074 3015
410 1237 639 2902
1164 3136 1652 3540
75 1635 1072 3093
3609 21 3705 2694
1685 431 2820 3711
1028 3554 3066 3789
466 2236 1061 3366
1414 238 3646 407
3450 1855 3782 2814
1992 216 3250 2479
2514 1564 3358 2770
448 2808 1872 3730
769 2837 2081 3673
2394 613 3808 2968
640 572 2109 949
208 2663 1202 3218
1932 1736 2159 2249
867 2134 950 2512
1619 731 1713 3518
2925 749 3110 1858
1062 2429 2227 3263
805 314 3154 3460
471 2863 3580 3139
1985 697 2999 3797
1068 2380 1755 3561
349 634 2165 1330
2819 849 3482 3348
126 316 2965 1172
128 1997 2764 2577
3822 698 3875 1026
2373 1005 3673 3562
1103 341 1305 1221
341 475 946 2571
2950 1446 3007 2773
43 135 3743 258
529 1974 2803 3405
752 2324 1588 3501
6 87 1522 3245
1324 725 3058 2462
1950 346 2824 2577
1505 962 2200 1169
1065 1636 2204 1759
1586 1214 3940 2843
2189 1997 3291 2513
1030 2141 1182 3153
875 1176 3670 2678
3069 724 3848 1653
1062 2350 2406 2669
1323 1594 3249 3568
2386 2603 2997 3456
2999 578 3114 611
3346 1911 3398 3234
841 555 1384 3132
277 459 2102 2645
2409 274 2954 3962
435 1996 3993 2662
2583 904 3105 1363
3484 694 3567 3956
2867 1078 2896 1410
2813 1408 2971 3678
1576 1056 3662 2187
1066 1195 3348 1499
1685 810 1891 2049
373 351 1276 1114
9 2175 3323 3852
697 1638 2305 2642
1014 616 1231 769
2457 781 2505 1912
1634 1123 1736 1662
1226 1940 3244 2015
1532 1871 2092 3042
678 291 2113 981
0 2603 2978 3080
1321 1475 3507 2762
318 1511 978 2374
1511 171 2554 2413
2067 2157 2669 2254
3486 12 3688 285
1166 2479 2665 3800
1685 663 2442 1381
2236 2557 3697 3622
372 499 2313 3109
822 3223 3994 3245
1525 1420 1586 2596
3034 2723 3372 3400
1829 2225 1971 3094
1981 2718 3462 3791
1092 2159 1678 2571
1719 1760 3945 3581
990 142 3543 1018
2495 1195 2887 3587
26 1649 1559 3335
296 2120 3180 2378
1445 1013 2351 1896
2037 720 2071 1397
1450 1490 2571 2561
130 609 1630 3314
41 329 754 1437
1272 796 3128 3273
52 1422 2097 1932
2725 996 3450 2061
1124 2668 1124 2973
1606 171 3990 2274
2306 2494 3448 3413
1712 993 2941 3454
1665 688 3348 1481
2695 726 3188 846
3066 1410 3705 3522
1406 22 2405 141
2092 2062 3729 3279
1026 50 2617 2232
2147 1076 3122 2993
441 1628 3765 3686
816 2665 1147 3360
1896 141 2339 2585
2604 1326 3837 2954
217 1107 608 1141
904 2351 1327 2838
1961 931 3514 1971
1973 1458 3159 2917
2477 490 2858 2213
1135 1756 3216 3624
839 68 2263 1460
549 305 2183 810
202 533 1962 2510
128 890 2442 2667
837 1113 3293 1227
3070 1143 3643 2882
1046 221 2372 3487
844 3126 1834 3373
1378 19 3510 724
1113 2659 2412 3280
3130 241 3227 2332
1938 1159 2868 2009
2693 1322 2749 3586
786 1132 3723 2903
2144 3305 3015 3614
54 831 3946 1925
2103 420 3629 1255
507 1885 2148 3616
1044 194 2820 718
1949 2777 2707 3050
1785 582 2389 2107
1047 2756 1388 3675
909 1280 3117 1588
1714 10 3512 1294
3174 1105 3675 3766
1232 2058 3407 3486
1430 467 2395 1746
26 1340 2641 3395
1458 2137 2518 3379
176 2079 2185 3600
2383 1419 2740 2057
2658 2857 3451 3839
1946 2073 1975 2324
1102 1117 1311 2121
1854 329 1962 1965
713 2388 3267 2550
2016 2345 2752 2734
142 298 1116 835
1178 235 1276 2334
449 598 827 720
726 76 2717 2999
2958 1040 3252 1895
1692 2775 2651 3749
728 1200 3716 3830
2131 145 2486 849
251 414 1015 3307
2351 385 3203 1969
1169 2900 2137 2958
197 265 2164 2645
1305 892 3604 2368
2356 914 2840 1414
2102 1266 3528 3069
358 515 728 2022
37 1055 2623 2287
960 1377 2375 1828
3363 190 3893 3078
1385 1225 3308 3286
162 113 642 117
1237 92 1580 2985
831 1598 972 3547
208 2993 1431 3988
2224 618 2874 3361
2322 1525 3340 1803
2424 3080 2988 3976
619 1525 735 3594
3336 1616 3440 3191
1984 239 2382 3655
3 3563 2598 3789
311 1661 1944 2062
1212 193 1361 1887
2607 1996 3665 2683
179 634 3816 1328
204 1602 729 1893
1114 1008 1392 3362
1090 1745 1825 3676
602 627 2775 3594
1505 2596 2105 3386
92 755 996 1965
617 157 825 546
1729 687 1931 1565
1212 2271 3622 3498
2862 981 3992 2227
444 1067 3030 3771
2417 1602 3714 3261
258 1530 2492 3772
352 164 1831 1151
2940 2418 3495 3510
135 1764 1306 1818
663 229 768 1017
1842 1350 3750 1839
1351 10 3157 2015
790 1913 1430 3349
750 1501 1384 1524
1957 2330 3255 3097
3239 417 3808 814
1129 2086 3834 3153
2115 305 3045 2864
443 540 3676 3159
107 431 3044 2290
1986 114 3292 1718
2247 435 2409 3926
44 796 3861 1674
642 632 3551 1135
2537 2060 3141 3362
1010 1278 2627 3567
626 421 1039 2183
2037 532 3769 2669
335 2813 1300 3446
242 3082 3115 3693
1305 2800 2007 3418
811 657 2989 3128
2544 1493 3341 1726
3107 5 3921 3305
776 443 2358 3811
572 1202 2491 2714
149 289 3132 546
1129 426 1421 502
654 855 3320 3498
107 269 3369 651
1301 3273 1883 3276
752 1196 2466 3007
376 2012 699 3745
2170 482 3422 3906
1125 2992 1761 3220
1796 2219 2937 2643
426 683 1680 1069
1294 688 2072 2885
1931 2446 3401 3926
1525 1531 1540 2207
1811 1035 3277 1463
3490 341 3529 2766
538 704 3205 3979
877 2530 1276 3228
139 732 3769 1933
1394 12 3254 1493
375 772 857 1964
2283 250 3215 2972
828 1372 3423 2214
970 535 1800 2602
881 558 1515 3644
265 1343 1866 1635
978 546 1374 3754
2190 1227 3491 2306
1230 1789 2438 2266
423 262 1216 2245
22 2386 2788 2921
1175 3399 1569 3900
2406 700 3798 2096
1052 33 2776 231
734 1543 2575 2945
74 1973 1087 2904
2123 11 2727 3823
745 2746 2364 3757
261 1583 1079 2283
2164 1153 3178 2195
2136 1012 3422 1889
2157 765 2518 2269
2913 1750 2954 3379
2691 2426 3594 3989
2099 1959 3820 2706
677 2661 2698 3072
590 2115 1721 2260
446 2684 3187 3097
1757 375 3450 2372
1006 2990 2499 3644
1834 2196 2062 3384
2274 3560 2486 3873
446 778 1820 2120
1038 648 3439 3638
1587 3908 3321 3973
2005 237 2080 1812
3600 949 3945 2986
2116 219 3638 320
642 2838 2424 3253
396 2815 1537 3713
340 1783 1432 2256
68 1463 2355 2132
89 876 2548 3368
530 960 3301 3081
58 2373 231 3712
1756 419 2214 2494
2208 1471 3433 2459
99 850 1353 3526
1129 2436 3391 3976
711 1613 821 2531
540 251 2840 605
2048 824 3164 3143
328 528 2602 3927
1387 1145 3850 3404
2038 1531 3579 2580
1533 400 1938 1456
2250 1579 2495 3600
2085 724 2847 728
1695 1742 3280 2930
2729 1631 3392 3323
2323 512 3344 764
1945 3135 2309 3521
1979 986 2192 2521
1538 79 3291 654
3505 994 3914 3825
1957 1219 3105 2215
96 2957 597 3868
1380 551 1428 2601
495 1273 943 1509
1553 538 2756 3488
2808 505 3340 1232
2350 2449 3457 2680
433 508 3794 1631
2667 289 3901 1954
1605 2242 2072 3194
2777 1973 3025 3841
2249 1891 3718 2893
1939 181 2227 1879
815 2507 1060 2956
312 1398 3765 2317
3223 502 3403 2774
2506 1771 3589 3263
395 1870 2535 2792
565 1753 1760 3399
1720 2266 3925 3387
102 435 3435 841
1631 1281 2632 1717
1651 204 3096 3776
1799 2172 3809 3561
1086 197 1354 2369
1960 1391 3422 3323
721 383 3149 542
2568 93 3680 1109
17 938 871 3464
765 1665 3506 3972
960 1132 2867 3062
889 2145 1885 3476
1977 1880 3160 2331
1472 361 3527 1577
1647 831 1657 3823
890 980 1010 2470
1499 1216 2181 2863
2328 257 3784 1626
367 1008 3653 1240
1313 3464 3176 3828
957 2298 2503 3822
3344 1299 3708 1665
542 1018 1299 2506
790 500 1653 3518
1652 1857 3821 2001
1500 345 2550 1927
202 1332 1201 2322
49 1317 2721 2235
3759 159 3882 2593
1287 1614 3761 2525
393 2508 3830 3938
1353 1395 3129 2351
1773 1398 1806 3490
145 741 3481 3897
2484 659 2534 3732
1840 3493 2901 3591
1226 1708 2549 3794
481 1696 1957 3027
1897 422 2322 944
2380 297 2387 3745
2569 932 3079 3004
1236 2645 2694 3537
1563 165 2973 2200
311 606 3692 3606
698 2001 1331 2495
3395 494 3616 3240
468 2852 3191 3311
1860 60 3070 3204
3540 512 3995 3094
3698 1438 3954 3177
517 646 2001 907
2780 2719 3253 3051
201 1228 2026 3816
712 40 2893 2673
2202 398 3835 2592
855 113 928 3342
3534 1282 3965 1472
1719 2883 3770 3081
2960 1685 3656 2543
389 9 991 1441
1131 1275 3741 2475
727 2120 2523 2431
297 687 3796 1168
1537 2414 1639 3102
2434 2060 3655 3202
170 2374 989 3081
261 175 3628 2584
725 716 1849 2333
380 992 3826 3021
802 993 1224 2818
601 551 715 1329
1127 410 2247 2508
40 696 2916 3708
2799 957 3319 1814
2422 475 2480 3010
77 704 846 948
2487 2118 3070 2868
989 1459 1344 1662
1647 2816 3414 3437
623 1556 3657 2489
1758 1290 2479 2379
1603 1718 3113 2096
507 329 1489 3711
1460 386 1536 3831
2274 372 2475 852
952 727 1510 2104
1324 561 1491 1804
1389 482 1870 2977
19 1438 3673 3652
1738 729 3491 2385
738 958 1628 2688
2707 2115 3988 3160
3085 162 3275 1320
1245 1616 1289 3254
2030 566 2748 839
1289 1188 3709 2961
95 2204 424 2345
206 37 1715 1775
925 194 1496 771
594 2265 2939 2973
1509 878 2022 1221
323 629 2671 689
345 707 3182 2946
825 1186 849 1705
1704 159 2022 681
1014 2407 2691 3401
1700 90 2764 3827
51 302 2939 1371
2476 1458 3521 3622
639 2365 2690 3822
3264 872 3849 2205
1988 126 3150 637
740 175 2435 3697
44 2080 2949 3550
2736 2444 3753 2995
1637 897 2548 1543
696 1060 2895 1908
165 290 2367 3456
2407 315 3589 2454
1976 426 2223 3208
1180 849 3391 1558
1983 2184 3801 3540
1531 1133 3747 2862
665 614 1840 2834
3682 749 3759 3625
1247 753 3535 2223
2091 1021 3856 1325
2473 1034 2651 2216
2062 1876 2960 1936
572 2452 3225 3625
1459 728 2886 1128
915 2124 2246 3885
497 3446 3274 3589
101 958 1666 2371
3558 166 3657 3515
272 1834 1341 3187
377 1112 698 3614
511 160 1494 821
1322 53 1697 3275
1597 1280 3183 1713
1897 2303 3966 2979
2039 530 3631 2345
31 521 3601 2263
656 2527 1757 2562
99 569 2133 1856
840 3389 3162 3733
1907 3055 3474 3062
2790 1244 2998 3358
1642 2331 2997 3544
1959 745 2282 2467
620 220 1108 409
2489 507 2604 3141
74 2131 2489 2393
1530 1398 2318 2845
685 2272 3026 3039
2496 247 3316 1483
826 990 1498 1256
1874 68 2268 3233
1072 272 2892 3121
671 364 1591 603
667 3229 2203 3485
435 1244 561 2393
95 1367 409 3730
2242 1216 3578 3818
1331 1767 1414 3962
2444 2218 3442 3358
700 1678 1131 2561
255 62 3503 545
792 169 1062 3684
1090 3576 1255 3629
1783 263 2263 428
3792 1057 3893 2565
1198 1562 2107 2039
1319 2302 3574 3943
1614 1689 3284 3085
735 3580 2149 3828
360 2135 1352 3838
1302 391 2804 2174
994 2658 2047 3016
1428 1558 2220 2468
1937 168 3204 1572
2634 3626 3736 3819
397 103 1976 1803
204 33 3555 3832
3045 439 3380 2668
213 3059 3306 3407
1556 1534 2829 2752
3757 236 3826 3943
172 2473 1689 3471
1565 113 3478 446
1688 2096 2200 2945
584 2367 2606 3729
170 1268 801 3593
1403 1942 3596 3194
994 1193 2967 1796
1474 282 2793 2327
1519 466 1907 684
1828 3452 2709 3879
863 2180 3245 2691
1425 1831 3541 3161
698 930 3181 2287
3292 1082 3314 3820
2185 1715 2478 3987
689 1836 1651 3745
1636 340 1809 3872
332 939 2612 1508
2050 179 3576 1434
2069 1759 3888 2845
18 544 1260 3992
1296 403 3829 2705
1996 360 2660 2660
1167 616 1418 3500
2433 3216 3106 3953
2410 275 3697 3770
910 2225 3452 3902
151 992 2891 3656
807 743 3192 2046
315 627 1807 3307
2178 2033 3067 3377
2902 2071 3636 4000
2198 1375 2491 2517
615 1514 1650 1729
1525 1291 1648 1599
229 17 3018 399
728 1438 1572 3395
1160 1658 3893 2035
756 2146 1690 2575
173 2728 3756 3046
1502 3777 3158 3980
316 2521 2795 3527
844 2340 1199 3600
2821 294 3802 2113
2601 89 3586 3157
439 695 3410 3465
1450 1813 3156 3513
2049 912 2247 1968
1559 1835 3572 3683
889 2789 959 3603
756 275 1223 1886
523 2323 3800 3416
1937 277 3424 1505
2016 2702 2431 2871
1031 1421 2517 2492
1035 701 3322 3280
2130 1571 3164 1674
2607 3387 2663 3512
2656 104 3883 994
905 3275 1708 3784
2678 596 3771 3133
1624 67 2462 184
1718 3445 1963 3628
1378 1944 3373 2852
2043 166 3549 2772
3451 2553 3760 3582
480 2787 676 3976
413 653 1260 3945
1893 603 2021 2782
857 52 3843 3763
569 1692 3690 3507
2393 1375 3231 2085
2131 278 3651 2020
1714 1726 2471 3544
2700 2023 2753 2608
1007 638 3395 3255
434 1380 844 3951
2054 159 2928 915
370 1015 3740 2156
885 2076 2811 3466
2501 2018 3047 3889
163 1929 2691 2725
1983 2345 3149 3310
3144 313 3899 3558
1959 2543 3540 3332
1325 113 1872 359
2450 1008 3913 2379
2941 1344 3967 1743
1282 2962 1340 3803
1196 1455 3293 2153
524 1795 1500 3733
455 1227 1682 3321
2979 589 3299 943
1631 76 3383 2315
837 937 2257 1219
2985 613 3536 3077
846 46 2693 2768
2074 1375 2437 1867
902 106 3086 1939
51 1856 931 3059
924 342 1948 1173
1293 1872 2315 2400
1450 329 2162 2875
991 1095 3907 3062
1282 1996 3660 2817
3273 663 3334 823
78 3513 1929 3517
2331 3170 3575 3274
2903 506 3870 2847
1543 676 1978 3729
1085 750 1758 2852
2787 103 3005 2648
2864 1136 3156 1756
91 1341 652 2738
388 125 2792 1659
725 292 2575 1617
603 628 3303 3231
375 1518 2946 3745
623 2185 775 3558
2031 175 2623 3979
1319 669 1896 1688
68 1776 1643 2546
422 1126 3460 3282
2157 171 3760 2765
447 1155 3831 3549
664 3080 2886 3243
1973 466 2079 1282
1711 1916 2768 2230
2460 1894 3412 2556
1271 387 2016 959
742 49 2594 91
1796 2314 3046 2594
760 211 3111 3440
2770 3157 3372 3990
847 1734 2935 3713
805 638 2760 1314
2133 1623 3677 3131
2075 858 3335 3593
1320 890 1928 1434
1503 813 3449 2698
1733 939 3148 2129
1886 392 3971 2691
3121 616 3203 2427
2568 379 3493 913
1405 92 3155 2965
1303 1649 3464 3511
770 1087 3985 2779
283 2092 3598 2821
1437 1841 3178 3842
1929 1065 2697 2212
752 2346 1486 3479
1143 624 1246 3109
174 548 415 811
1698 913 2086 3404
262 639 1362 1102
2954 2046 3360 3150
2525 377 3443 1910
389 2021 3174 2783
1173 2985 3265 3049
2742 239 3158 3107
1529 2337 2929 2761
1582 1930 2384 3707
1384 1025 2811 1353
166 1184 754 1340
2661 1583 3650 3877
3380 49 3831 2271
1066 1791 1090 3393
1703 1514 2898 2731
1244 1084 3438 2096
648 383 2396 3237
1646 1135 3323 1553
998 2849 2060 3587
617 2360 1767 2875
136 2760 402 2841
1500 240 1715 1558
385 919 1366 3014
1112 132 2441 3593
2864 1961 3538 2236
17 51 3723 1110
1621 912 2070 2247
2049 1984 2969 2420
2421 209 3268 3638
255 2727 2251 2788
1412 1372 1544 3869
2134 1800 3189 2732
741 1277 3780 2377
480 1817 530 3046
635 1598 1334 2028
1708 37 1875 2055
1505 2388 2885 3748
159 2195 3063 3207
1319 3213 1954 3409
600 1111 3064 2491
1656 2170 3740 2509
1636 1317 3207 3169
220 884 2120 2269
141 760 3377 1721
2466 122 3683 456
1861 476 1997 646
58 1948 3485 3442
2052 1759 2484 3026
2856 360 3503 3692
1493 176 1851 3106
1189 1900 2944 3465
839 267 2873 2708
199 3297 2154 3506
1628 916 2435 1920
2992 5 3898 3108
1371 2501 2389 3583
1965 1261 3412 1951
966 254 2076 819
10 587 1362 2512
325 1378 455 3405
2945 2434 3299 3507
291 1353 887 3193
2175 1260 3093 1488
603 827 1444 2254
2996 27 3080 818
1461 1862 3424 2694
1057 2000 1549 3832
1473 3009 2687 3689
1050 969 2437 2533
138 864 1959 3480
2930 30 2996 3555
1617 1545 2096 2084
1885 1598 3572 2491
1238 438 2491 3845
1365 2066 2519 3244
363 107 1073 3798
3349 1715 3418 3242
764 411 3097 1547
2713 1389 2869 3131
893 1240 2293 3667
37 789 3108 1385
2243 3226 2834 3270
1307 411 2928 3492
374 367 1610 1677
1775 796 1950 2317
1509 416 1603 3499
1326 2960 2028 3401
1300 456 3546 3559
2539 1209 3458 3066
872 215 3547 775
5 188 3831 2061
2025 1213 3003 1574
302 364 3806 469
766 2151 2675 3547
1114 1115 2911 2949
1599 1065 3741 1462
1677 853 3956 2646
2412 208 3325 1164
2255 2236 2762 2764
438 475 1774 2598
1123 1567 1548 2184
268 300 3137 2037
3407 959 3638 3632
86 425 261 1058
92 721 1382 2320
119 675 3772 3878
297 377 2442 2828
730 1828 2817 3441
621 1966 2515 3305
1273 3104 2582 3862
3128 1428 3950 1801
1750 1731 3249 2875
1903 389 2348 570
2940 701 3860 1144
1091 987 3335 2251
2267 757 3569 1686
236 2255 3960 3822
526 3092 3774 3459
2497 824 3560 1418
2599 2565 3489 3522
3562 350 3606 2581
23 22 2817 495
2721 817 3962 1612
2252 1384 2349 3182
136 1695 536 2562
1962 286 2175 1808
645 2331 2393 2955
1746 919 2640 3010
54 1416 1919 2561
554 3327 1859 3466
792 2197 3252 2538
300 1826 3526 3481
318 2566 470 3983
1582 2358 2430 3426
441 2268 3945 2834
337 2594 3116 2931
2033 1199 2820 2978
1396 652 3473 1955
1099 71 3955 373
432 968 1146 2160
1263 36 1472 1027
318 1706 3382 2041
1400 2687 1477 3054
919 2404 2379 2994
561 2438 3628 2837
1931 2550 3009 3082
2560 89 3269 3581
281 47 3078 217
872 705 903 933
50 1650 700 2087
294 2921 2368 3177
377 323 3039 1161
1739 1542 1791 3722
2960 3122 3711 3870
1665 1420 3791 1823
1924 1696 2767 2638
499 2229 1255 3247
2434 519 2653 3368
2850 1157 2858 1885
490 361 3329 3224
1064 126 3223 1124
2449 566 3865 3156
1101 163 3711 477
511 1176 982 3560
469 20 3317 872
3313 440 3769 632
3119 683 3587 1003
1709 993 3113 1039
2037 2836 3640 3445
190 3694 2140 3954
2050 7 2595 3602
1432 532 2528 2846
787 2078 3356 2685
667 2054 687 2247
3163 1603 3969 2956
300 525 3733 2300
2191 61 2984 3617
1992 2404 2564 3815
880 225 3229 2361
1913 2470 2794 3887
2147 644 3580 3240
184 2320 3184 2344
795 3023 2134 3596
1211 1366 1506 3423
833 25 3581 1954
52 1937 2704 3233
1044 944 2906 2655
1249 1316 3589 3415
57 1870 752 3109
524 149 3853 2261
868 3029 1251 3164
362 813 2548 3721
1198 1381 3737 1482
74 1851 2627 2473
2215 2219 2562 2862
1740 1968 1772 2996
2497 1096 3250 2176
2133 443 3350 2733
865 2498 2895 3942
813 2349 1538 3106
1607 346 2068 673
1744 2600 3593 3777
1974 523 2451 930
272 1569 1895 2460
421 79 2176 2373
667 198 1275 1919
912 1803 2326 2799
942 2676 2687 3333
1799 2452 2528 3863
605 824 3953 2512
3730 995 3777 1637
789 2855 2906 3950
2689 2478 3306 3458
2030 1672 2427 3265
862 866 965 2278
415 1380 697 3311
598 1773 1709 2022
1269 599 3710 906
53 1182 1258 2679
124 2541 2038 3454
1402 2637 2253 3339
1196 652 1362 3163
1928 771 3468 1137
2500 189 3922 3518
1847 1285 3460 1410
3297 843 3949 2106
1905 1282 3089 3051
1018 897 3777 1790
831 1684 2268 2154
601 318 1713 834
849 1432 1671 3324
1928 2446 2336 2802
1272 95 1816 2178
1786 3150 3768 3313
200 30 555 1095
1534 1833 2464 2851
285 1837 1846 3066
1703 2666 3492 3224
2707 361 3339 3865
824 675 3285 854
1536 200 2135 3501
105 2154 3417 3827
19 554 1582 2921
2751 648 3030 2968
3949 2670 3957 3337
316 1979 3860 3963
361 319 1904 743
2604 1176 3540 1709
559 218 825 2352
245 1558 2483 2501
2778 2197 2888 2956
463 413 899 1862
1167 2350 1552 3699
821 418 3810 1769
749 367 3975 2189
1169 177 2998 720
2427 1617 3075 2102
1909 71 3982 384
981 2132 1607 3412
634 177 1826 1886
559 607 3521 1193
354 912 1129 2785
1025 478 3782 2097
1322 430 2692 3621
200 80 1295 112
877 1281 1773 3954
618 1293 1446 2977
1091 1341 1290 3608
831 2377 2673 3000
208 756 1353 3985
928 772 3682 2878
3467 1726 3889 2898
182 1321 1034 3212
2520 1065 3561 3365
453 16 1085 574
357 937 2143 3334
855 1058 2766 2189
3113 1347 3552 1735
2209 767 3034 3277
670 2274 2658 2739
821 123 2898 3809
174 676 2472 883
990 692 1716 1626
121 317 1651 2504
1701 36 2388 639
1051 1959 3691 2337
692 1416 1435 2058
2096 2706 2481 3489
105 760 1284 2868
1171 1998 3490 3539
1471 1049 1608 1116
1903 2399 2972 2718
2185 837 2301 1143
925 213 3849 2693
563 918 1724 1008
2114 825 3028 3887
1863 1256 2457 2647
652 521 3516 2266
385 113 2748 3705
125 1036 989 3519
916 129 1008 868
513 2968 1897 3307
415 1321 3276 3581
1719 2628 3378 3246
1864 1500 3398 1887
518 1731 838 2643
713 7 1008 1768
275 1208 1110 3988
2149 1031 3560 1506
340 383 2650 2756
2198 1822 2440 2236
1388 86 2549 416
714 2258 1859 3965
1472 861 2106 1778
2189 2031 2670 2514
878 600 2185 2574
626 1313 1776 3514
49 2793 1422 2825
864 85 3713 1965
3170 138 3958 2034
630 661 3045 1821
186 247 616 2245
3512 3669 3616 3718
902 454 1980 2300
1999 1935 3311 1983
295 1284 3229 3584
3138 775 3365 3214
1105 481 2211 3111
1865 886 3787 2665
1567 1891 1725 2558
2455 989 2756 3209
3369 158 3548 1034
1440 618 1471 964
2180 1058 2226 1863
3071 2531 3494 3329
81 582 734 1056
2286 1821 3673 2172
3180 996 3421 3096
903 329 1361 2240
2569 2359 3549 3763
1437 1787 3372 3087
1271 470 3125 2069
1009 367 3506 3343
562 1025 1561 1287
1512 2013 2317 2905
1810 1420 2623 3127
109 559 2924 663
1016 2458 1541 3724
1519 84 1534 3148
750 211 2065 849
1851 3232 3345 3482
1166 27 2385 1930
142 1361 3696 1436
831 2759 2485 3206
558 7 1417 1498
3476 1456 3981 3467
1243 383 3526 2505
1281 823 3297 2968
3747 788 3920 2826
2266 722 3544 3577
1168 27 1962 1626
36 15 2833 2756
934 531 2843 3027
203 1546 1653 2773
1867 1761 3111 2194
1947 546 2295 1671
22 1077 3354 1383
1658 533 3823 2233
2010 800 2418 1791
752 115 3715 2739
2135 784 2214 2616
1078 1912 3144 3856
198 1112 658 3029
2905 343 3250 2395
1670 1497 3108 2169
537 2183 1710 2572
2417 1735 2524 2772
803 512 2225 3767
37 1331 795 2991
2617 32 3588 1752
1673 222 2945 3732
1597 1351 2452 1701
2626 862 3873 900
700 2451 751 3730
405 362 444 1398
1451 2404 2747 3634
1933 3084 2751 3653
779 253 1849 2847
1353 274 3325 892
388 1888 1429 2913
189 51 228 1933
99 1844 3764 3957
0 1878 1625 3238
904 538 3877 2911
1208 234 1354 3548
1611 303 3046 3572
121 252 1457 2249
2583 1076 3829 3517
1448 648 1868 2151
1963 1 3014 922
133 2640 142 2754
156 1439 2655 2465
2437 89 3057 1934
2701 1800 3782 3519
846 723 1862 3551
346 562 2130 1685
1583 1243 3909 3443
2103 897 3333 2173
46 66 376 3442
801 2967 2233 3499
2363 3040 2536 3624
1516 832 2177 4000
2301 363 2945 2867
606 1215 932 3440
858 29 3688 3596
553 244 1462 3085
775 1873 3055 3519
177 1219 759 1225
304 276 891 621
111 466 160 615
2748 206 3744 2217
400 691 993 2481
3736 2928 3805 3716
684 2477 825 2620
47 2593 3102 3079
3437 71 3740 3863
213 2354 2412 2880
3457 3171 3526 3539
13 790 1821 2708
840 1944 3764 3773
457 576 705 1843
1376 2449 3947 3483
746 1341 1877 2661
108 226 2525 2223
689 340 2766 375
346 1774 914 3429
78 638 2854 3907
2032 2386 3570 3872
2715 530 3150 3991
52 795 2543 1456
3257 719 3509 1134
993 381 3060 3707
1912 102 3344 1836
1349 1212 3259 2474
1764 2632 2841 3614
2064 647 2668 821
2233 89 3560 3059
2352 267 2369 2072
1232 348 2396 1900
1229 1953 3607 2293
1753 2020 3908 2333
2857 981 3412 2121
2685 431 2800 1638
2170 443 2258 3091
2190 609 2511 647
2367 640 2593 1339
1336 3355 3691 3509
2984 883 3373 3834
3016 1791 3860 3509
2202 446 2997 1434
2730 1129 3256 3699
2873 104 3680 1023
883 1345 1918 2250
1021 3319 3511 3985
2448 2600 2479 3852
1676 2332 2557 3953
2914 1426 3682 3046
1018 1573 1057 2630
105 176 3368 2724
650 921 3370 3235
2151 2469 2719 3679
982 829 2135 873
1677 345 3556 2536
1612 2283 3382 3373
4 1874 1629 2614
1390 1720 2337 2446
1385 52 3131 552
892 1649 3257 2819
538 1604 1365 3848
2653 1836 2772 1863
105 321 2019 3422
3232 2604 3808 3683
2964 296 3355 2195
57 260 228 3876
966 999 2080 1118
3304 344 3918 2033
935 1378 3393 1573
110 2171 2407 3277
249 2009 890 3803
1337 190 1475 1021
609 2685 2371 3815
1152 2165 2580 2891
352 2527 776 2746
1602 2636 2194 3859
1069 645 3853 1224
799 1690 2798 2563
233 580 1529 984
1766 1383 3423 2266
291 1156 1596 1589
1725 226 3930 3277
671 1940 2505 3755
2852 1033 3180 2450
2092 3069 3957 3681
959 2193 3592 3924
379 730 2150 3317
179 3776 2802 3816
1955 1436 3745 1807
2287 918 2861 1352
204 2709 3617 3267
2738 1235 3263 1479
1712 1072 3597 1135
729 36 2054 2980
1345 63 2668 516
2002 1949 3889 2346
1256 578 3160 619
338 1992 1652 2491
698 2328 3667 3144
1575 2719 2412 2741
2951 129 3772 982
604 837 2003 1507
7 352 934 1832
2951 1110 3613 3015
1903 969 3553 3594
2071 1862 3358 2675
786 475 1955 2570
261 623 2290 3014
3098 506 3770 3376
2959 941 3561 1986
442 3007 3470 3329
2380 318 3031 432
398 1427 475 3994
3313 1232 3800 2933
1542 691 1560 3572
1057 1069 1549 1812
1253 1899 3942 3083
2269 519 3806 1882
1692 1554 2986 1612
3403 395 3671 2624
819 41 3910 110
761 2148 869 2430
2785 3212 3469 3448
703 2483 2706 3871
2322 965 3010 3987
1673 114 1828 3777
404 1921 924 2838
1973 1617 2893 3933
2978 2651 3822 2880
1701 2091 3376 3934
2443 854 2600 2064
210 152 3637 1384
1558 657 3448 2424
7 2567 3309 2595
983 1502 2662 2086
38 2471 1735 2590
612 708 1623 1626
182 2146 682 2998
3399 2902 3525 3276
2266 1172 2367 1593
772 718 2012 3003
636 2395 3936 3906
1510 2255 1598 3838
2470 1385 3181 2029
2018 1501 3416 3360
690 2185 3765 3179
2655 2790 2807 2790
890 2052 1853 2514
1655 35 3043 2124
1553 1415 2232 3327
1025 2793 3206 3534
160 970 3260 1878
1265 242 1329 359
2952 452 3913 3695
169 25 3881 2298
1924 1832 3841 3437
1822 2244 3554 2479
1084 166 1340 1892
1158 338 2303 2455
2900 280 3771 1638
1206 1602 1386 3405
1098 1524 2027 2145
2762 1203 3443 3894
1211 285 1955 1533
1529 130 1585 3634
2688 3311 3902 3584
419 3053 3801 3269
596 1172 1235 2845
2692 1082 2790 3224
1690 79 2503 222
3561 510 3894 3615
139 846 1572 1616
2371 2482 3424 3329
3485 1093 3722 3098
2191 2327 2979 2793
235 2224 3561 3563
434 853 3498 3753
1590 2214 2610 2564
832 849 1852 3371
436 3319 1738 3730
393 1343 983 3783
3180 1962 3194 2747
153 1594 1211 3336
2891 619 3773 3582
676 1635 1258 3323
3160 2102 3967 2875
1742 246 3960 2541
917 144 944 377
1574 1353 2012 2621
444 811 2079 3157
1448 819 3603 2165
1435 684 1741 1906
2356 97 3525 1284
1307 1261 3886 2370
634 2417 1237 2980
314 1599 1233 2985
2630 2285 3271 3723
1908 507 3580 3794
288 1308 1983 1568
950 54 1391 972
1336 253 3245 3092
897 3188 1485 3584
256 620 810 630
1349 667 2256 2686
221 843 3221 914
64 903 939 1844
1389 631 1463 748
1453 234 3719 2274
1121 278 3944 805
151 1367 1433 2303
590 718 628 3340
684 432 2361 1135
1565 3019 1967 3925
1185 795 1655 3753
1954 1787 2678 1882
2429 2449 3764 2652
1336 37 3628 851
1125 2847 3047 3496
328 2287 2547 3281
868 1495 2766 2614
1644 3034 2625 3336
345 2400 1906 3219
2625 157 3346 1934
576 1603 2597 3841
561 272 3833 3836
502 690 3018 2151
546 643 1507 1880
63 2015 3232 2597
478 2397 2978 3842
712 388 3928 1027
551 1398 1676 3395
48 310 379 3320
1697 2129 2076 3664
623 1149 1263 2876
479 295 2188 1559
419 765 1892 3318
1513 1880 1880 2805
392 1468 1173 3017
436 1218 3692 2144
1405 526 3014 989
1310 463 1339 803
1631 1567 2950 2753
30 973 1796 2698
3893 1981 3919 2939
2870 3111 2939 3469
2238 375 2738 580
302 969 3752 2635
2278 2957 3398 3840
112 2388 3808 3762
17 8 198 597
665 2036 3080 2319
739 1797 3528 2964
158 1078 3627 1742
2500 917 3230 3912
2704 2448 2854 2457
2672 3184 3231 3868
2135 1332 3907 3889
1853 84 2654 681
1994 1813 2147 3170
855 1836 1889 2711
255 711 1671 741
2902 475 3029 3152
339 1191 2530 1851
2691 2896 2851 3969
560 2016 2988 3452
1546 860 2674 1974
2801 1737 3669 3931
1092 257 3951 3177
681 2318 697 3879
987 314 2817 2606
726 1493 900 3596
1862 539 3282 2239
2006 325 3043 1825
808 320 2590 3068
1009 224 2073 3326
283 139 3287 2353
563 1081 3180 3954
1033 1150 1443 2662
2350 620 3166 3719
575 209 2293 2137
159 1415 649 2297
2417 3175 2721 3501
960 470 3904 958
2120 2895 2576 3580
1869 345 2541 3888
2319 2800 3248 3988
1549 734 3715 3447
980 558 1723 2253
996 630 1191 782
3313 2140 3991 2376
1320 637 3543 3538
802 943 1483 2351
1549 320 2405 2366
2557 2746 3166 3857
1331 1438 1571 1881
320 442 2030 1068
1729 2102 1844 2353
2710 705 3798 1606
602 1716 2322 2580
2183 1495 3891 3768
928 1804 1467 2701
941 1161 2443 3471
1577 389 3716 874
670 1990 1581 3975
49 3146 1402 3498
1376 419 3572 1216
1338 191 2559 767
1453 171 1800 1719
3800 2525 3817 2819
919 1121 3177 2844
2140 1365 2544 2455
372 2645 1067 3196
1990 2431 3731 2750
1503 72 1672 148
827 245 3429 2296
27 1091 687 2673
2272 2399 3149 3486
1824 1079 3238 2711
703 1962 2207 2894
1812 3705 2607 3865
803 1604 3365 1659
3228 1378 3588 2660
373 2981 933 3330
1879 515 3770 3946
135 1546 945 3998
1721 1069 1962 2399
1442 218 3996 501
1782 2126 1957 3327
1005 540 1358 3401
611 2104 1134 3359
1002 805 1307 2689
803 1948 1598 3731
3199 2849 3673 3277
80 836 1223 2870
892 2701 1842 3338
519 448 1045 3383
155 2087 267 2542
3247 433 3740 2296
594 2550 3975 3988
1901 838 2477 3462
1838 2082 3064 2356
141 848 2553 1623
2652 1886 3902 2248
675 335 3685 2950
2926 1237 3966 1682
1325 249 2584 596
1017 2142 2153 3828
55 2185 2351 2876
229 515 3911 3952
2246 1651 2824 2821
232 591 2756 1309
49 487 3300 1202
648 1549 2057 3372
1400 731 3794 3724
869 631 2788 3756
865 470 2118 635
1524 1751 2816 2028
1678 1295 1740 1922
541 1121 3487 3121
1883 840 2542 1515
1368 1076 2424 1696
1028 3182 3876 3586
2869 2373 3574 3166
8 12 3963 403
1034 325 3858 1640
1570 659 3027 3151
