2000 2000 1999
1 1 1144 357
1 1 1489 12
1 1 49 1452
1 1 275 1226
1 1 543 958
1 1 332 1169
1 1 830 671
1 1 127 1374
1 1 1101 400
1 1 203 1298
1000 1000 1416 1084
1 1 539 962
1000 1000 1494 1006
1000 1000 1214 1286
1 1 1266 235
1 1 569 932
1 1 541 960
1 1 933 568
1 1 1134 367
1000 1000 1404 1096
1 1 1205 296
1000 1000 1082 1418
1 1 1177 324
1 1 1186 315
1 1 732 769
1 1 1103 398
1000 1000 1055 1445
1 1 128 1373
1 1 283 1218
1000 1000 1041 1459
1 1 264 1237
1000 1000 1119 1381
1 1 793 708
1 1 1111 390
1 1 281 1220
1 1 280 1221
1000 1000 1445 1055
1000 1000 1070 1430
1000 1000 1029 1471
1000 1000 1113 1387
1 1 188 1313
1 1 1425 76
1 1 1029 472
1000 1000 1198 1302
1 1 1461 40
1 1 1050 451
1 1 1232 269
1000 1000 1442 1058
1000 1000 1002 1498
1000 1000 1454 1046
1 1 734 767
1 1 868 633
1000 1000 1124 1376
1 1 587 914
1 1 366 1135
1 1 1334 167
1 1 758 743
1 1 40 1461
1 1 1422 79
1 1 907 594
1 1 621 880
1 1 1300 201
1000 1000 1096 1404
1 1 642 859
1 1 413 1088
1 1 1221 280
1000 1000 1313 1187
1000 1000 1499 1001
1 1 736 765
1000 1000 1488 1012
1 1 948 553
1 1 930 571
1 1 431 1070
1000 1000 1409 1091
1 1 564 937
1 1 703 798
1 1 125 1376
1000 1000 1228 1272
1000 1000 1318 1182
1 1 1113 388
1 1 826 675
1 1 910 591
1 1 155 1346
1000 1000 1296 1204
1 1 1148 353
1 1 1319 182
1 1 874 627
1000 1000 1098 1402
1 1 1044 457
1 1 1066 435
1 1 1229 272
1000 1000 1344 1156
1 1 1274 227
1000 1000 1347 1153
1 1 144 1357
1 1 47 1454
1 1 839 662
1000 1000 1262 1238
1 1 1191 310
1000 1000 1331 1169
1000 1000 1455 1045
1 1 1301 200
1000 1000 1069 1431
1 1 152 1349
1 1 1212 289
1 1 1356 145
1000 1000 1412 1088
1 1 1322 179
1 1 963 538
1 1 1497 4
1 1 270 1231
1000 1000 1134 1366
1 1 444 1057
1 1 218 1283
1000 1000 1059 1441
1 1 469 1032
1000 1000 1403 1097
1000 1000 1351 1149
1000 1000 1240 1260
1 1 717 784
1 1 625 876
1 1 505 996
1 1 954 547
1 1 557 944
1 1 567 934
1 1 1463 38
1 1 1471 30
1 1 1498 3
1 1 308 1193
1 1 1081 420
1 1 1155 346
1000 1000 1153 1347
1 1 769 732
1 1 117 1384
1 1 711 790
1000 1000 1217 1283
1 1 1271 230
1 1 1394 107
1000 1000 1438 1062
1 1 1314 187
1 1 996 505
1 1 656 845
1000 1000 1335 1165
1 1 4 1497
1 1 493 1008
1000 1000 1103 1397
1 1 1051 450
1 1 65 1436
1000 1000 1411 1089
1 1 983 518
1 1 319 1182
1000 1000 1382 1118
1000 1000 1022 1478
1 1 482 1019
1000 1000 1303 1197
1 1 120 1381
1 1 1202 299
1 1 474 1027
1 1 1448 53
1000 1000 1367 1133
1000 1000 1239 1261
1000 1000 1374 1126
1 1 532 969
1000 1000 1423 1077
1 1 1331 170
1 1 1219 282
1000 1000 1376 1124
1000 1000 1299 1201
1000 1000 1180 1320
1 1 359 1142
1 1 1070 431
1 1 1351 150
1000 1000 1257 1243
1 1 1197 304
1 1 878 623
1 1 239 1262
1 1 991 510
1 1 1273 228
1000 1000 1076 1424
1000 1000 1387 1113
1 1 761 740
1 1 1230 271
1 1 495 1006
1000 1000 1276 1224
1000 1000 1475 1025
1000 1000 1150 1350
1 1 75 1426
1000 1000 1407 1093
1 1 540 961
1 1 255 1246
1 1 739 762
1 1 399 1102
1 1 1395 106
1 1 411 1090
1000 1000 1491 1009
1 1 919 582
1 1 979 522
1 1 585 916
1 1 943 558
1000 1000 1289 1211
1 1 665 836
1000 1000 1149 1351
1000 1000 1463 1037
1000 1000 1241 1259
1 1 668 833
1 1 105 1396
1000 1000 1256 1244
1000 1000 1415 1085
1 1 424 1077
1 1 816 685
1 1 805 696
1 1 217 1284
1 1 1416 85
1 1 407 1094
1 1 1451 50
1 1 212 1289
1 1 632 869
1 1 529 972
1000 1000 1178 1322
1 1 376 1125
1 1 238 1263
1 1 649 852
1 1 149 1352
1 1 1076 425
1 1 172 1329
1 1 1277 224
1000 1000 1350 1150
1000 1000 1101 1399
1 1 614 887
1 1 300 1201
1000 1000 1447 1053
1 1 1182 319
1000 1000 1317 1183
1 1 222 1279
1 1 913 588
1 1 1078 423
1 1 762 739
1 1 1150 351
1 1 1500 1
1 1 1045 456
1 1 610 891
1 1 598 903
1 1 1004 497
1 1 1018 483
1 1 476 1025
1000 1000 1084 1416
1 1 58 1443
1 1 645 856
1 1 326 1175
1 1 1092 409
1000 1000 1043 1457
1 1 599 902
1 1 534 967
1000 1000 1353 1147
1 1 310 1191
1 1 702 799
1 1 977 524
1000 1000 1003 1497
1 1 965 536
1000 1000 1179 1321
1 1 800 701
1 1 107 1394
1000 1000 1118 1382
1 1 729 772
1 1 853 648
1000 1000 1094 1406
1 1 1071 430
1 1 889 612
1 1 1187 314
1000 1000 1164 1336
1 1 215 1286
1 1 1268 233
1 1 1240 261
1000 1000 1490 1010
1 1 489 1012
1 1 949 552
1 1 850 651
1000 1000 1184 1316
1 1 159 1342
1 1 456 1045
1 1 108 1393
1000 1000 1195 1305
1 1 515 986
1000 1000 1255 1245
1 1 311 1190
1000 1000 1500 1000
1000 1000 1008 1492
1 1 1083 418
1 1 646 855
1000 1000 1090 1410
1 1 1136 365
1 1 506 995
1 1 985 516
1 1 368 1133
1 1 1445 56
1 1 1032 469
1000 1000 1371 1129
1000 1000 1406 1094
1 1 747 754
1 1 440 1061
1 1 1201 300
1000 1000 1301 1199
1000 1000 1107 1393
1 1 211 1290
1 1 1015 486
1 1 385 1116
1 1 352 1149
1 1 205 1296
1 1 1251 250
1000 1000 1231 1269
1 1 584 917
1 1 1085 416
1 1 327 1174
1 1 1352 149
1 1 1000 501
1000 1000 1285 1215
1 1 1128 373
1 1 662 839
1000 1000 1234 1266
1 1 1404 97
1 1 1253 248
1 1 1346 155
1 1 791 710
1 1 224 1277
1 1 447 1054
1000 1000 1464 1036
1 1 94 1407
1 1 1077 424
1000 1000 1015 1485
1 1 1362 139
1 1 150 1351
1 1 390 1111
1000 1000 1481 1019
1 1 929 572
1 1 166 1335
1000 1000 1321 1179
1000 1000 1123 1377
1000 1000 1381 1119
1000 1000 1140 1360
1 1 410 1091
1 1 381 1120
1000 1000 1440 1060
1 1 825 676
1000 1000 1238 1262
1 1 48 1453
1 1 786 715
1 1 767 734
1 1 154 1347
1000 1000 1378 1122
1000 1000 1326 1174
1 1 892 609
1 1 886 615
1 1 586 915
1 1 1069 432
1 1 130 1371
1 1 170 1331
1 1 1310 191
1000 1000 1133 1367
1000 1000 1211 1289
1 1 289 1212
1000 1000 1166 1334
1000 1000 1315 1185
1 1 908 593
1 1 873 628
1000 1000 1414 1086
1 1 552 949
1 1 1325 176
1 1 1002 499
1 1 484 1017
1000 1000 1268 1232
1 1 432 1069
1 1 348 1153
1 1 1382 119
1 1 443 1058
1 1 405 1096
1000 1000 1205 1295
1 1 74 1427
1000 1000 1485 1015
1 1 1170 331
1 1 430 1071
1 1 808 693
1000 1000 1087 1413
1 1 723 778
1 1 1165 336
1 1 340 1161
1000 1000 1453 1047
1 1 37 1464
1000 1000 1498 1002
1 1 38 1463
1000 1000 1311 1189
1 1 99 1402
1 1 781 720
1 1 1377 124
1000 1000 1037 1463
1 1 834 667
1 1 884 617
1 1 620 881
1000 1000 1329 1171
1 1 828 673
1 1 647 854
1 1 551 950
1 1 673 828
1 1 67 1434
1 1 118 1383
1 1 577 924
1 1 370 1131
1 1 341 1160
1 1 603 898
1 1 604 897
1 1 683 818
1 1 855 646
1 1 777 724
1 1 798 703
1 1 558 943
1 1 1137 364
1 1 1279 222
1 1 1006 495
1 1 32 1469
1 1 274 1227
1 1 1387 114
1000 1000 1418 1082
1 1 1390 111
1000 1000 1073 1427
1 1 660 841
1 1 799 702
1000 1000 1109 1391
1 1 924 577
1 1 463 1038
1 1 104 1397
1 1 704 797
1 1 1008 493
1000 1000 1428 1072
1 1 470 1031
1 1 617 884
1 1 1031 470
1 1 1423 78
1 1 1391 110
1 1 904 597
1 1 1088 413
1 1 546 955
1000 1000 1449 1051
1 1 652 849
1 1 1388 113
1 1 862 639
1000 1000 1190 1310
1 1 322 1179
1 1 634 867
1 1 168 1333
1 1 1439 62
1 1 1367 134
1 1 1107 394
1 1 677 824
1000 1000 1027 1473
1 1 1349 152
1 1 113 1388
1 1 383 1118
1 1 414 1087
1 1 858 643
1 1 1434 67
1000 1000 1219 1281
1 1 1466 35
1 1 957 544
1 1 191 1310
1 1 374 1127
1 1 950 551
1 1 1380 121
1000 1000 1306 1194
1 1 231 1270
1000 1000 1291 1209
1 1 600 901
1 1 982 519
1 1 1328 173
1 1 1493 8
1 1 1238 263
1 1 1303 198
1000 1000 1375 1125
1 1 682 819
1 1 570 931
1000 1000 1282 1218
1000 1000 1016 1484
1 1 946 555
1 1 512 989
1000 1000 1444 1056
1000 1000 1048 1452
1000 1000 1114 1386
1000 1000 1025 1475
1000 1000 1467 1033
1000 1000 1419 1081
1000 1000 1327 1173
1000 1000 1058 1442
1000 1000 1051 1449
1 1 650 851
1000 1000 1202 1298
1 1 388 1113
1 1 183 1318
1 1 974 527
1 1 859 642
1 1 126 1375
1 1 528 973
1 1 240 1261
1 1 253 1248
1 1 856 645
1 1 1133 368
1 1 891 610
1000 1000 1443 1057
1000 1000 1018 1482
1000 1000 1105 1395
1 1 818 683
1 1 829 672
1000 1000 1254 1246
1 1 746 755
1 1 1063 438
1 1 572 929
1000 1000 1072 1428
1000 1000 1286 1214
1000 1000 1171 1329
1 1 22 1479
1 1 674 827
1 1 287 1214
1000 1000 1346 1154
1000 1000 1470 1030
1000 1000 1417 1083
1 1 1234 267
1 1 713 788
1 1 707 794
1 1 568 933
1 1 95 1406
1 1 644 857
1 1 85 1416
1 1 779 722
1 1 526 975
1 1 1443 58
1 1 315 1186
1 1 499 1002
1 1 719 782
1000 1000 1225 1275
1 1 103 1398
1 1 896 605
1 1 1252 249
1000 1000 1097 1403
1 1 1323 178
1 1 888 613
1000 1000 1066 1434
1 1 561 940
1 1 657 844
1000 1000 1036 1464
1 1 354 1147
1 1 1020 481
1 1 701 800
1 1 978 523
1 1 1458 43
1000 1000 1260 1240
1 1 330 1171
1 1 960 541
1 1 987 514
1 1 1089 412
1 1 180 1321
1000 1000 1309 1191
1 1 153 1348
1 1 591 910
1 1 1373 128
1 1 1313 188
1 1 1436 65
1 1 235 1266
1 1 715 786
1 1 1143 358
1000 1000 1469 1031
1 1 1185 316
1 1 1306 195
1 1 423 1078
1 1 434 1067
1000 1000 1401 1099
1 1 362 1139
1 1 1299 202
1 1 553 948
1 1 1264 237
1 1 177 1324
1 1 875 626
1 1 213 1288
1 1 1440 61
1 1 813 688
1 1 296 1205
1000 1000 1436 1064
1 1 833 668
1 1 1298 203
1000 1000 1495 1005
1 1 754 747
1 1 137 1364
1 1 611 890
1 1 312 1189
1000 1000 1258 1242
1 1 1147 354
1 1 538 963
1000 1000 1413 1087
1000 1000 1251 1249
1 1 1064 437
1000 1000 1092 1408
1 1 1119 382
1 1 550 951
1 1 133 1368
1 1 415 1086
1 1 161 1340
1 1 1296 205
1000 1000 1343 1157
1 1 790 711
1000 1000 1135 1365
1 1 832 669
1000 1000 1242 1258
1 1 730 771
1 1 1494 7
1 1 696 805
1 1 728 773
1000 1000 1007 1493
1 1 490 1011
1 1 271 1230
1 1 1312 189
1 1 342 1159
1 1 43 1458
1000 1000 1100 1400
1000 1000 1341 1159
1000 1000 1210 1290
1 1 132 1369
1 1 7 1494
1 1 1012 489
1 1 1125 376
1 1 560 941
1000 1000 1244 1256
1 1 409 1092
1 1 114 1387
1000 1000 1408 1092
1 1 1139 362
1 1 88 1413
1000 1000 1141 1359
1 1 1173 328
1 1 187 1314
1 1 525 976
1 1 575 926
1 1 810 691
1 1 1093 408
1 1 562 939
1000 1000 1358 1142
1 1 303 1198
1 1 391 1110
1 1 1102 399
1 1 1127 374
1 1 301 1200
1 1 93 1408
1000 1000 1297 1203
1 1 1105 396
1000 1000 1206 1294
1000 1000 1377 1123
1 1 472 1029
1 1 1345 156
1000 1000 1017 1483
1000 1000 1167 1333
1000 1000 1272 1228
1000 1000 1269 1231
1 1 514 987
1 1 378 1123
1 1 508 993
1 1 1244 257
1 1 1095 406
1 1 549 952
1 1 82 1419
1000 1000 1385 1115
1 1 421 1080
1 1 602 899
1 1 230 1271
1 1 653 848
1 1 92 1409
1 1 179 1322
1 1 244 1257
1 1 1454 47
1 1 870 631
1 1 1168 333
1 1 1396 105
1 1 1478 23
1 1 1154 347
1 1 1353 148
1000 1000 1152 1348
1 1 849 652
1 1 970 531
1 1 79 1422
1 1 1330 171
1 1 524 977
1 1 30 1471
1000 1000 1337 1163
1 1 1408 93
1 1 357 1144
1 1 210 1291
1000 1000 1478 1022
1000 1000 1450 1050
1 1 464 1037
1 1 473 1028
1 1 284 1217
1 1 406 1095
1 1 184 1317
1 1 675 826
1 1 1429 72
1 1 797 704
1000 1000 1024 1476
1000 1000 1431 1069
1 1 265 1236
1000 1000 1010 1490
1 1 654 847
1 1 1228 273
1 1 193 1308
1000 1000 1086 1414
1 1 1479 22
1 1 1129 372
1 1 623 878
1 1 1096 405
1000 1000 1290 1210
1 1 1412 89
1 1 576 925
1 1 1308 193
1 1 1361 140
1000 1000 1430 1070
1 1 802 699
1 1 248 1253
1000 1000 1009 1491
1000 1000 1472 1028
1000 1000 1345 1155
1 1 685 816
1000 1000 1183 1317
1 1 236 1265
1 1 1288 213
1000 1000 1172 1328
1 1 442 1059
1 1 156 1345
1 1 412 1089
1 1 1420 81
1 1 334 1167
1 1 13 1488
1 1 1159 342
1 1 612 889
1 1 459 1042
1 1 643 858
1 1 854 647
1 1 998 503
1 1 57 1444
1000 1000 1394 1106
1 1 942 559
1 1 1406 95
1 1 14 1487
1 1 1465 36
1 1 841 660
1000 1000 1389 1111
1000 1000 1196 1304
1 1 1262 239
1 1 302 1199
1 1 371 1130
1 1 817 684
1000 1000 1396 1104
1000 1000 1274 1226
1 1 692 809
1 1 792 709
1000 1000 1461 1039
1 1 1231 270
1 1 1419 82
1 1 589 912
1 1 507 994
1 1 321 1180
1 1 123 1378
1 1 136 1365
1 1 277 1224
1000 1000 1125 1375
1 1 328 1173
1000 1000 1270 1230
1 1 402 1099
1 1 91 1410
1000 1000 1349 1151
1 1 580 921
1 1 1332 169
1000 1000 1075 1425
1000 1000 1139 1361
1000 1000 1476 1024
1 1 1003 498
1 1 1195 306
1000 1000 1235 1265
1000 1000 1466 1034
1000 1000 1426 1074
1 1 1457 44
1000 1000 1054 1446
1000 1000 1212 1288
1 1 1087 414
1 1 1118 383
1000 1000 1038 1462
1 1 1011 490
1 1 1317 184
1000 1000 1379 1121
1000 1000 1056 1444
1 1 70 1431
1 1 866 635
1000 1000 1451 1049
1000 1000 1215 1285
1 1 498 1003
1 1 1472 29
1 1 1162 339
1 1 533 968
1 1 1470 31
1 1 106 1395
1 1 1402 99
1 1 358 1143
1 1 1293 208
1 1 392 1109
1 1 1013 488
1 1 705 796
1 1 162 1339
1 1 899 602
1 1 633 868
1 1 209 1292
1 1 81 1420
1 1 86 1415
1000 1000 1145 1355
1000 1000 1146 1354
1 1 1243 258
1 1 1065 436
1 1 680 821
1 1 1035 466
1000 1000 1026 1474
1000 1000 1186 1314
1000 1000 1305 1195
1 1 1181 320
1 1 956 545
1000 1000 1229 1271
1 1 350 1151
1 1 1368 133
1 1 169 1332
1000 1000 1047 1453
1 1 293 1208
1 1 1217 284
1 1 902 599
1 1 1028 473
1 1 1058 443
1 1 1403 98
1 1 743 758
1000 1000 1222 1278
1 1 1342 159
1 1 1283 218
1000 1000 1218 1282
1 1 1218 283
1 1 1358 143
1 1 824 677
1 1 404 1097
1000 1000 1489 1011
1 1 716 785
1 1 1021 480
1 1 658 843
1 1 519 982
1 1 97 1404
1000 1000 1014 1486
1 1 1132 369
1 1 1459 42
1 1 1441 60
1 1 1094 407
1000 1000 1334 1166
1 1 760 741
1 1 511 990
1 1 12 1489
1 1 944 557
1 1 708 793
1 1 1267 234
1 1 934 567
1 1 1476 25
1 1 770 731
1 1 1199 302
1 1 1109 392
1000 1000 1106 1394
1 1 1016 485
1 1 1055 446
1 1 1061 440
1 1 173 1328
1 1 1161 340
1 1 737 764
1 1 1302 199
1000 1000 1246 1254
1 1 17 1484
1 1 441 1060
1 1 425 1076
1 1 1453 48
1 1 710 791
1000 1000 1004 1496
1000 1000 1110 1390
1000 1000 1189 1311
1 1 1179 322
1 1 670 831
1 1 488 1013
1 1 232 1269
1 1 597 904
1 1 883 618
1 1 1210 291
1 1 536 965
1000 1000 1185 1315
1 1 496 1005
1 1 1259 242
1 1 1188 313
1 1 62 1439
1 1 181 1320
1000 1000 1199 1301
1 1 241 1260
1 1 422 1079
1 1 1220 281
1000 1000 1369 1131
1 1 1225 276
1000 1000 1093 1407
1 1 981 520
1 1 714 787
1000 1000 1064 1436
1 1 15 1486
1 1 1211 290
1 1 1469 32
1 1 160 1341
1 1 768 733
1 1 785 716
1 1 624 877
1 1 581 920
1000 1000 1421 1079
1 1 1431 70
1 1 1492 9
1 1 922 579
1 1 672 829
1 1 911 590
1 1 871 630
1000 1000 1432 1068
1000 1000 1484 1016
1 1 9 1492
1 1 740 761
1000 1000 1429 1071
1000 1000 1232 1268
1 1 1318 183
1 1 109 1392
1000 1000 1400 1100
1000 1000 1259 1241
1 1 742 759
1000 1000 1435 1065
1 1 1131 370
1 1 872 629
1 1 601 900
1000 1000 1170 1330
1 1 759 742
1 1 1386 115
1 1 124 1377
1 1 698 803
1 1 1414 87
1 1 1207 294
1000 1000 1151 1349
1 1 1254 247
1 1 1091 410
1000 1000 1493 1007
1000 1000 1156 1344
1 1 836 665
1 1 286 1215
1 1 458 1043
1 1 1062 439
1 1 497 1004
1 1 1410 91
1 1 590 911
1 1 1316 185
1000 1000 1294 1206
1000 1000 1121 1379
1000 1000 1319 1181
1000 1000 1116 1384
1 1 119 1382
1 1 318 1183
1 1 1037 464
1 1 897 604
1 1 1249 252
1000 1000 1483 1017
1 1 1014 487
1000 1000 1065 1435
1 1 594 907
1 1 1433 68
1 1 690 811
1 1 648 853
1 1 1291 210
1 1 481 1020
1 1 454 1047
1000 1000 1322 1178
1 1 100 1401
1 1 772 729
1 1 347 1154
1 1 142 1359
1 1 467 1034
1 1 920 581
1000 1000 1188 1312
1 1 178 1323
1 1 1140 361
1 1 807 694
1 1 520 981
1 1 445 1056
1000 1000 1333 1167
1 1 1384 117
1000 1000 1439 1061
1 1 269 1232
1 1 1030 471
1 1 814 687
1 1 417 1084
1 1 1067 434
1 1 554 947
1 1 765 736
1 1 356 1145
1000 1000 1245 1255
1 1 369 1132
1 1 23 1478
1 1 815 686
1 1 1222 279
1 1 219 1282
1 1 171 1330
1 1 1001 500
1 1 1337 164
1 1 1158 343
1 1 202 1299
1000 1000 1437 1063
1 1 1278 223
1 1 494 1007
1 1 360 1141
1000 1000 1099 1401
1 1 1366 135
1 1 1235 266
1 1 521 980
1 1 129 1372
1 1 54 1447
1 1 68 1433
1 1 1280 221
1 1 695 806
1000 1000 1288 1212
1 1 313 1188
1000 1000 1091 1409
1 1 351 1150
1 1 1010 491
1 1 559 942
1 1 574 927
1 1 1248 253
1000 1000 1446 1054
1000 1000 1280 1220
1000 1000 1372 1128
1000 1000 1042 1458
1 1 1164 337
1 1 437 1064
1 1 1347 154
1 1 453 1048
1 1 433 1068
1000 1000 1328 1172
1 1 969 532
1 1 174 1327
1 1 1355 146
1 1 609 892
1 1 1452 49
1000 1000 1248 1252
1000 1000 1050 1450
1 1 926 575
1 1 932 569
1 1 986 515
1000 1000 1473 1027
1 1 1432 69
1000 1000 1298 1202
1 1 273 1228
1 1 1329 172
1000 1000 1194 1306
1 1 45 1456
1 1 823 678
1 1 112 1389
1 1 659 842
1 1 461 1040
1 1 1297 204
1 1 548 953
1000 1000 1230 1270
1 1 661 840
1 1 809 692
1 1 393 1108
1 1 345 1156
1000 1000 1316 1184
1 1 1294 207
1 1 697 804
1 1 1383 118
1 1 426 1075
1000 1000 1089 1411
1 1 477 1024
1 1 1068 433
1 1 1203 298
1 1 1178 323
1000 1000 1207 1293
1 1 1 1500
1 1 1209 292
1 1 36 1465
1000 1000 1410 1090
1 1 607 894
1 1 518 983
1 1 102 1399
1 1 748 753
1 1 1146 355
1000 1000 1159 1341
1 1 583 918
1 1 148 1353
1 1 1227 274
1 1 1123 378
1000 1000 1477 1023
1 1 1084 417
1000 1000 1143 1357
1 1 1369 132
1 1 1272 229
1000 1000 1265 1235
1000 1000 1448 1052
1000 1000 1427 1073
1 1 837 664
1 1 1236 265
1 1 764 737
1 1 811 690
1 1 1397 104
1 1 831 670
1 1 822 679
1 1 373 1128
1 1 725 776
1000 1000 1044 1456
1000 1000 1126 1374
1 1 1189 312
1 1 693 808
1000 1000 1011 1489
1 1 325 1176
1000 1000 1330 1170
1000 1000 1247 1253
1000 1000 1137 1363
1000 1000 1168 1332
1 1 201 1300
1000 1000 1111 1389
1 1 806 695
1 1 1320 181
1 1 1428 73
1 1 959 542
1000 1000 1393 1107
1 1 835 666
1 1 1241 260
1 1 923 578
1000 1000 1049 1451
1 1 867 634
1 1 1005 496
1000 1000 1365 1135
1 1 689 812
1 1 2 1499
1 1 343 1158
1 1 146 1355
1 1 1130 371
1 1 64 1437
1 1 416 1085
1 1 234 1267
1 1 1491 10
1 1 455 1046
1000 1000 1144 1356
1 1 1265 236
1000 1000 1237 1263
1 1 151 1350
1000 1000 1023 1477
1 1 796 705
1 1 279 1222
1 1 1446 55
1000 1000 1095 1405
1 1 631 870
1 1 1427 74
1000 1000 1354 1146
1000 1000 1032 1468
1 1 1256 245
1 1 1468 33
1 1 246 1255
1 1 1354 147
1 1 1276 225
1000 1000 1486 1014
1 1 69 1432
1000 1000 1193 1307
1 1 1200 301
1 1 138 1363
1 1 226 1275
1 1 1049 452
1000 1000 1122 1378
1 1 641 860
1 1 1122 379
1 1 228 1273
1 1 909 592
1 1 864 637
1000 1000 1187 1313
1 1 135 1366
1 1 596 905
1 1 1285 216
1 1 31 1470
1 1 699 802
1 1 778 723
1 1 1114 387
1000 1000 1340 1160
1 1 448 1053
1000 1000 1045 1455
1000 1000 1177 1323
1 1 25 1476
1 1 1166 335
1 1 192 1309
1 1 1409 92
1 1 1116 385
1000 1000 1287 1213
1 1 637 864
1 1 556 945
1000 1000 1323 1177
1 1 789 712
1 1 566 935
1 1 1385 116
1 1 251 1250
1 1 795 706
1 1 223 1278
1 1 571 930
1 1 346 1155
1 1 1039 462
1000 1000 1384 1116
1 1 1290 211
1 1 34 1467
1 1 1204 297
1000 1000 1300 1200
1000 1000 1197 1303
1 1 59 1442
1 1 42 1459
1000 1000 1102 1398
1 1 1223 278
1 1 299 1202
1 1 678 823
1000 1000 1482 1018
1000 1000 1312 1188
1 1 784 717
1000 1000 1339 1161
1000 1000 1236 1264
1 1 401 1100
1 1 1145 356
1 1 1190 311
1 1 1281 220
1 1 11 1490
1 1 478 1023
1 1 196 1305
1 1 185 1316
1 1 666 835
1 1 158 1343
1 1 753 748
1 1 1245 256
1 1 53 1448
1 1 1392 109
1000 1000 1085 1415
1 1 353 1148
1 1 1411 90
1 1 626 875
1 1 916 585
1 1 3 1498
1 1 537 964
1000 1000 1162 1338
1 1 993 508
1000 1000 1148 1352
1 1 379 1122
1 1 951 550
1 1 1462 39
1 1 928 573
1 1 1156 345
1 1 398 1103
1 1 35 1466
1 1 712 789
1 1 827 674
1 1 1108 393
1000 1000 1039 1461
1 1 1206 295
1000 1000 1080 1420
1 1 1261 240
1 1 1364 137
1 1 1474 27
1 1 182 1319
1 1 198 1303
1 1 964 537
1 1 502 999
1 1 857 644
1 1 846 655
1 1 906 595
1000 1000 1279 1221
1000 1000 1324 1176
1 1 1490 11
1 1 679 822
1 1 110 1391
1 1 229 1272
1 1 1226 275
1 1 1036 465
1 1 387 1114
1 1 544 957
1000 1000 1277 1223
1000 1000 1012 1488
1 1 879 622
1000 1000 1362 1138
1000 1000 1182 1318
1 1 1174 327
1 1 773 728
1 1 451 1050
1 1 164 1337
1 1 480 1021
1 1 622 879
1 1 1326 175
1 1 436 1065
1 1 976 525
1 1 775 726
1 1 921 580
1000 1000 1422 1078
1 1 787 714
1 1 1160 341
1000 1000 1338 1162
1 1 214 1287
1000 1000 1388 1112
1000 1000 1213 1287
1 1 958 543
1 1 220 1281
1 1 788 713
1000 1000 1223 1277
1 1 396 1105
1 1 186 1315
1 1 380 1121
1 1 627 874
1000 1000 1425 1075
1 1 882 619
1 1 276 1225
1000 1000 1131 1369
1 1 1135 366
1 1 555 946
1 1 261 1240
1 1 1483 18
1000 1000 1459 1041
1 1 694 807
1000 1000 1370 1130
1 1 848 653
1 1 1196 305
1 1 337 1164
1 1 1171 330
1 1 1437 64
1000 1000 1173 1327
1 1 988 513
1 1 1194 307
1 1 418 1083
1 1 197 1304
1 1 939 562
1 1 1157 344
1 1 83 1418
1000 1000 1342 1158
1 1 1496 5
1 1 1485 16
1 1 1405 96
1 1 1060 441
1 1 821 680
1 1 389 1112
1 1 720 781
1 1 1124 377
1 1 446 1055
1 1 1082 419
1000 1000 1108 1392
1000 1000 1348 1152
1 1 927 574
1 1 1401 100
1000 1000 1249 1251
1 1 1057 444
1 1 141 1360
1 1 995 506
1 1 847 654
1000 1000 1169 1331
1 1 452 1049
1 1 1340 161
1000 1000 1216 1284
1000 1000 1468 1032
1 1 1359 142
1000 1000 1267 1233
1000 1000 1192 1308
1 1 1335 166
1 1 333 1168
1 1 1009 492
1 1 420 1081
1000 1000 1304 1196
1 1 999 502
1 1 766 735
1000 1000 1021 1479
1 1 331 1170
1 1 272 1229
1 1 738 763
1 1 329 1172
1 1 938 563
1000 1000 1352 1148
1 1 323 1178
1 1 1407 94
1 1 163 1338
1000 1000 1209 1291
1 1 316 1185
1 1 194 1307
1 1 267 1234
1 1 1038 463
1 1 1456 45
1 1 1149 352
1000 1000 1034 1466
1 1 905 596
1 1 1163 338
1 1 688 813
1 1 640 861
1 1 1054 447
1 1 1336 165
1 1 355 1146
1000 1000 1155 1345
1 1 1059 442
1 1 980 521
1 1 1172 329
1 1 51 1450
1 1 1275 226
1 1 843 658
1000 1000 1275 1225
1 1 1138 363
1 1 1292 209
1000 1000 1460 1040
1000 1000 1434 1066
1 1 66 1435
1 1 1239 262
1 1 663 838
1 1 1183 318
1 1 1126 375
1 1 563 938
1 1 167 1334
1 1 885 616
1 1 750 751
1 1 1324 177
1000 1000 1077 1423
1 1 903 598
1 1 262 1239
1 1 1074 427
1 1 309 1192
1 1 195 1306
1000 1000 1366 1134
1 1 500 1001
1 1 901 600
1 1 408 1093
1 1 937 564
1 1 89 1412
1000 1000 1062 1438
1 1 1043 458
1 1 1381 120
1 1 1480 21
1 1 485 1016
1 1 28 1473
1 1 1152 349
1 1 78 1423
1 1 375 1126
1000 1000 1181 1319
1 1 962 539
1000 1000 1479 1021
1000 1000 1320 1180
1 1 1375 126
1 1 1142 359
1 1 1475 26
1 1 465 1036
1 1 1307 194
1 1 1167 334
1 1 1447 54
1 1 1444 57
1 1 457 1044
1000 1000 1307 1193
1000 1000 1191 1309
1 1 1269 232
1 1 72 1429
1 1 1287 214
1 1 1115 386
1 1 794 707
1000 1000 1392 1108
1 1 573 928
1 1 1247 254
1000 1000 1142 1358
1000 1000 1063 1437
1 1 578 923
1 1 55 1446
1 1 428 1073
1 1 1079 422
1000 1000 1033 1467
1 1 52 1449
1 1 44 1457
1 1 516 985
1 1 994 507
1 1 741 760
1 1 1233 268
1 1 565 936
1000 1000 1060 1440
1 1 1242 259
1 1 344 1157
1 1 1175 326
1 1 509 992
1000 1000 1284 1216
1 1 140 1361
1 1 865 636
1 1 27 1474
1000 1000 1363 1137
1 1 676 825
1 1 18 1483
1 1 1379 122
1 1 288 1213
1 1 56 1445
1000 1000 1395 1105
1000 1000 1424 1076
1 1 1327 174
1 1 782 719
1 1 365 1136
1 1 1430 71
1 1 395 1106
1 1 250 1251
1000 1000 1295 1205
1 1 990 511
1 1 851 650
1 1 247 1254
1 1 285 1216
1 1 972 529
1 1 1348 153
1 1 727 774
1 1 349 1152
1000 1000 1457 1043
1000 1000 1128 1372
1 1 1192 309
1 1 394 1107
1000 1000 1227 1273
1 1 259 1242
1 1 143 1358
1 1 1286 215
1 1 304 1197
1 1 744 757
1000 1000 1040 1460
1 1 1027 474
1 1 492 1009
1 1 636 865
1 1 945 556
1 1 216 1285
1000 1000 1264 1236
1 1 199 1302
1000 1000 1078 1422
1 1 733 768
1000 1000 1373 1127
1 1 1040 461
1 1 483 1018
1 1 861 640
1 1 1363 138
1 1 1120 381
1 1 706 795
1 1 780 721
1 1 1169 332
1000 1000 1052 1448
1 1 1378 123
1 1 462 1039
1 1 292 1209
1 1 917 584
1 1 435 1066
1 1 1072 429
1 1 935 566
1 1 898 603
1 1 1255 246
1000 1000 1420 1080
1 1 1393 108
1 1 242 1259
1 1 21 1480
1 1 71 1430
1 1 449 1052
1 1 298 1203
1000 1000 1226 1274
1 1 116 1385
1000 1000 1053 1447
1 1 819 682
1 1 984 517
1 1 1106 395
1 1 1455 46
1 1 1487 14
1 1 961 540
1 1 363 1138
1 1 749 752
1 1 403 1098
1 1 1435 66
1 1 33 1468
1 1 257 1244
1 1 1309 192
1 1 427 1074
1000 1000 1201 1299
1 1 820 681
1 1 664 837
1000 1000 1263 1237
1 1 16 1485
1 1 1464 37
1 1 1026 475
1 1 1019 482
1 1 1007 494
1 1 20 1481
1 1 50 1451
1000 1000 1474 1026
1 1 894 607
1 1 608 893
1 1 1214 287
1 1 771 730
1 1 1389 112
1 1 535 966
1 1 1025 476
1 1 297 1204
1000 1000 1380 1120
1000 1000 1061 1439
1000 1000 1046 1454
1 1 1450 51
1 1 419 1082
1 1 121 1380
1000 1000 1271 1229
1 1 860 641
1000 1000 1104 1396
1 1 382 1119
1 1 317 1184
1 1 510 991
1 1 1237 264
1000 1000 1088 1412
1000 1000 1130 1370
1 1 579 922
1 1 1371 130
1 1 722 779
1 1 844 657
1000 1000 1071 1429
1 1 655 846
1 1 1333 168
1 1 880 621
1000 1000 1035 1465
1000 1000 1243 1257
1000 1000 1390 1110
1000 1000 1397 1103
1 1 84 1417
1 1 1104 397
1 1 731 770
1 1 783 718
1 1 1341 160
1 1 471 1030
1 1 268 1233
1 1 812 689
1 1 98 1403
1000 1000 1079 1421
1 1 1257 244
1 1 243 1258
1 1 96 1405
1000 1000 1433 1067
1 1 671 830
1 1 869 632
1 1 237 1264
1000 1000 1402 1098
1 1 973 528
1000 1000 1233 1267
1 1 721 780
1 1 1048 453
1 1 691 810
1 1 1046 455
1 1 914 587
1 1 147 1354
1 1 225 1276
1000 1000 1163 1337
1 1 278 1223
1 1 1176 325
1 1 605 896
1 1 1180 321
1000 1000 1361 1139
1 1 592 909
1 1 1098 403
1 1 895 606
1000 1000 1112 1388
1 1 475 1026
1000 1000 1129 1371
1 1 1056 445
1000 1000 1314 1186
1 1 256 1245
1 1 629 872
1000 1000 1031 1469
1000 1000 1356 1144
1 1 718 783
1 1 1484 17
1000 1000 1487 1013
1000 1000 1292 1208
1 1 131 1370
1 1 726 775
1 1 989 512
1 1 1438 63
1 1 952 549
1 1 881 620
1 1 1184 317
1000 1000 1115 1385
1 1 1198 303
1000 1000 1293 1207
1 1 1481 20
1 1 339 1162
1 1 207 1294
1 1 1117 384
1 1 60 1441
1 1 667 834
1000 1000 1013 1487
1 1 755 746
1 1 1047 454
1000 1000 1355 1145
1 1 887 614
1 1 1022 479
1 1 175 1326
1000 1000 1147 1353
1 1 8 1493
1 1 638 863
1 1 1482 19
1 1 397 1104
1 1 1121 380
1 1 139 1362
1 1 73 1428
1000 1000 1250 1250
1 1 372 1129
1 1 616 885
1 1 1442 59
1 1 1499 2
1 1 619 882
1 1 595 906
1000 1000 1452 1048
1 1 801 700
1000 1000 1208 1292
1 1 709 792
1 1 1258 243
1 1 1024 477
1000 1000 1160 1340
1000 1000 1132 1368
1 1 206 1295
1 1 1311 190
1 1 361 1140
1 1 700 801
1 1 1282 219
1 1 165 1336
1000 1000 1360 1140
1000 1000 1081 1419
1 1 1417 84
1000 1000 1204 1296
1000 1000 1006 1494
1 1 324 1177
1 1 1080 421
1000 1000 1028 1472
1 1 1260 241
1 1 190 1311
1000 1000 1399 1101
1 1 487 1014
1 1 41 1460
1 1 840 661
1 1 306 1195
1000 1000 1302 1198
1 1 1250 251
1 1 307 1194
1000 1000 1308 1192
1 1 776 725
1 1 503 998
1000 1000 1120 1380
1 1 842 659
1 1 491 1010
1 1 1374 127
1 1 227 1274
1000 1000 1068 1432
1 1 530 971
1 1 305 1196
1000 1000 1224 1276
1 1 77 1424
1 1 1376 125
1 1 774 727
1 1 1099 402
1 1 542 959
1 1 925 576
1 1 39 1462
1 1 115 1386
1 1 501 1000
1 1 1398 103
1000 1000 1278 1222
1000 1000 1067 1433
1 1 1413 88
1 1 1477 24
1 1 735 766
1 1 245 1256
1 1 1053 448
1000 1000 1405 1095
1 1 1042 459
1 1 157 1344
1 1 669 832
1 1 890 611
1 1 1400 101
1 1 1344 157
1 1 439 1062
1 1 724 777
1 1 941 560
1 1 955 546
1 1 838 663
1 1 63 1438
1 1 466 1035
1000 1000 1441 1059
1 1 1086 415
1 1 80 1421
1 1 1100 401
1 1 1224 277
1 1 1141 360
1 1 915 586
1 1 29 1472
1 1 87 1414
1 1 531 970
1 1 364 1137
1 1 291 1210
1 1 1360 141
1 1 1295 206
1 1 1421 80
1 1 1357 144
1 1 1424 77
1000 1000 1261 1239
1 1 1415 86
1 1 1208 293
1 1 24 1477
1 1 479 1022
1 1 863 638
1 1 1023 478
1 1 967 534
1000 1000 1074 1426
1 1 628 873
1 1 314 1187
1 1 468 1033
1 1 1339 162
1 1 282 1219
1 1 804 697
1 1 912 589
1 1 189 1312
1 1 1315 186
1 1 751 750
1000 1000 1117 1383
1000 1000 1480 1020
1000 1000 1273 1227
1 1 997 504
1000 1000 1175 1325
1000 1000 1310 1190
1 1 947 554
1 1 204 1297
1 1 1215 286
1 1 936 565
1 1 606 895
1 1 931 570
1 1 1495 6
1 1 1193 308
1 1 1338 163
1 1 200 1301
1 1 1473 28
1 1 893 608
1000 1000 1465 1035
1 1 971 530
1 1 1110 391
1 1 681 820
1 1 5 1496
1 1 111 1390
1 1 900 601
1000 1000 1019 1481
1 1 522 979
1 1 547 954
1 1 377 1124
1 1 1372 129
1 1 1075 426
1000 1000 1391 1109
1 1 294 1207
1000 1000 1253 1247
1 1 260 1241
1 1 523 978
1 1 684 817
1 1 968 533
1 1 803 698
1 1 266 1235
1 1 1321 180
1 1 19 1482
1 1 290 1211
1000 1000 1174 1326
1000 1000 1368 1132
1 1 513 988
1000 1000 1462 1038
1000 1000 1497 1003
1 1 320 1181
1 1 6 1495
1 1 90 1411
1 1 336 1165
1 1 26 1475
1000 1000 1281 1219
1 1 1034 467
1000 1000 1383 1117
1000 1000 1165 1335
1 1 176 1325
1 1 134 1367
1000 1000 1138 1362
1 1 1289 212
1 1 1343 158
1000 1000 1161 1339
1 1 1488 13
1000 1000 1154 1346
1 1 338 1163
1 1 233 1268
1 1 249 1252
1000 1000 1127 1373
1 1 263 1238
1 1 966 535
1000 1000 1221 1279
1000 1000 1252 1248
1000 1000 1336 1164
1 1 1216 285
1 1 386 1115
1 1 1304 197
1 1 1399 102
1000 1000 1020 1480
1 1 1449 52
1000 1000 1057 1443
1000 1000 1332 1168
1 1 1097 404
1 1 1486 15
1000 1000 1471 1029
1 1 101 1400
1 1 1017 484
1 1 918 583
1 1 582 919
1 1 258 1243
1 1 335 1166
1000 1000 1083 1417
1 1 61 1440
1 1 254 1247
1 1 651 850
1 1 460 1041
1000 1000 1458 1042
1 1 367 1134
1 1 545 956
1 1 1270 231
1 1 1370 131
1 1 687 814
1 1 429 1072
1 1 1153 348
1000 1000 1357 1143
1 1 588 913
1 1 1263 238
1 1 1151 350
1 1 486 1015
1 1 384 1117
1 1 1418 83
1 1 615 886
1 1 1426 75
1000 1000 1496 1004
1000 1000 1203 1297
1000 1000 1359 1141
1 1 877 624
1 1 953 548
1 1 756 745
1 1 145 1356
1 1 1365 136
1 1 635 866
1000 1000 1136 1364
1 1 639 862
1000 1000 1158 1342
1 1 1041 460
1 1 221 1280
1 1 940 561
1 1 752 749
1 1 122 1379
1 1 46 1455
1 1 1052 449
1 1 438 1063
1000 1000 1157 1343
1 1 208 1293
1000 1000 1456 1044
1000 1000 1030 1470
1 1 1033 468
1000 1000 1386 1114
1 1 295 1206
1000 1000 1220 1280
1 1 757 744
1 1 613 888
1000 1000 1283 1217
1000 1000 1325 1175
1 1 1305 196
1 1 593 908
1 1 1073 428
1 1 1213 288
1 1 252 1249
1 1 1284 217
1000 1000 1200 1300
1 1 400 1101
1 1 745 756
1 1 10 1491
1 1 1350 151
1 1 1112 389
1 1 763 738
1 1 1467 34
1 1 76 1425
1000 1000 1398 1102
1 1 517 984
1 1 1460 41
1 1 450 1051
1000 1000 1266 1234
1 1 876 625
1 1 852 649
1000 1000 1492 1008
1 1 1090 411
1 1 504 997
1000 1000 1176 1324
1 1 630 871
1 1 618 883
1 1 992 509
1 1 845 656
1000 1000 1005 1495
1 1 975 526
1000 1000 1364 1136
1 1 527 974
1 1 686 815
1 1 1246 255
