4000 4000 4000
2195 3 3107 2410
2576 603 3169 741
2336 1319 3236 2261
1914 2459 3608 3677
1176 1782 1950 2902
1763 1822 3631 2938
1609 399 1929 407
3381 1118 3989 1864
1583 449 2476 2460
509 864 2218 2608
1990 375 2262 740
38 1201 2664 1707
823 646 3452 1705
2538 378 3373 773
129 2307 347 3159
271 1259 2620 3306
315 305 1966 1415
2217 156 3173 3132
169 1308 1565 3758
2832 1971 3393 2509
3489 43 3883 3124
542 2078 3503 3641
1270 220 2628 1916
102 2554 3834 2617
409 1149 3106 2538
518 2182 2022 3884
2039 1452 2946 2630
73 536 1652 2828
897 322 2909 2428
1925 1563 2851 1776
124 33 3976 3597
566 554 2127 2013
2368 1412 3234 3744
974 1021 1784 3064
3209 449 3730 2982
1927 1768 2110 3957
3260 39 3560 2138
818 2689 1715 3240
1078 789 1606 2597
2780 137 3700 2288
2998 2907 3837 3572
415 2141 521 3357
20 1915 1843 3762
292 1695 1274 2049
2385 1547 3200 3257
1391 1397 1728 2553
1602 1372 2831 2293
3224 1527 3690 2243
511 209 1037 286
1676 189 3018 2818
1668 2210 1725 3471
659 1443 879 3040
496 246 2300 612
231 9 798 3358
385 256 2689 2477
1161 1281 3355 3452
1884 1657 2913 1897
1229 1030 2505 3675
428 1190 2061 2334
358 2436 2293 3537
2887 1841 3085 3399
202 1911 408 3518
2500 2359 2974 3671
1213 1893 2639 2181
328 2134 2981 2758
2623 377 3749 3248
3356 65 3978 3650
1909 1962 3107 2959
2255 413 2297 3066
786 2935 1355 3570
91 3442 3487 3552
3260 3110 3906 3989
1331 2272 3376 3914
1168 2128 3420 2223
1415 1137 2838 1702
98 1400 1512 2530
651 85 3490 300
754 1901 3733 2271
2291 311 3446 2882
2124 168 2559 2945
171 1474 368 3257
1149 3021 3004 3250
354 1627 2405 3480
758 74 1443 3297
581 480 3247 3864
722 475 3597 3655
2307 819 2977 1589
903 900 3183 1218
1423 1013 3983 3472
946 1023 3675 2919
1261 584 2525 1426
2518 1088 3859 1284
2464 1354 3842 1553
2243 243 3349 1989
149 214 2156 2766
255 2732 1640 3514
606 948 3971 3458
51 1609 1922 2121
1141 1250 2677 3418
1733 357 3295 2542
2647 1551 3559 2704
81 1660 3477 3611
2009 2016 3306 2740
1866 321 3230 413
3440 211 3755 360
183 805 1101 918
1155 729 1811 3608
966 2289 1865 3943
1760 1150 2941 2527
1341 1532 3010 2804
3133 727 3261 1898
962 1244 1307 3104
390 1478 2900 2072
452 1380 2985 2337
158 218 3408 2273
2139 1036 3719 1423
2858 204 3543 654
1816 38 1978 1092
2065 509 3563 3436
819 1312 2004 3687
1348 471 3268 1611
589 2725 3253 2873
1100 809 3113 1943
242 2460 3299 3921
426 1366 3658 3446
915 84 2900 576
65 364 350 2549
1841 524 2382 860
1918 2606 2064 3794
1687 2892 1761 3102
18 2164 2948 3858
1948 652 2550 2615
1171 2851 2214 3473
259 824 1131 2587
3251 1809 3857 3161
2614 2543 3475 2611
591 167 3526 1443
648 2768 1920 2847
81 430 3043 1278
306 655 1653 1106
232 850 1612 1493
2963 2338 3229 3620
1161 390 3966 2266
175 2407 763 3344
1234 1884 3108 2245
2020 483 3862 1647
3366 1553 3776 2494
2257 3040 3943 3703
1882 2198 3843 2785
1861 348 3745 2083
1211 1648 3955 2247
2522 1247 3024 3792
235 1224 1792 1635
1115 1238 3889 1756
716 756 3809 990
337 1388 3137 2492
705 21 3295 1210
858 928 2990 2236
308 324 1974 3649
1652 1190 2573 1549
186 2781 3156 3635
1183 2879 3761 3002
2959 1082 3278 2298
2433 260 3638 465
238 2460 912 3858
3214 2148 3504 3410
1439 1130 2362 3695
495 2937 2975 3567
1871 1182 2232 2332
3406 1127 3676 3058
3006 670 3997 3408
251 2453 3438 3342
1086 464 3810 916
152 1154 561 2398
1487 127 1633 916
2172 164 2184 2368
2374 1854 2810 2293
400 567 3717 3218
894 2092 3231 3350
2658 1874 2780 2977
1435 2041 2643 3101
329 578 3242 3358
44 1567 2698 3476
473 1964 3752 2030
1993 1194 2561 1621
293 322 1959 1065
529 809 1127 2346
1336 34 2657 2013
2762 338 3722 759
548 438 2392 2948
981 488 1440 1014
877 542 3934 2766
2292 2022 3607 2037
289 284 688 2708
1764 102 2709 1005
1761 2082 3030 3218
1800 2525 2523 2835
1205 1829 1438 3435
1924 261 3811 1450
896 444 3811 1399
601 281 2648 3818
11 482 2048 2912
1359 2012 2238 3710
537 1436 2060 2081
2065 2326 3887 3350
2444 691 3558 1880
2832 3349 3629 3623
971 1430 3650 3540
1052 638 2914 1683
2282 1366 2505 2528
2502 1346 2925 1693
607 1322 1546 2106
577 1262 2701 2164
1352 934 1793 3686
330 4 3848 1959
2107 1745 2207 3790
213 3004 3647 3045
1329 614 3384 2247
1723 966 3467 2450
1661 558 3928 2635
3250 262 3555 639
150 590 2633 3823
782 2682 1300 3990
544 1451 772 3092
730 2025 2257 2759
202 1635 2316 3303
1690 2963 2561 3910
456 341 1822 379
1029 1159 2326 3540
365 3181 3253 3283
2310 1502 2506 3312
1087 2555 3554 3657
584 1660 3124 3097
33 49 3506 2288
544 1770 729 2497
209 339 1386 2461
1579 1084 2738 1986
121 447 906 3301
2205 3619 2953 3732
1293 2881 2854 3873
1201 2400 2394 2463
1344 403 3936 3507
2186 168 3643 1034
938 291 2314 1152
1479 472 3173 1241
3136 182 3770 3968
2400 1832 3005 2281
439 521 3524 1896
2553 714 3150 3778
795 850 2499 2598
1538 934 2313 3608
2397 232 3951 3716
2489 2836 3869 3957
67 2101 3309 3506
1377 1275 1911 2242
2991 1061 3385 3201
2273 759 3181 3228
249 219 1947 3796
1907 204 2701 1464
1091 734 1373 1463
1704 1123 1727 1867
2601 32 3797 2245
2687 1027 3051 2103
1153 673 2816 1381
915 1487 1622 1883
1819 976 3914 1672
332 1295 2670 2215
1279 546 3132 1044
1518 629 2377 3212
1044 1811 3962 2356
714 381 2732 3946
384 325 1827 3686
1182 1831 3254 3828
545 1955 1416 3000
241 679 1247 3555
967 1274 1919 1800
1573 2841 3811 3314
1107 464 3895 1537
1493 2050 1852 2564
2440 3126 2978 3485
1381 276 3673 1839
2028 1364 2546 3238
2448 1601 3886 3839
1239 3175 1392 3224
1084 1316 3722 3968
2011 1774 2871 3710
196 3106 482 3906
321 1729 1482 3711
1267 2045 2940 2410
109 809 825 2451
2156 234 2804 300
315 415 2222 1378
323 3141 3010 3433
506 38 2840 2490
1568 3741 1842 3827
762 325 2721 2569
3127 441 3581 2405
347 1043 529 1621
2101 846 2224 2145
1044 3087 2936 3316
356 929 394 2662
3615 1329 3834 3926
214 1734 2504 3381
1876 1037 2186 2785
113 2383 2740 2955
2125 324 3346 1613
800 493 3544 2611
1105 3130 1767 3132
2993 141 3609 3945
138 992 2354 1739
567 1745 3514 2021
1856 1743 3849 2522
565 103 1713 2815
2918 453 2961 2232
545 1012 3006 2093
2485 1290 2536 1541
67 2114 2448 2958
1020 2376 2020 2792
3750 244 3898 3754
875 2145 3915 2167
488 866 577 2443
1633 1483 3057 2249
2798 695 3692 1555
194 582 2541 681
2040 3050 3362 3610
1533 897 2751 3707
1022 3222 3450 3269
135 2553 2919 3172
868 215 2198 2577
1699 1785 3004 3874
3173 706 3952 1736
5 715 2507 3696
1019 327 3289 1663
382 1199 3578 2633
944 542 3975 2751
2965 1727 3997 3627
3563 904 3647 3090
2872 52 2960 3866
878 1963 1817 3519
3699 1768 3878 2757
2628 1909 3822 2233
657 354 2516 2919
361 544 645 757
2525 646 3851 3857
664 1452 3618 1546
1226 1058 3232 2792
1688 2274 1845 2301
2333 2375 3180 3375
772 701 3838 1550
632 1696 2205 2631
56 920 498 2617
512 925 2755 2987
1476 1704 3740 1754
509 509 3991 3768
229 203 3246 1951
392 2092 608 3639
708 1344 2556 1635
2241 1177 2575 3882
895 799 3573 2008
818 2536 1960 3678
850 1961 2796 3063
2049 1208 3461 2295
415 2420 3411 3679
2692 1801 3265 2674
1483 1873 3691 2922
1174 2699 2430 3587
1054 137 1231 2961
988 1608 1718 3104
2062 2041 3111 3194
433 1025 3102 3689
26 2317 3220 2805
1372 1344 2596 3239
2799 1156 3953 1526
961 1200 1434 3245
348 1482 1806 3279
1512 1692 2547 3847
660 315 2708 2670
2017 299 2596 2372
1390 2580 1520 3505
741 719 1123 3497
814 451 1119 1003
917 854 2403 1646
1361 1332 3227 3333
827 2144 1140 3792
618 872 672 1482
1741 276 3680 1742
2484 1830 3886 3238
107 514 340 894
1943 957 2775 1358
913 1581 2934 3878
2054 2641 2528 3761
3302 26 3355 1458
3025 963 3965 2793
13 1210 472 2389
1036 1791 2722 3967
2032 581 2302 2640
2423 601 3439 853
56 2219 204 2258
1773 3279 3384 3831
152 2719 2353 2977
191 2978 852 3536
1589 1016 3837 3375
30 2146 1443 3483
1802 2317 3180 3582
2562 2163 3788 3492
1582 1013 3954 1204
2863 1995 2937 2031
613 1443 3206 2989
1177 1075 3482 3684
1507 139 3682 1985
3129 1860 3808 3658
295 126 3028 3414
883 204 2032 486
697 3225 712 3438
247 882 3740 885
3269 2672 3832 3504
1238 722 1804 765
1261 1415 3253 3904
1494 388 3825 989
2359 1472 2878 2366
2548 746 3577 3590
2873 749 3633 3393
1113 392 2814 2269
543 1880 2176 3047
228 1784 1598 3024
762 202 2258 3135
1435 12 2610 3098
1153 1221 2374 1248
197 3234 1715 3380
2849 192 3712 3474
3133 42 3334 104
3200 1685 3793 3741
2193 2333 3603 2556
711 343 3158 1117
2202 622 3304 656
221 1904 798 2110
2384 170 2591 3671
418 563 1438 786
1322 1360 3554 3129
2449 1933 3694 3611
2775 1169 3591 3455
299 531 2376 2672
896 474 3706 2397
237 2397 3677 3983
654 3677 1744 3699
2366 2471 2674 3464
1140 3779 3883 3891
1178 2761 2881 2866
544 1899 2481 2262
212 486 3844 3904
382 1529 1129 3768
683 1260 770 2400
1461 2513 1564 3017
472 2365 2529 3111
3172 3285 3493 3642
867 621 3429 1866
749 3466 3408 3558
2140 397 2248 3380
1463 114 3648 3559
3346 1557 3857 3701
1082 849 1433 1571
887 2015 2107 3722
896 897 3328 3069
2023 14 3391 2668
2175 750 2310 3216
701 714 3284 2813
3387 2722 3797 3106
3279 1661 3951 1963
3012 561 3918 1107
1543 1229 1912 3127
2226 61 3432 3271
9 57 1866 3729
2506 2057 3804 2735
674 2101 1396 2717
1662 1512 3638 3909
1626 780 3828 2291
1450 2437 1510 2736
1618 1339 1653 3216
704 158 751 2241
920 2470 2499 3277
1567 1228 3153 2077
360 3760 3228 3774
431 2743 3907 3270
1615 770 3910 1557
926 777 2099 2054
1835 1295 2014 3702
1402 2133 3691 2451
2545 481 3117 2681
2086 260 3165 1114
2187 193 3920 2670
1565 863 2451 3579
1021 1275 1249 1786
1197 2520 3924 2594
1153 222 2863 2070
505 434 3185 1043
882 2543 3341 2593
664 2049 2664 2945
207 2052 476 2690
989 127 3857 2119
3171 2534 3680 3746
1673 923 2965 1059
330 3070 1240 3076
1022 3504 2792 3840
928 193 3910 781
1120 2779 3734 3542
1049 651 1230 1985
1481 1825 1497 3704
910 1115 2069 1991
1016 1330 1041 3727
546 2241 1375 2622
1615 407 1880 3275
291 599 2012 1535
169 1925 2230 3639
671 1819 1777 2814
351 1475 3961 1653
2938 400 3510 1197
1143 33 1471 2419
2606 990 3833 2144
1254 1153 2653 2848
1622 831 2681 2876
41 51 3221 2390
1707 174 1943 989
1219 1356 3478 3857
1830 14 3202 1812
1106 255 3141 2927
261 2683 2813 3080
26 739 3815 998
1323 1981 1398 3993
2680 1322 2855 2128
3061 2369 3965 2895
1566 676 2685 2161
609 1255 2610 1964
2633 1935 3013 3273
1769 429 3163 498
379 3441 2177 3717
1224 3503 2499 3823
1449 2182 1937 3456
1366 1037 2367 3984
530 77 1339 508
737 1283 3230 3553
1261 981 3549 1384
676 913 1768 2117
668 775 3535 987
440 93 2424 2040
788 1309 2425 3904
2744 2499 3280 3339
885 1124 1038 3125
1893 1213 2122 1709
2031 673 3368 2299
960 1432 3694 3516
1823 3168 2140 3826
1344 3479 1358 3921
1537 291 1774 775
44 1598 3747 2267
182 972 3067 2705
1399 290 2449 3350
1305 2618 2317 3892
2232 1956 3823 3248
1598 1203 2349 3215
1277 460 2148 2753
1398 853 3158 2152
2906 1069 3013 3833
3580 1320 3965 3338
1461 2689 2481 3298
1697 2448 2198 2718
3384 22 3609 1350
1884 2127 3999 2803
2618 263 3250 391
1951 1262 3296 1847
883 373 1088 1417
413 1343 661 2500
2150 53 3520 2153
1216 2118 2305 3612
151 197 3268 1567
176 2183 3133 2395
2285 103 3241 2329
1319 2512 3484 3281
2369 21 3616 943
1950 781 2006 1590
2040 2139 2148 3565
99 1920 1792 3987
2675 1430 2728 3980
635 942 1194 2138
1374 159 2757 921
229 1632 835 2529
1632 267 2158 583
992 140 2286 1211
3324 1398 3826 3531
901 587 1063 2315
514 325 2592 2506
1324 2126 1595 3057
1519 177 2000 3452
1233 1236 2893 2785
561 1977 1925 3558
1755 711 2097 1275
1916 1308 2769 1430
986 3491 2272 3756
346 103 3075 3501
691 960 3680 3364
2370 3043 3751 3248
1766 2274 2123 2608
1837 2403 2888 3999
1669 763 3100 3469
298 2114 1112 2291
328 1844 2288 2364
497 1535 1738 1679
846 1643 1723 1884
1070 2206 3243 3409
1449 115 1895 2031
26 852 1972 3311
2759 1614 3319 2221
1335 1111 3640 2853
987 794 2345 3459
577 2005 1925 2878
377 319 3010 2457
359 156 2446 3571
161 144 665 3184
2436 1398 3096 3224
147 1858 1267 2197
174 1181 3123 1570
133 910 3001 2093
377 3113 3670 3831
2207 1281 2280 3054
1081 2585 3251 3287
1655 1742 1799 3789
1519 1202 3573 2457
589 200 3494 3682
2335 459 3416 1585
2012 2316 2580 2385
1365 433 1911 1905
745 2953 1638 3387
1321 699 3584 1479
662 3234 3012 3266
3659 381 3942 2831
985 1179 2937 2786
1851 3010 2133 3140
2003 177 2243 1291
287 1062 551 1161
3086 1374 3531 1805
2181 352 3748 2232
2231 2012 3247 3668
597 106 2529 515
1643 2817 3071 2819
2400 1766 3517 3605
809 2717 1008 2899
140 77 1205 3592
1277 58 2598 3412
225 683 252 3016
138 1296 1428 3217
1205 610 2782 2857
305 2224 3031 3713
184 41 1498 3218
1557 2848 3202 3634
2768 544 3563 2121
87 501 3347 1736
599 2564 2386 3239
2796 2322 3743 3605
2581 1704 3152 3527
598 221 3242 1663
1542 400 2084 1448
1457 2009 2245 3627
3123 2772 3800 3662
1125 1248 1707 2975
2310 3441 3517 3787
1242 1914 3600 2205
566 2115 1301 3174
2004 1013 3109 3913
1827 1542 2865 1630
1680 917 3092 3237
1079 1533 3413 3967
1526 171 3171 2001
1320 1981 2874 2904
3287 737 3979 1043
261 2152 2165 2274
136 2800 3271 3946
1473 199 1969 2913
1152 2227 2281 3497
1878 1294 3455 2621
2733 132 2874 2977
982 756 3141 2756
506 1923 3080 2791
748 2650 2643 3939
1684 270 2408 482
679 1052 1722 3281
2894 1072 2982 1384
1298 1910 3934 2995
1096 2103 1241 3760
308 582 356 2315
525 2035 3433 3929
494 407 1341 610
71 704 2453 3086
1725 4 2612 1752
1812 2829 2308 3778
1365 449 3207 959
847 259 3712 831
517 1009 2518 1423
1270 1059 1916 1377
2011 132 2213 162
2585 701 3147 2017
564 498 1421 3337
1818 2067 3437 2829
1681 1135 3739 1168
840 2633 1665 3334
673 152 1545 1613
332 1561 2763 2009
3374 3133 3497 3779
303 2099 3040 3581
761 1131 2177 3532
573 2424 3338 3280
2909 526 3488 3740
2877 2410 3723 2823
573 963 833 1506
1888 2668 2182 2714
1851 1965 2386 3813
1056 1026 3055 2513
1388 851 3939 1485
530 1348 1492 2910
1494 1197 2862 1587
1210 1137 2200 1677
758 2532 3397 3748
1849 1277 3950 3704
2693 2042 2706 3003
796 1143 3909 2147
2203 1753 2865 2862
110 577 2236 1186
315 2674 1666 3999
183 1580 1264 1669
721 992 3906 2535
637 1343 3889 2954
1097 1632 1240 3027
545 79 3114 2652
500 1631 3793 2871
2347 3588 3017 3772
1005 1230 3943 2047
24 609 3052 1219
964 957 1746 2357
612 933 845 962
933 627 2370 905
1651 201 2412 3690
125 2010 1012 3873
1143 692 3104 1098
1547 3427 3989 3443
261 1449 3356 3238
1822 1581 3505 2961
1777 168 3266 2713
143 431 2681 1600
648 229 2840 3822
1134 2406 3965 2800
1078 187 2070 1580
41 954 1175 1500
906 1451 1351 2916
2841 683 3040 2238
123 412 3337 3259
652 657 3108 1774
831 2246 1976 3656
2926 353 3954 3254
187 1207 902 3655
2918 1376 3204 1470
1522 1287 3582 1352
2509 94 3271 2081
3130 1615 3817 1906
246 2143 2539 2261
663 1282 1143 3086
2929 135 3594 1403
1485 451 2520 2305
299 54 2318 3277
397 110 1552 2285
1724 1404 3548 2638
1710 223 2729 1656
430 312 1178 974
2773 1224 3223 2671
451 370 1711 2511
317 244 489 3193
2210 628 3942 3397
1042 153 3015 784
2358 1245 3800 3455
2022 1971 2491 2153
1386 2874 3221 3448
2597 1299 3561 1746
132 531 1950 1960
1883 1595 3936 1818
196 510 3922 2945
897 860 3800 1659
875 1993 3877 3130
273 583 3847 3966
805 417 2261 3736
71 1032 2579 2956
319 309 2906 3422
883 566 1486 2371
1707 295 2827 352
1868 1134 2844 3939
377 1084 2082 3750
2924 384 3952 1602
1583 255 2768 2738
180 1045 293 1363
3688 2295 3833 2798
1315 1532 1686 2045
998 3900 3505 3954
211 688 2585 2438
227 1167 1217 3543
2403 899 2886 2290
1093 2384 2780 3521
2467 995 3366 2213
1626 981 2018 2473
1083 6 3539 1343
2420 3580 2517 3951
1023 1938 3135 2461
2019 321 3637 2226
757 2683 1136 3216
2022 832 2837 2878
373 1314 808 1723
664 267 2788 3317
1987 472 3447 2807
3727 1827 3911 3361
1961 1232 2982 2618
2846 2952 3677 3120
1537 424 2338 2101
3323 2210 3538 3539
2822 530 2867 3535
1126 1718 2862 3333
674 355 3521 565
1274 751 1954 1968
588 1275 3558 2669
1993 1370 3016 1431
908 1328 2314 3128
733 1497 2092 2739
764 1091 2564 3493
1830 2795 3399 2949
379 1133 2396 3043
87 463 408 478
980 1174 2453 3354
155 927 2805 2966
974 2497 2447 3695
1316 239 3484 536
855 1294 3512 1596
847 1159 3769 3565
3363 134 3875 2872
2692 1145 2802 1168
764 873 1366 2928
763 2528 1904 3859
3051 796 3780 2649
2145 35 2191 2522
2053 3376 2110 3560
1254 63 1506 2507
1898 2737 2248 3689
327 1520 1658 3586
2229 1373 3280 1766
2553 1405 3678 3902
93 2519 1410 3506
3766 1886 3868 3975
637 1315 1861 2269
318 2018 1147 2273
753 1176 3838 1370
818 1421 3344 1788
1258 1226 1482 1428
259 875 644 1782
3185 1985 3315 3329
1187 642 1325 2888
796 168 3455 2332
3112 380 3387 2018
1622 915 3035 3861
523 813 3454 3173
1575 2417 3740 2953
600 2660 3796 3299
582 2311 2807 2656
3072 2013 3404 2198
952 1300 1279 1308
1796 1240 2888 3537
646 413 1759 2965
3097 776 3246 3270
2613 315 2968 1737
140 550 3059 2637
2565 6 3968 1754
984 1108 2026 1490
37 980 946 3579
1151 3178 2462 3736
949 802 1303 3782
904 799 1104 2774
2191 1475 3442 2708
544 80 3629 898
3000 680 3528 2732
26 1921 204 3263
455 1101 2017 2634
3143 239 3427 2605
496 1726 1636 3477
967 2511 2861 2516
2569 289 2988 2303
1445 661 3344 736
276 3441 3343 3463
626 41 934 2988
814 2024 3821 3193
1756 2393 1868 2815
886 2889 2400 3421
1048 577 1310 2227
1488 1762 3948 1846
3182 512 3899 541
1854 842 2883 2079
545 1968 3199 3142
3348 1391 3415 1969
511 1051 3306 3621
1882 672 3282 2917
686 2447 1132 2708
586 917 1258 3752
111 803 405 1209
3288 1166 3863 3411
825 341 1573 2271
2352 678 2747 3923
1585 2779 1940 3921
12 1623 3475 2014
12 2012 3034 3637
561 214 1549 3003
1047 1752 2215 1914
1145 804 2591 3907
1423 230 2502 2002
976 223 3908 1225
3830 1792 3834 2650
734 992 846 3995
1522 240 1763 2509
2257 2267 2336 3375
2440 58 2915 1240
2454 1416 3034 3282
372 950 3631 2146
1651 431 3127 3970
230 2380 2261 3067
2368 8 2445 1588
2305 609 2523 3066
1842 1468 3206 3723
1324 2373 2178 3170
1065 1956 2064 3487
905 1294 2344 3793
1805 1014 3394 2407
431 1141 3433 3759
590 2783 2526 3701
2615 1740 3000 1984
1031 2915 3347 3190
1867 1176 2698 2806
1213 1599 1352 2328
2874 1666 3928 2120
3007 1772 3382 3997
1136 353 2294 1182
40 1850 2259 3758
2006 3066 3025 3113
2100 2151 3812 3342
62 72 1189 2877
1371 1811 2935 2119
1608 82 2626 3833
3231 494 3322 1051
309 104 1559 2734
305 3422 1967 3866
1589 505 3852 3477
1045 3558 2837 3720
1197 2706 1706 3955
258 426 969 978
290 2314 3004 3994
2155 446 3712 3275
2274 1401 2279 3229
2255 1033 3346 3298
376 3701 397 3829
3844 1872 3973 2457
525 1477 2134 3831
1014 630 2613 960
1033 1617 2108 3914
687 3916 887 3936
1666 554 3189 3754
949 1857 2855 1872
3261 2472 3927 3925
3515 1047 3751 3256
1163 777 1785 1015
228 92 1940 1436
1489 82 3028 1516
1868 1270 2464 1507
662 78 3219 1981
2279 1719 3777 3748
1502 1814 1733 3143
3441 2722 3620 3007
2014 297 3099 3463
997 1718 2577 2193
320 2630 2922 3271
19 768 455 1141
3301 1412 3340 2836
733 1882 798 3347
234 372 2489 3324
2142 2996 3560 3542
1038 733 3103 1241
2189 2248 2801 3471
1131 3391 2664 3689
1894 501 3892 2976
3043 959 3827 2162
382 579 1632 969
847 1022 2538 1835
1165 2778 2474 3243
3606 1539 3917 3377
1873 22 3267 2315
1980 870 3256 1178
393 1597 2402 3417
141 2332 3017 2381
156 3217 1016 3384
1939 332 2475 2990
2064 776 3085 905
2552 2613 3264 3407
938 2761 3662 3481
320 1398 1502 1685
3434 367 3988 385
2975 1249 3929 2895
398 697 1505 1096
1670 70 2271 3607
1374 591 3849 1341
2705 1752 3051 2231
560 101 3827 3073
399 63 2105 1246
286 1479 3489 2689
596 602 3136 1823
99 566 447 1851
231 2544 3202 3585
18 2176 1445 2369
1408 9 2438 3403
1786 979 3021 3807
361 527 3360 1742
493 3126 3847 3452
2009 757 2338 1857
518 1769 2658 2753
215 1073 2896 2674
3180 810 3474 3731
687 919 1704 2154
229 2059 623 2684
216 1547 289 2276
128 3320 3583 3954
1570 532 2526 3731
2778 1889 3986 1903
3687 3010 3698 3855
3377 3225 3776 3807
1284 2324 1640 2706
149 2841 3735 3792
2618 1013 3376 2567
2115 881 2929 1849
583 470 2552 3417
761 2409 876 3024
1129 229 3769 257
1284 227 2518 925
556 1736 1960 2635
1508 2036 1661 3680
1825 1904 3435 3781
1441 168 1920 1797
869 994 1400 2588
1412 479 3991 2671
1366 62 1808 2887
3809 1361 3854 3479
1164 1057 3767 2474
2190 1364 2487 3646
330 339 433 1751
3183 623 3536 2218
566 970 1544 3719
316 164 2096 1021
1608 2895 3167 3666
1636 403 3394 3394
140 914 3618 3230
886 906 1357 3568
3274 714 3765 926
852 2111 3895 2731
797 2707 2274 3923
1989 1784 3345 1947
215 1563 3282 3064
684 2252 2674 3556
1533 1456 2748 3578
2254 1911 3016 2672
692 2630 1030 2809
2129 188 3168 757
292 347 3195 3153
1646 823 2395 2533
1617 1026 3337 2092
1276 304 3605 1526
1511 1585 3213 2555
2367 1771 3707 3646
1884 12 2680 1986
311 1318 2527 1524
920 912 2846 3300
255 1736 2425 2247
2417 1265 3198 1381
1230 289 3426 2801
867 1585 2193 2069
3106 1924 3250 3882
186 254 682 2460
882 54 1921 705
123 1701 3706 2918
2089 2074 3643 3287
1522 631 3848 1371
1013 3883 3274 3968
1959 1993 3687 3459
426 2242 3922 3655
904 358 3899 3632
1011 567 2710 1452
171 163 3090 2224
2356 1902 3322 3361
1521 743 3802 990
778 1178 3900 2651
514 3 1180 3722
1081 2138 2457 3140
212 64 2619 426
2354 1654 2395 2109
11 1225 3552 3845
1812 1537 1940 3023
3305 499 3840 2347
2077 2796 2685 3456
1504 2006 3235 3495
1931 2813 2442 3765
299 1992 1939 2838
866 1918 3223 3396
2137 626 3085 1252
841 1607 3962 2027
1326 1482 1793 3280
1218 9 3532 2891
1901 2874 2218 3426
1332 1197 3484 3225
3522 33 3755 726
336 437 2406 1157
1241 1643 1318 3937
2235 1887 2379 3524
1500 503 2371 3594
1810 64 1888 1695
2962 1900 3671 3047
1936 277 2291 2818
2289 2920 2878 3161
3281 805 3503 3885
1010 2191 3750 3497
1508 906 2915 1791
854 435 1189 2112
2679 983 3012 2197
1902 876 3211 1047
433 367 2749 2439
2511 27 3233 912
1746 405 3600 2573
1469 951 1499 1463
987 3049 1177 3246
834 973 2872 2631
3334 3177 3908 3466
2621 1619 3675 1742
992 349 1831 1973
112 267 3624 2477
322 1389 1001 2267
3131 2766 3235 3523
2191 970 2974 3409
122 795 3992 1562
2569 667 3713 789
1159 3400 2424 3861
600 1267 1274 3132
2169 690 2543 799
876 125 2591 2473
1444 1709 2946 2656
720 1137 2132 2409
685 1375 3624 3895
827 1393 3890 2711
531 142 1219 2023
3269 923 3734 1787
1487 2774 2674 2923
1052 3768 1310 3929
118 269 3879 2347
827 761 1172 2654
2150 80 3876 443
822 356 1240 820
3638 1668 3955 2693
808 198 3628 573
755 271 3031 3369
2646 749 3285 1254
60 429 978 1747
31 3474 1063 3869
423 140 2643 3894
845 552 1556 3775
3139 522 3313 3715
601 3050 2580 3816
495 2196 2445 3619
3117 1038 3602 1130
1251 1064 2943 2005
3192 2290 3213 3900
120 1552 2565 1610
3155 1702 3725 2056
670 145 3124 1867
792 924 3588 1178
3028 379 3605 1318
193 587 711 3419
268 2916 2997 3447
1786 2717 2139 2870
2109 1088 3752 3279
512 736 3955 2843
136 2470 1649 3829
113 1880 1887 2533
1882 453 1926 3178
2885 437 3112 2271
1721 75 3057 1321
2813 2413 2867 3442
356 1327 517 1607
1438 2972 2506 3018
3320 28 3903 3003
200 52 2832 1002
1330 57 3728 3443
792 2019 2837 3312
37 579 218 2256
2244 524 3057 2086
152 419 2954 1740
567 1967 1648 3224
915 3032 3898 3309
2172 364 3703 3319
2705 2696 3993 3456
2192 967 2635 1009
239 2623 681 3877
601 2191 2007 2603
892 312 1974 1709
130 334 2146 1527
561 2137 3463 3459
1838 1492 2160 3013
1909 2151 3429 2470
404 2381 2060 2409
1212 1891 2605 2176
2659 66 3750 3072
714 711 3150 1168
464 218 1265 326
2439 759 3635 1911
2538 293 3175 2688
123 66 476 2664
774 812 2037 1341
564 1660 1878 2391
408 268 2232 857
1041 2954 2733 3521
1845 1455 1852 2378
1608 457 2882 3997
1546 1351 2485 3760
2545 2798 3771 3746
385 1493 3177 3831
3200 1883 3998 2415
1175 122 2338 1164
304 1593 851 2332
212 1437 2530 2576
2 253 1107 1022
1522 220 2771 1929
2344 400 2479 2454
1271 891 3373 1096
760 244 2363 2913
2439 2198 3702 2500
699 120 2502 3115
36 214 798 223
1717 343 3125 2595
235 1831 1679 2072
1973 2406 3345 3194
725 617 3851 2912
429 156 2534 859
1418 988 2405 2880
1161 302 1851 3956
987 203 2984 685
836 254 2472 1666
387 956 960 1952
3081 614 3124 656
1616 2314 2858 3194
2670 1827 2810 3600
1682 917 2600 1168
910 660 3142 1758
393 2437 2813 2849
340 18 1572 2819
1513 83 1524 826
1595 2266 2898 2727
374 110 1228 2171
1356 2411 3085 3317
444 680 3982 3687
597 1783 3256 3152
1735 613 2219 672
646 6 2933 439
730 510 1042 2564
3747 1210 3848 2950
705 1291 3741 3755
2334 364 3378 2066
1049 279 3620 3696
754 238 3662 3056
1789 2044 2220 2956
218 1422 3216 1871
1127 1309 3723 2723
301 895 1054 1124
1574 1074 2787 1234
2174 1084 2972 2008
732 2042 2343 2098
3111 1929 3471 2268
1202 1249 1856 1442
735 1360 1814 1603
2420 2850 2487 3432
1372 2783 3488 2917
469 45 1485 1977
165 187 2293 3342
339 2637 1110 2667
2308 70 2740 3454
2218 1234 2274 3262
1284 371 2899 3632
485 967 1840 2026
1735 763 3167 1134
640 281 3056 1441
1398 1458 3283 1772
100 759 1060 1303
1457 202 2435 3897
1001 1513 2366 3164
2787 3210 3649 3750
1387 1848 3079 2948
242 2968 2247 3588
999 1354 2778 2985
1852 799 2436 2037
1614 375 1704 3182
1247 922 3480 3035
861 1093 2906 2061
62 500 858 1067
1887 700 3535 2641
1169 1841 2921 2685
1377 826 3352 3338
3766 109 3912 3515
467 3768 2148 3790
972 387 3114 1737
2343 614 3232 2465
1613 2219 2613 3180
46 382 2224 748
36 3010 953 3226
1321 268 2107 1514
1837 2037 2119 3106
934 1300 1638 2729
2247 855 3421 3513
693 1149 3354 1438
1578 2638 2848 3463
3023 502 3807 3653
785 1680 2564 2282
1932 3328 2425 3594
1517 1466 3524 2443
2494 1036 2830 1704
1408 2067 1624 3018
228 1723 293 3940
2424 2325 3349 3288
811 3272 3923 3647
1087 568 1608 956
1568 2320 2188 2607
2499 2377 2568 3514
142 1958 1485 3699
1221 64 2580 1912
2726 1586 2904 1678
1006 1670 3145 2114
799 236 2178 3049
462 627 3211 3273
3822 121 3944 2602
2546 2559 3617 2756
427 579 2510 1970
521 3221 3940 3941
2118 1867 2788 3917
933 1859 1615 3037
1429 366 3551 606
210 378 2118 3620
2510 41 3574 1870
305 2695 639 3936
2504 842 3165 1717
273 273 3092 3524
190 230 2740 2238
3175 652 3828 2296
111 3232 2384 3250
163 1472 2682 2773
2385 227 3414 3735
441 2256 620 3135
2015 1198 2565 1626
354 2619 2165 3789
934 19 2850 1474
1770 2077 3695 3020
2742 256 3441 2941
2284 776 2294 1538
815 27 3870 866
62 696 3954 1475
1683 1112 3100 2221
1997 981 3878 1369
1110 3552 1479 3662
305 1002 2003 1101
841 178 2752 3354
499 321 1754 3552
14 2331 97 3516
1919 2775 3615 3476
412 1669 1711 2228
1075 1748 3942 1799
1209 978 3943 1998
1649 667 2257 2543
1558 2836 3209 3276
236 209 3356 1623
1493 2734 3396 3344
740 230 3894 3493
990 872 3698 2869
1798 806 2098 2191
2361 1220 2447 3282
1182 1014 2275 3745
1264 2958 2270 3506
879 914 1052 2466
319 970 1786 3671
79 2195 1913 3820
638 832 2595 1721
799 288 3580 1167
2724 265 3614 3448
1522 2273 2629 2810
2193 1113 3110 3556
183 772 2858 2238
2931 3002 3367 3946
2172 1282 2902 3029
804 2879 3917 3985
759 1755 1857 2033
436 849 2969 2781
1004 2169 3718 2229
2009 2339 2522 2864
1533 1752 3092 2296
1465 1258 3908 3816
1200 134 2235 1903
1770 1927 3530 2923
1275 657 3959 1657
2292 509 3955 1944
1449 3180 1948 3439
124 64 2568 2566
437 1610 1595 3317
363 2010 1300 2153
54 1998 1577 3421
1651 1380 3100 1928
589 1587 3860 2404
761 466 3767 3829
2705 1299 2877 2597
1487 213 2483 2541
3637 862 3818 1423
97 622 3760 1331
2984 2731 3571 3352
81 398 2387 1259
126 650 1668 2830
770 811 2258 3870
193 1083 485 2304
3107 1730 3223 1902
3348 1072 3800 2840
2327 1116 2689 3359
669 1391 2273 1494
920 100 1312 876
2811 2121 3642 2515
1113 1710 2998 2839
486 2427 3001 3640
1151 1390 1824 3210
2873 391 3847 1032
2000 1910 2735 2793
1646 2699 3914 3921
1581 142 1791 1565
1254 1533 1311 3689
1102 772 2488 3806
1945 652 2618 981
674 878 2443 1116
847 1078 1040 1196
1774 89 3965 2037
1287 2826 2622 3039
3593 1813 3658 1960
1671 119 2955 3846
145 708 1610 2259
306 299 2067 1120
378 2106 3585 2688
1968 1192 3691 1426
1521 1669 3050 2595
393 3200 2145 3454
1045 828 1935 2916
234 204 3862 1210
1088 3042 1132 3636
307 2218 3104 2916
384 415 547 1758
2771 1060 3578 2730
1883 2149 2375 3629
42 952 1881 1370
2970 561 2981 2832
113 2735 940 3778
1423 2136 3709 3833
277 3429 2262 3618
3436 376 3859 1078
250 1144 2866 2649
2654 579 3354 586
1336 635 3061 2967
881 943 3129 1068
1305 2706 3865 3079
2179 1607 3510 2525
2053 2278 3108 3308
165 713 2510 2335
1099 916 1786 961
3188 1492 3868 1510
847 97 1524 2214
1930 2620 3313 3969
736 32 1840 3314
883 615 2188 3512
2258 2313 2420 2685
2137 1556 2702 3899
1636 2174 2150 3628
1611 736 1846 1744
303 2015 3400 3988
1668 379 3829 794
297 2055 3208 3480
2027 2215 2315 2695
1264 1198 1298 2515
960 1215 3818 2481
1437 671 3243 1717
335 119 2029 2405
1517 1004 1889 2250
175 494 2340 1652
404 825 3007 2047
1804 474 3780 1993
1305 3419 2455 3886
879 1033 3451 3033
1195 264 1379 3193
1807 1827 2782 3606
1246 3027 2180 3287
734 1630 1754 3170
1903 1448 2194 2790
2741 669 3808 1633
678 2377 1392 3193
359 1913 1102 3420
2912 1251 3239 3276
1381 2600 2319 2772
3480 1190 3629 1807
678 2195 2480 2684
204 1185 676 2972
1022 1186 1602 2252
769 99 1038 2894
1907 1733 2638 3760
3265 2275 3695 2448
3307 2322 3484 3341
1846 2912 3109 2978
111 960 2539 1351
1504 1438 3021 3461
1545 437 3389 3636
94 429 2764 2300
2987 1485 3118 1556
727 280 2109 675
1741 2703 3410 3351
138 755 1832 1716
2791 1486 3287 2659
247 525 949 1489
122 1778 2893 2352
627 2905 2824 3607
236 236 3728 2285
635 407 3606 1462
1607 1044 3238 2910
825 1174 1613 1672
1236 805 2137 1564
2064 542 2202 1989
3184 794 3224 1899
537 225 1147 511
344 3545 2104 3582
2024 3030 2922 3191
235 3643 2019 3740
417 861 1164 1969
1869 436 3490 2446
1325 2087 2906 2954
1124 2519 3716 2748
3823 346 3838 1210
909 1045 2042 1680
949 2149 1834 2228
2869 1595 3182 3251
1881 2838 3323 3075
3408 495 3524 873
237 2769 1562 2890
1993 1605 2429 3688
1003 1929 1842 2894
465 3397 999 3852
687 711 1250 2056
3337 733 3797 3565
1674 2120 2912 3309
1549 198 3450 1618
1292 1148 3268 3091
1012 394 1870 1269
425 108 917 2834
549 830 559 2695
1044 1271 1411 2485
657 8 2812 3961
895 472 3324 729
1473 2412 2505 2952
2349 3784 3897 3789
235 644 763 1848
3758 1936 3975 3360
951 734 2771 3664
2303 1026 3739 1142
2749 486 3001 911
75 20 499 1456
1684 648 3550 3744
1700 603 2961 2845
1726 2130 3473 2393
1559 745 1987 1760
518 171 1851 2865
1652 2595 1969 3292
1038 516 1385 2991
666 344 1664 1462
862 1722 1776 3837
272 1850 2027 3781
2256 399 2638 1921
1239 99 3862 805
815 597 891 3130
933 1801 2872 2589
1089 3401 2464 3677
995 825 1800 1387
1131 2413 2449 3529
1555 1584 1888 2238
273 884 3058 3445
331 928 3885 2387
924 128 2441 1793
311 1666 1902 2696
1723 364 3467 515
277 1767 3131 3583
683 2968 2401 3382
1073 3151 2971 3686
1246 2809 3983 3456
328 181 2098 192
1450 400 1714 2957
2455 1591 3614 3540
898 2153 3312 2389
3016 3395 3979 3577
661 405 702 3088
498 2205 2431 3755
2041 1675 2147 2106
1024 340 2199 474
2199 259 2259 2797
213 919 926 2419
1380 1680 1500 1915
998 1764 2816 2590
1298 30 1599 3607
127 640 679 667
252 1047 2318 2238
32 859 1890 1719
470 2902 3290 3590
2153 517 2283 3380
2111 924 2874 1135
381 636 3823 3650
2677 451 2878 1952
487 1374 1536 2664
3715 993 3925 1207
942 1280 1014 1752
2620 2297 3720 2323
150 2511 3031 3055
1622 2610 3689 3617
819 966 2032 3840
1012 2403 2323 3351
1260 2236 3816 3404
233 350 1316 1757
55 1276 1619 2841
156 2448 3400 3710
2390 524 2604 1158
269 1152 3123 2507
344 1024 925 1529
1271 439 3449 3781
2220 1014 2570 1645
949 962 1920 3347
606 1026 2778 3693
1163 2877 2693 3246
990 805 3346 1113
47 1033 1065 2160
940 1349 2296 2149
320 2153 2230 2575
167 264 3100 3206
1881 1329 3319 3584
1187 106 2973 2100
122 2299 2665 3263
968 652 2074 1140
1017 1786 1385 3063
775 2911 1284 3521
913 2582 1547 2896
403 126 449 1456
1159 136 2376 277
156 410 2071 3833
2260 1083 3173 3536
1754 1822 2516 2606
997 1066 1287 3307
327 1379 1066 1797
743 519 2073 3486
812 16 3628 3442
3239 1042 3544 3131
588 3141 3432 3964
485 3179 2360 3439
1774 284 2562 602
1486 3883 1666 3991
622 1681 3140 3601
645 738 1107 1073
3425 202 3942 1836
2229 93 3708 3385
681 104 1864 3426
536 1477 2670 2695
1397 1461 2849 3835
2779 296 3863 2433
1120 575 3507 1447
2646 1157 2686 2948
955 1821 3508 1900
460 1417 746 1597
555 3259 1263 3378
592 643 3828 3063
19 1795 2576 2923
18 3 1480 3870
2525 710 2899 2786
1163 2538 2325 3080
441 1837 3364 3676
1741 2952 3366 3545
1460 1844 2482 2160
932 1436 2129 1792
784 1883 1755 1910
1536 730 3759 1561
1193 2351 3093 3865
62 345 1131 789
496 423 2570 2840
499 1222 3641 2903
703 883 1549 2666
509 469 1912 3173
528 781 3867 1957
963 254 979 2382
2894 2048 3122 2991
479 15 2590 350
3156 826 3438 3509
1486 1051 3305 2961
897 689 2844 2522
306 208 2772 393
2938 1791 2993 2460
2017 587 3264 1916
499 1797 816 2621
1249 1365 1593 2820
427 1441 455 2569
680 1864 1313 3188
1619 751 2609 996
663 1283 2332 3386
1122 449 3032 2800
47 1859 436 2269
1628 1201 1993 2765
1011 2547 3987 3513
3 659 3666 1052
1198 485 3457 1987
2872 1349 3766 3183
1228 2733 2787 3740
2468 2288 3949 3320
206 1870 348 3107
305 1046 2825 3217
526 911 2243 2586
1955 2922 2040 3892
993 2102 2141 3469
2685 1818 3841 3872
892 82 3274 2212
2172 2453 3428 3366
2665 556 2883 1972
1175 1737 3977 2238
2611 528 3483 679
1290 252 3825 2482
2994 1205 3220 3344
823 101 930 780
1937 1 1958 2194
426 691 3111 2254
1563 804 3074 2899
314 857 2173 2126
208 243 1393 2733
986 109 2324 2375
2091 1623 2100 2035
2481 31 2724 2421
832 1789 2615 3583
431 146 3779 3659
3925 1434 3927 3152
2622 20 3219 884
426 1636 713 1962
2640 944 3199 3451
218 230 1753 1359
497 408 1156 1842
796 466 891 3006
822 1175 2619 1328
3068 101 3782 3302
2839 1359 3392 1525
310 352 481 3230
1940 829 3040 2792
1032 242 3734 2150
1347 665 1701 3829
1340 424 1584 2705
1514 1796 2735 3872
1485 697 2603 2390
1569 2662 1876 3728
972 2993 3310 3988
1599 390 2326 1541
2577 1869 3992 3093
1341 2133 1820 2142
1202 2177 2276 3965
3812 1607 3833 2185
684 1380 2240 3033
927 2375 3516 2951
3051 2090 3313 3322
3119 279 3270 3164
744 63 871 2041
1504 92 3674 322
2748 381 2758 2061
68 1033 1806 1513
436 534 3337 3619
585 1532 1313 3624
2625 696 3045 2230
485 609 3710 1185
274 618 3237 2013
40 2020 1707 2353
1305 1583 3960 3557
737 706 3911 2831
205 56 2611 2637
530 1269 1417 2519
1820 42 3466 1382
169 1255 3999 3014
1036 2685 3791 2686
85 2717 1226 3069
550 10 2511 724
108 3276 3902 3500
528 545 1855 2808
736 1467 1159 3306
2670 984 3325 2087
673 2023 689 3114
862 2337 3208 3072
875 2678 2059 3772
1826 1930 2214 3139
137 2601 2744 3531
1559 269 2549 791
1967 69 3492 3169
1923 2276 2418 3161
1546 782 1958 2470
100 2360 3624 3552
1028 2820 1963 3270
1124 169 3589 3319
1110 512 1464 1045
1140 1525 2841 3824
44 2678 3752 3988
460 1745 3644 2333
1449 3162 3436 3243
2119 2505 2820 3520
3062 469 3464 1668
78 729 2967 2286
992 1081 3499 2334
3184 154 3487 2297
2388 2123 2803 3997
766 66 2822 955
840 972 2668 3388
1134 243 1599 3514
189 1587 1328 2946
2588 558 3807 3172
2318 1507 2994 2480
1898 1357 3662 3723
1787 732 3077 2696
381 295 3218 3072
1842 835 2307 1031
1491 894 2346 3087
401 1564 2759 3992
1353 3468 3769 3542
1864 278 3484 1290
111 736 903 2730
168 1700 2363 3889
691 751 3662 2174
2065 1831 2477 3053
743 1485 2501 3473
418 844 3682 3515
916 623 1401 3286
1513 110 2376 1851
3126 2621 3990 3763
2885 2366 3098 3571
1630 2405 2849 3889
926 461 2590 608
2283 1168 3212 2900
1375 55 1881 2067
919 1067 1019 3494
3099 2802 3869 3906
1998 1169 2865 3657
1555 835 2074 3952
3351 961 3649 3040
2335 1566 3446 3653
1087 311 3408 2564
1888 939 3328 1555
1437 2972 3549 3926
1597 2666 3186 3001
1167 240 3355 719
2 1695 80 3503
1512 201 2554 292
621 27 3757 1977
798 2240 3592 2859
67 165 3110 2550
2046 1039 2623 1899
2744 1811 3603 3201
1041 1909 3320 2348
2863 755 3706 1141
1062 856 3854 2965
1167 1743 1724 1803
1723 1876 1756 3331
559 565 1431 3592
773 1874 3571 2460
2605 1186 2817 2178
1118 629 2413 3688
769 509 940 1991
2183 383 3087 1220
2134 509 3837 3100
532 608 2137 3064
1708 1625 3692 2371
3280 186 3789 1526
2183 1667 3448 1689
2161 2465 3231 3387
932 77 1388 2687
3147 570 3586 1652
1199 1195 2215 2573
1994 1579 2961 3728
1305 638 2835 1243
3186 1221 3621 3658
1488 318 3187 2009
382 1409 582 1619
2320 1305 3318 1962
2052 3544 2338 3767
2673 1359 3376 3732
398 273 2084 2517
1089 2241 1830 3295
1544 1089 3919 1913
1153 2350 2083 3992
2783 1205 3587 1697
96 2052 115 2269
2358 3707 2516 3959
2115 618 3016 2686
677 1899 2265 2763
109 50 616 1796
808 643 3170 2005
823 703 3410 3275
2024 527 3365 1594
493 409 3744 1965
1183 818 2785 1126
927 2050 2924 2881
726 1343 1883 3225
1813 1538 3440 2520
1858 123 1966 799
1315 1545 2274 3361
992 2600 2602 2926
324 3329 2066 3567
2834 400 2924 1104
446 1581 2172 1600
121 561 2838 3942
285 421 785 1813
369 894 877 2106
2108 708 2748 3872
1735 317 3430 420
1519 1370 2526 3115
296 1359 703 3783
1072 446 1909 3738
3116 2010 3996 2569
2324 2779 3464 3662
2129 713 2563 3487
1698 873 2381 2772
24 1584 1797 3078
1804 171 3048 1193
1241 926 2719 3414
286 472 2641 2197
3855 768 3994 3824
288 81 1646 382
539 1638 1042 3995
1549 2355 3202 3962
1708 942 2519 2395
2930 2442 3193 2852
590 139 1437 3274
1644 274 3183 1454
1610 515 1919 1451
870 1066 3195 3519
1902 2011 2400 3152
60 89 2794 2173
85 130 2295 1537
2140 1176 3909 3278
2215 781 2922 1633
2383 2126 3402 3911
95 602 357 3201
588 219 1633 3825
1071 829 1178 3072
2227 2853 3654 3690
1640 221 3781 2295
3233 895 3865 1139
1268 2368 2776 2660
1475 2005 2063 2103
944 255 1065 3413
332 1583 3688 3391
1596 1458 3603 1562
1633 2817 2848 3989
1262 1502 1456 2613
610 2671 1697 2851
524 1038 2644 1502
3553 139 3575 3654
164 2080 545 3200
263 2753 1274 2948
748 465 3951 1310
3174 2766 3343 3283
1471 353 2941 1494
308 1319 1506 3631
959 1305 2850 3552
1647 2022 2855 2228
1036 2103 2970 2458
18 1747 3844 2977
1575 2171 2864 3171
3282 174 3623 1132
241 3621 352 3716
1960 95 2879 863
1028 1847 2747 3532
1137 3335 2874 3846
1718 3159 1806 3982
999 530 1929 3842
5 1727 3835 3312
704 1190 3345 2390
1165 1956 3273 3404
2773 1732 3500 2486
2790 2276 3098 2379
423 393 2901 3678
1492 882 2743 1182
910 1758 2980 2346
189 3825 1767 3939
928 1654 2788 3558
3245 2713 3997 3370
1012 3502 3931 3866
1997 96 2780 3926
449 873 2403 1140
428 56 1856 2417
3366 1500 3459 3094
358 157 1460 3983
1309 2557 2432 3524
1821 1985 2397 2576
1811 1685 2262 2692
644 694 2757 3031
945 2273 3056 3679
657 251 2925 1287
2598 427 3229 868
679 53 2132 1438
436 1532 2907 3292
547 463 3568 3587
85 2403 3861 3002
2141 2428 3204 3309
961 333 3812 2770
31 313 1262 2932
627 397 3134 1665
1546 902 1721 3266
183 1930 1960 3522
352 990 2369 2426
2124 2198 2419 2924
107 1588 1000 3623
137 1797 1173 3793
1441 504 2561 592
550 1091 3696 1322
992 2854 1184 3245
67 963 3932 1299
1107 2091 2346 3685
852 315 1358 3217
1261 117 1277 1916
2853 239 3614 327
1045 775 2742 2796
2394 381 2560 995
550 2110 3172 2283
1601 134 2162 2646
2207 800 2435 1521
1101 818 2249 2361
25 1808 1002 3271
2807 195 3359 1542
1583 483 3580 3956
3150 2385 3871 2430
408 2701 3312 3607
2728 907 3518 1156
140 1869 1173 3694
301 734 3370 2244
1175 2354 2359 3283
2030 1118 2533 1682
294 1520 1073 2594
150 1141 1487 1855
1185 2855 2127 3949
931 2950 1180 3023
996 1154 3069 1479
62 1158 426 1595
1110 1133 1985 1499
294 1461 2203 1720
593 3661 2470 3744
2365 2623 3782 3363
960 1762 2416 2412
1397 734 2077 2492
461 2313 3258 3094
203 707 1513 3068
3591 1427 3775 1930
9 730 174 3456
1217 897 2968 1067
1308 2060 1831 3939
3367 1776 3536 2842
1180 511 3552 3176
2483 2119 2870 3653
1 3041 3436 3378
562 1890 3934 2366
2907 288 3761 3622
912 812 2876 1576
1632 154 3264 1341
1045 525 3639 2174
135 1090 672 1324
161 450 654 3094
1271 2883 1652 3431
1876 1491 2874 2432
365 1302 3318 2361
2435 285 2498 3348
1229 1107 3200 2762
2438 995 3422 3985
534 2121 2326 2959
1869 845 2570 1009
752 3479 2744 3721
1772 1265 3264 2929
820 272 2487 1201
884 2501 3511 2853
2440 2156 2551 2547
2108 1507 3050 3061
2935 767 3940 3191
1023 1523 3250 2993
61 1025 189 2989
1436 2919 3638 3288
84 1186 1676 3681
720 2311 909 3770
327 762 2506 871
225 2219 3433 3723
2039 1042 3453 1072
676 1367 2733 3631
796 1687 867 3315
1304 2694 3078 3322
629 2418 2695 3240
3366 420 3998 1175
2276 457 2997 2420
385 2460 3133 2721
2693 134 2979 320
3247 3063 3473 3295
1787 40 3583 2069
35 2078 1822 2946
1981 3058 3817 3883
1335 857 1431 1177
1113 1640 3451 2315
1457 1488 1814 1840
249 868 1135 1303
1879 2358 1899 3088
361 442 2331 2320
180 2027 1530 2839
1195 335 1456 1750
2299 1879 2755 2389
1604 3094 3745 3471
1861 133 3418 3843
955 1742 3090 1800
2482 2350 3886 2701
2776 605 3041 3692
1681 1037 2742 1579
930 1498 2958 2171
3673 1810 3785 3169
282 1333 2662 3679
3523 803 3590 3985
1364 36 2563 2134
2420 1346 2666 3145
46 3492 559 3801
2417 25 3030 1871
1765 2323 3823 3437
51 90 591 489
1974 1377 2541 2227
2073 1150 2452 3507
3091 224 3962 262
79 28 1158 122
939 2729 2105 3814
671 1327 3768 1494
1286 968 1985 1356
695 508 1848 1154
875 1598 2920 3109
1190 894 3051 2772
778 1305 3944 2096
1682 1962 3801 3808
1599 1710 3321 2370
202 345 2106 2121
2065 448 2827 2286
1821 1552 3914 3090
1241 1608 1771 2629
1576 1111 1893 3535
2051 2309 3058 3732
1917 882 2867 973
1602 1795 2562 2624
703 101 743 1112
1616 944 2568 1532
2544 984 3757 1278
1567 665 2635 3465
1291 2461 2124 3063
33 2790 2912 3408
952 1034 3126 3453
860 574 3073 1145
1421 1815 2998 3904
1080 79 2958 627
391 1914 2844 2116
1334 2017 2679 3804
1704 1834 1732 1942
970 3257 3520 3947
3222 290 3235 1758
2490 729 3176 1161
87 741 1833 1901
116 2501 289 3047
308 2257 1137 2644
3196 52 3753 3196
3632 803 3781 2647
1056 2489 2660 3275
202 528 1919 1206
1 481 882 3368
33 1668 1702 3962
669 1351 2420 2863
1002 562 1469 3665
331 626 1890 2608
322 2027 2316 2268
1944 1242 3425 1546
2436 901 3298 1000
2953 1218 3379 1373
1729 529 3044 1961
2156 2410 2908 3243
2256 448 2480 2610
1695 78 3393 793
1170 1518 3696 2929
1660 2120 2705 3680
20 356 158 361
223 803 3090 2324
312 2193 1678 3844
1787 212 2343 1070
24 990 933 2297
3607 1359 3624 3842
1153 48 1944 966
482 650 3385 1899
411 2501 541 3369
2692 1339 3338 3935
101 58 743 2248
1064 850 3174 1843
551 221 2465 1110
2871 1706 2991 2237
117 813 144 1264
2415 2499 3925 3249
235 2474 2645 3231
211 163 3639 2965
1243 738 1330 3497
2061 3381 2092 3839
1106 1279 1887 1416
195 194 3902 2274
2700 2060 2868 2685
3090 132 3615 2288
715 657 1358 3681
471 829 3260 1830
2318 1113 2728 3091
2286 1611 3579 3519
2192 541 3481 3578
1457 224 2024 1528
106 241 607 2771
100 3527 2298 3899
2568 1658 3324 3762
2292 1370 3996 1420
446 1875 3602 2871
1617 278 3454 2609
809 1788 1428 2018
420 1482 2945 2014
1655 601 2974 1195
1903 1163 2189 3814
121 463 971 603
466 147 1119 1606
936 3145 2853 3158
3047 2491 3195 3764
478 759 2443 3258
778 736 1467 3113
2553 3143 3271 3189
99 1758 3097 2228
2145 1293 3433 1446
1133 632 1932 2472
1802 3302 3584 3409
3398 2501 3720 3004
2259 1025 2309 1926
2 2589 2155 2622
1566 232 2852 3710
90 299 1327 3277
3182 1504 3190 3025
2465 2280 3215 3987
622 2053 2272 2449
150 379 2673 3807
1326 2059 2695 2600
2398 1208 3563 1561
1825 333 3159 1946
1479 134 3045 2042
634 3165 2959 3920
1508 2913 2951 3579
537 2067 893 3573
574 596 3044 1618
2280 257 3640 3081
672 734 1062 2186
595 491 2284 934
1092 1638 1195 2365
1777 627 3310 3377
1670 347 2969 2918
2357 1866 3939 2092
144 3852 3461 3858
266 3218 500 3491
733 835 930 3589
897 981 959 2964
2490 388 3767 881
1374 3856 2228 3956
2873 1959 3199 3082
112 1206 765 3328
321 2632 1226 2714
2195 725 2246 3877
119 3455 124 3677
821 1599 3062 2372
2883 1011 2990 3000
39 798 1496 1647
1160 2130 1731 2886
2217 460 2682 807
1463 860 3363 929
1111 1330 1308 1559
405 1831 817 3910
2174 1696 2902 3258
1919 2610 3530 2921
1539 1551 3675 2309
1714 1727 3580 2815
2291 3089 2761 3450
22 1040 1572 3220
1963 1641 2468 3218
525 1680 2742 2916
358 2197 3371 3194
1842 2332 2696 3446
1380 2126 3856 2311
926 3226 3446 3374
587 1415 1025 3740
1228 2270 2707 3427
860 90 1573 2139
2680 1979 3018 3353
1493 1469 1774 3470
1389 1449 2496 2301
833 1564 2071 2960
2569 136 3488 1024
415 755 2027 3986
64 1033 756 3468
1980 514 2327 1711
3513 1677 3795 3183
587 976 1827 3460
347 1125 2630 1143
3068 1198 3140 3102
258 878 1121 2203
435 723 1594 2471
2838 1732 3484 3816
1122 2152 1835 2478
543 23 2477 464
666 1762 2739 2597
1394 511 3015 707
520 442 1083 1819
1810 2173 2788 2641
127 984 2184 2820
417 76 463 1438
154 1970 401 3456
567 590 981 1323
2162 839 3166 3333
407 536 2932 975
836 1602 1892 2343
1277 2878 3114 3093
2596 205 3650 2054
747 835 2907 2293
2510 1956 3563 2314
1641 1224 3284 3801
986 2188 1496 2589
1694 1477 3081 3338
321 895 1940 3321
1737 871 2546 3984
1314 1837 3341 2554
1607 306 2379 2265
910 2124 1530 3151
767 2241 1725 2734
1776 1431 3058 1852
1889 1389 2513 1688
837 280 3156 2872
1078 146 1389 2328
338 699 3706 1616
227 2691 271 3284
2614 395 3318 2242
3501 548 3587 1698
3413 1448 3567 3415
926 830 3360 1407
1362 1434 2105 3068
559 2913 2240 2973
1821 1064 3195 3286
1379 1159 3272 2907
717 984 2064 2205
1580 3773 3926 3894
321 898 478 902
1735 636 3403 843
1474 1278 2933 3704
1973 55 3023 3411
26 140 2936 2732
551 1340 1692 3357
1776 118 2208 3750
1722 1131 3582 2864
749 181 2359 2061
253 1590 1861 3796
878 2525 1161 2777
185 1303 787 3059
884 2139 1479 2468
2390 675 2965 2679
2559 327 3193 1786
2049 557 3053 1827
1643 516 3947 2779
1158 994 3500 2203
1971 1838 3892 2617
2209 1647 3285 2175
1676 2120 2781 2599
855 1451 3828 3136
757 787 2318 3272
768 1502 3498 1552
1756 1866 3132 2748
770 1334 1460 1527
2696 261 2888 1925
18 1017 3283 1711
2645 2368 3379 3889
388 334 551 2979
1671 723 3195 3373
531 1192 620 1357
852 1088 2351 2644
3573 840 3816 1901
2341 2045 3473 2954
730 410 3038 2769
60 347 3245 1621
1513 736 2808 1698
1766 2845 2133 3934
1593 57 2684 2118
2234 446 2513 1315
1013 502 2037 3312
1029 3350 2396 3772
707 1288 3229 2184
1432 299 1866 3937
1615 1501 1790 2280
982 326 3771 1475
3479 2632 3566 2885
817 821 1449 2623
302 63 1656 318
58 128 3931 3355
396 790 1998 1673
1419 33 3542 1404
1755 2407 2243 2581
51 922 2702 3768
69 2350 1827 3468
1108 650 1446 3816
1051 288 1098 1253
1843 1576 3235 2862
264 990 2340 2654
867 1522 2946 3406
2114 1180 3633 3339
664 49 3596 2813
54 1020 2453 1903
713 487 3127 3298
2519 2358 3240 3305
1940 1920 3777 3960
1111 607 3501 3680
1014 1370 3319 3933
1348 2958 3190 3536
495 3521 2382 3693
1906 744 3285 3616
350 93 3413 3177
41 2179 2905 3411
648 141 676 1200
337 1717 2844 3317
362 1637 3332 3091
99 701 1314 1426
2008 1185 3588 2821
1183 1025 2168 2407
995 2601 1014 2882
785 3526 909 3595
612 3287 1557 3986
1701 1409 3501 3140
472 1501 879 3967
2903 1068 3272 3932
271 2178 1055 3744
653 704 2563 1433
1791 661 2122 3694
1084 1721 1932 2836
393 1037 465 1823
65 1202 1833 2338
1289 3424 1888 3784
1600 1305 2261 3631
2956 275 3893 3705
83 1790 1222 3366
137 482 760 3691
72 1760 1299 1872
738 9 3946 3219
2152 325 2832 1106
965 2873 2596 3455
1629 2317 2518 3677
1007 1108 1033 1884
1348 1573 2497 2366
2790 1996 3251 2324
51 2324 1026 3754
318 2158 2204 2865
226 440 2719 2361
139 163 600 2714
998 132 2112 714
2637 1619 2768 2715
2207 3435 2729 3538
297 2947 2861 2959
2207 1660 2453 3779
203 613 1955 1862
2944 226 2972 1519
2422 2432 2684 3566
1351 2063 1403 2224
220 3268 2879 3758
657 1166 2780 1826
937 3010 2735 3788
528 775 601 949
927 2468 3602 2654
2360 1161 3311 3834
86 1264 3204 2741
535 517 3318 2827
1107 977 3128 1380
665 1453 2699 3394
712 112 1596 2535
35 895 1736 1699
1004 51 2771 533
2206 363 2280 3309
348 1599 2398 2023
130 1022 3318 2824
1648 1801 3613 3159
2472 342 2760 868
1684 2937 2525 3363
2947 1967 3889 2523
1080 3746 3884 3808
3241 2327 3592 3699
999 79 2889 3300
986 1471 1531 3288
718 2539 3126 3911
566 2593 920 3824
489 2555 1397 3482
966 41 2583 1998
166 3144 2064 3202
583 163 3287 3709
2346 1269 2434 3781
77 82 2782 1678
561 1131 1024 3567
1795 89 2280 3500
2686 502 3381 3983
57 1151 163 3766
1119 905 3335 3377
221 3423 1117 3826
415 3274 1355 3652
304 2295 3428 2698
1401 1416 2559 3093
1423 3311 3131 3877
2930 537 3784 2344
1526 949 2615 2662
1190 3074 3050 3432
1802 1562 2503 2838
1767 134 3790 3897
1909 275 3442 834
3442 1773 3804 2314
874 3464 2693 3751
405 2433 503 3838
432 1816 3126 1852
566 1350 3622 2290
2885 594 3690 2615
2696 1121 3504 2107
3169 910 3172 2772
1636 1211 3645 2205
738 1140 2607 1289
426 1427 1562 3787
1797 3169 2381 3778
1452 1068 1869 2177
1029 449 1581 565
133 2476 2196 3879
469 1729 3145 3927
122 2608 3179 3666
2022 1840 3142 2846
1143 819 3405 3307
321 586 333 2401
155 1047 3121 2962
180 217 513 2811
137 924 2287 2444
644 2441 2393 3680
597 1458 1224 3888
1939 103 3794 2157
316 1464 2365 1558
56 117 2511 650
133 432 791 793
2151 372 2655 1946
1266 1655 3091 3086
176 1636 2103 3056
667 692 1080 744
875 952 3857 3445
838 677 1390 2463
3213 97 3966 3314
777 705 3910 1839
1856 1752 3922 2611
150 2306 1340 3915
802 802 3800 1116
1949 177 2607 2784
1588 1651 2615 2119
574 231 2431 3838
721 693 1559 3894
979 219 3549 3104
1765 392 2581 1968
140 507 1775 804
144 386 808 1532
666 2405 3942 2742
2955 1160 3684 3701
1910 434 3155 758
2700 1748 3273 3583
407 1321 3824 3346
1048 1893 3750 2110
236 311 2897 2349
3904 62 3951 940
3195 145 3617 3627
2346 1238 3460 2711
1966 1974 2952 3738
1010 179 2050 3072
750 375 2073 2583
886 706 3947 3440
598 1516 758 2450
2829 968 3710 2749
2586 134 2877 1994
1360 2427 2908 3157
585 15 768 624
568 1790 1161 2923
255 3292 3534 3682
2710 115 3547 2494
1172 1717 2807 3698
299 2767 796 3546
1334 1660 1462 2147
1659 1405 3159 3181
481 1968 1579 3339
1480 754 2397 1935
2487 3326 3538 3618
1894 412 2459 3100
949 83 1766 888
1253 906 1655 1579
206 2734 3515 3767
860 1932 2975 3573
154 1422 2940 3456
1276 484 2564 2368
1181 1314 2047 3090
1213 2797 3282 3376
1355 868 2276 2907
32 351 921 2980
761 660 1142 2800
985 1799 1246 1996
2004 2179 3085 2855
905 293 3367 1549
2355 2303 2554 3220
2174 1215 3273 2947
2331 2195 3986 3683
2525 1638 3205 3458
1362 1806 2846 3205
2244 92 3661 2586
2490 1364 2638 1708
141 409 588 1314
320 54 3685 3717
1644 151 3825 3756
902 875 1817 2023
2662 2668 2916 2749
3282 1679 3629 3041
3125 355 3553 3798
2 3279 2757 3797
223 2862 3324 3330
1004 2296 2538 2389
551 526 1381 3615
607 1699 3522 3037
269 146 3362 2546
2193 2871 3508 2944
2310 1640 3077 3555
1178 165 1187 339
3172 2277 3516 2828
2301 69 3485 970
1828 559 2322 1704
1299 247 2156 1740
1223 1024 3135 2358
1038 463 2296 1698
802 48 2111 786
827 2903 1847 3276
2249 2312 2994 3479
48 1681 2866 2777
1174 413 1962 1222
88 1452 330 2276
616 1803 2968 3322
2380 105 2578 1706
2312 1635 2810 2867
1183 1940 2949 3074
586 1422 3070 2841
839 688 1053 3157
2427 39 3500 708
726 1905 3200 1951
439 245 1151 3162
599 2207 1356 3366
2142 580 2185 2315
1816 884 3711 1423
126 46 138 2775
1206 2944 2451 3057
1998 1351 2299 3257
596 10 2887 2743
486 2373 3820 3772
192 1657 1324 3376
2216 683 3654 1399
61 616 3817 707
1866 1985 2402 2304
1976 2277 3047 3965
1523 202 1970 768
1868 2614 3650 3311
1060 1422 2127 1552
2104 1089 2187 2458
628 1410 2590 1955
1712 190 3692 429
1209 1342 3402 1360
2118 1663 3589 1963
876 1114 1595 3454
978 81 3253 1036
1602 831 2737 2706
847 290 3922 543
2190 1762 3525 2289
1557 2459 2260 3939
2428 3538 2786 3763
95 19 2619 237
42 2126 1169 2672
478 601 3358 746
718 883 2818 3889
651 2508 3015 3889
943 2601 3337 3607
1465 3231 3746 3572
1783 1406 3912 2082
3189 714 3816 1716
3360 1069 3753 3384
1923 578 2889 2477
2216 818 2590 3692
1999 868 2168 3224
346 784 3912 3808
1277 59 1452 270
1480 528 3859 2189
676 3365 1323 3555
38 3551 242 3742
674 151 3722 2142
1612 219 3438 2191
681 218 2306 3130
2487 367 3173 3323
2794 453 3544 1489
101 1123 234 2234
304 3460 1663 3739
456 2022 2394 2907
2258 1920 3658 3737
2258 677 2989 1411
2546 1467 3944 1733
2373 2199 3062 3557
806 2201 3679 3668
1326 1597 2163 1605
1004 651 1623 1478
604 427 1107 2145
556 1063 2447 3005
711 1556 3509 3626
1388 864 2952 2960
581 1848 1621 2057
808 2219 1365 2635
1721 932 3113 3622
3194 91 3575 590
1546 1615 3806 2492
47 1491 127 3329
86 45 3356 2042
794 43 3765 3803
743 1514 3411 2753
1000 1712 1332 2786
1497 817 2921 3572
1475 1285 3940 3543
479 2231 3552 3613
2690 3081 3548 3492
655 194 1716 2250
1446 1304 2275 3737
304 66 2995 775
185 404 198 3162
1517 2279 3455 3487
1947 329 3583 3969
224 1707 2960 2527
2338 1418 3068 3527
1461 509 2170 1721
917 893 1692 2165
529 2557 1970 2659
314 2502 526 3010
2138 847 3315 2725
1556 2061 3255 2374
662 1355 913 1475
1467 3068 3174 3528
1451 3513 3505 3904
3247 2657 3641 3357
796 431 1603 3226
2621 1930 3740 2964
1659 1466 2236 1616
1407 352 1841 2423
177 758 3076 3996
1331 2866 2758 3128
401 3161 443 3386
1833 643 2742 3464
797 148 1822 2143
1484 2134 3152 3233
1231 1605 2484 2086
3522 2449 3776 3795
862 607 3634 951
1086 1769 3146 3332
67 2736 3448 3680
783 1668 3532 3321
106 2812 3000 3982
1420 120 2489 2133
1492 97 3478 3854
370 1386 2791 2296
1706 2014 2065 2987
2413 1464 2869 2011
1603 1022 3771 3372
37 219 2845 3795
487 2535 2237 2809
1605 976 2327 2927
370 1825 1946 2190
1848 1028 1932 3470
2657 584 2701 1982
1915 573 2006 720
1587 2627 2243 2731
727 334 3638 506
693 1834 3905 2537
1848 1049 2974 3955
712 531 3355 689
1249 2077 2168 2364
269 1482 2490 2998
856 3745 1086 3889
1571 1967 2352 3590
288 1044 3595 3226
836 491 2547 3237
1162 644 3384 3480
15 1782 3517 2699
467 872 3939 2658
1052 523 3536 2546
137 714 1020 1336
334 341 1536 2284
250 1239 2725 3268
1498 1700 3191 2323
768 219 3872 1323
1812 690 1823 3166
3581 1622 3913 2308
1237 925 2980 2932
891 2708 1976 3598
226 3280 3312 3747
290 2551 3715 2919
1522 1326 2676 3389
2064 1058 3919 2200
2510 1794 3633 2831
1532 1157 2427 2020
1701 258 3595 2013
2863 459 3927 3371
480 1905 2244 3252
515 2650 2474 3596
1026 279 1529 2829
1465 1596 2530 2235
632 2162 1584 3449
2131 116 2901 3386
867 146 3637 3377
1330 625 3746 2505
1008 960 2246 1694
736 2141 3835 2895
2428 2166 3498 2407
1048 1045 3860 2505
1250 1896 1260 2886
231 1754 1507 3866
996 324 3608 1512
1264 952 1636 2480
202 1103 3184 2663
1227 1100 2846 3630
615 1022 3794 2783
3279 1477 3539 3690
490 1005 2988 2502
2717 1958 3211 3384
846 1726 3405 2479
1836 1604 3792 2617
1627 305 2771 3342
1143 1122 2652 2172
449 162 2960 2014
283 517 2885 2662
1628 22 3272 3105
1985 307 3032 1490
1783 2763 3970 3421
490 2962 1819 3875
2552 2011 2628 2685
199 1706 1138 3310
1716 3561 3313 3976
69 783 2859 1157
726 2779 780 3558
73 3219 380 3583
1772 676 1987 2583
1169 929 2465 1374
174 71 878 3023
1159 2269 1905 3403
912 2402 1064 3154
824 1000 2085 3960
1261 1214 2627 1262
2505 521 2733 546
414 2850 3169 3644
96 1047 2877 3741
1188 700 3045 3780
1268 832 2700 3660
592 2537 1277 2576
204 3186 2600 3757
636 211 1052 3942
1480 3233 2306 3593
240 1547 2152 1952
1431 1540 2156 3411
352 117 3837 3958
250 3063 2429 3220
1900 1481 3456 2524
1022 1948 2590 2844
1001 1620 3042 1932
1512 1133 2770 3718
2233 919 3530 1114
1826 1740 3496 2123
2275 2720 3200 3340
3370 1323 3707 3920
2510 1077 2632 1637
1571 1047 1996 1811
584 870 1589 2958
1820 273 3863 1037
368 1052 1739 2051
406 1793 884 2268
1965 1857 3652 2976
1 1360 1876 1452
2259 254 2399 2357
2818 1128 3971 1184
1278 1472 1599 3001
1479 1134 3513 2065
293 1797 502 2517
143 904 2929 2666
2213 942 2688 2671
2625 468 2882 3826
2231 2146 3270 2857
2449 2918 3336 3495
845 261 2810 2526
700 1034 2194 3774
3009 2849 3500 3127
1383 36 3092 60
1772 1808 3291 3891
777 40 2726 871
1707 2263 1845 2386
2430 1534 3399 2102
3501 1080 3674 2273
2897 648 2952 3229
277 1963 1920 3462
2750 1162 3293 2444
1933 723 3427 2472
1259 760 1730 3130
175 1176 410 1678
1117 1941 1856 2603
112 2710 2255 2980
2059 346 2757 1263
1602 1130 3573 3443
2842 3204 3563 3906
551 341 761 3057
923 2094 1542 2589
359 2528 458 3160
2351 1112 2681 1135
1933 3255 2731 3817
1348 1162 2562 1495
2153 415 2723 1158
462 3307 2400 3746
2062 2325 2177 3899
2719 1672 3853 2690
876 213 2027 718
1183 3165 3273 3447
1142 2818 1991 3504
1003 2367 1218 3768
1158 34 2210 89
614 1975 3979 2330
113 742 3067 2418
1560 1955 3349 3870
51 895 1160 2188
2449 302 3670 3139
914 1544 1542 2806
735 2707 3892 3838
2338 2467 3817 2953
1959 483 2545 1881
151 3041 2901 3843
1807 461 2176 2873
371 1595 3053 3424
1670 93 1686 3397
2417 1731 3011 3311
619 470 772 1248
685 137 2618 256
1543 62 1798 3193
1849 1143 2019 2152
2271 2431 3678 3962
1382 2780 2195 3542
24 3777 3705 3899
431 221 751 3300
799 95 3833 2190
2321 382 2623 2824
2669 816 3409 1390
1359 3197 1374 3394
2869 2185 3960 3775
3089 268 3357 662
841 576 1185 657
227 1802 3565 3924
2353 819 3778 3111
631 3881 3125 3884
1832 3029 3991 3809
874 1020 2992 1591
2184 555 3826 704
2600 314 3529 1900
1062 1247 3152 3327
1942 1003 2236 2662
1176 2502 1590 3410
3069 971 3563 2561
1717 804 2924 3066
864 1539 2415 3316
1629 1430 3135 3469
582 193 3321 678
1812 1848 2384 2084
3353 2841 3934 3411
431 1065 1194 3609
2789 1941 3457 3931
843 60 2862 3018
174 770 2868 1697
1872 1844 2062 2132
1128 2028 3477 2853
40 2099 3202 3407
1268 522 3895 3262
212 2263 1726 3491
1777 497 3652 2990
1448 1552 3504 2262
2299 69 2325 1574
665 1029 3005 1241
1752 3083 1976 3309
1966 2444 2049 3894
2726 886 3332 1175
2856 2631 3371 3927
76 734 716 856
2545 1055 3770 3192
1183 583 1667 1980
232 974 3427 3555
1245 114 2255 382
890 1498 2070 2595
1426 2302 2377 3693
670 1965 1478 3748
1430 252 1864 3481
773 1974 1081 3968
1515 717 1551 3936
810 1150 3303 2280
631 3031 3111 3750
1292 1983 2970 3620
898 1273 2447 1432
2059 1065 3000 1445
437 1520 476 2760
50 522 3050 3241
3602 299 3926 982
1383 1224 3403 2357
735 66 2706 963
2796 1956 3417 2080
226 1560 1135 3612
152 2339 3477 3782
811 1127 1755 3804
1148 1884 1310 2485
2343 3311 2475 3867
2059 730 2246 3349
1447 715 3190 1024
1085 1692 3153 1785
336 2451 3744 3027
1836 955 2494 3970
449 1575 2394 1783
2556 1873 3179 3657
160 1047 973 2665
1193 923 2816 3150
2946 1948 3635 3079
643 857 3595 3353
1712 2394 2402 2761
2897 914 3418 1268
1291 59 1826 1203
819 3563 3828 3863
2867 1895 3643 3022
2873 65 3586 1569
657 2545 2384 3803
184 2083 3998 2084
1707 1731 3375 2558
332 344 2822 2817
1548 954 2817 1508
1167 487 1548 2214
792 883 3870 1698
1399 2289 2075 3349
1144 2288 1916 3062
897 297 1135 916
2052 304 3333 2793
1455 2156 3659 3443
499 1408 1439 2888
1390 338 3787 3766
457 29 2591 1681
853 2330 2286 3127
1896 1897 3967 3165
2106 2418 3438 3498
474 361 3203 1164
2333 1144 3559 3708
171 546 3885 1707
1667 342 1957 2772
3460 998 3680 3702
2002 2757 3204 3903
1103 1866 3385 3898
223 2431 2672 2797
2239 3393 3362 3573
3154 277 3844 2840
2161 1617 2324 2535
2068 929 2481 1604
490 1138 724 3356
1645 1387 3545 3514
1139 1691 2807 2309
453 170 2019 516
705 2041 1307 3806
2522 171 2715 2818
1005 1498 1871 2591
77 976 1380 3976
85 1036 2991 1757
486 1044 2992 3185
775 1974 1957 3105
1059 176 2004 3709
1111 406 2002 2469
813 427 2894 1516
1077 2226 1613 3328
2090 845 3647 881
1989 407 3777 1525
1778 1624 3261 2739
1836 739 3391 3021
1319 1935 3798 2753
1543 1022 2911 2144
1608 3046 1669 3986
1528 1387 1813 2976
1200 1099 1427 1228
1170 890 3302 2784
1371 696 3763 3071
1160 1831 2848 2823
3535 854 3760 3477
1417 1732 2387 3149
57 502 2919 2731
1220 20 3762 2595
565 580 3016 1199
591 270 3649 629
157 1825 942 1919
2884 3471 3878 3810
1731 179 1830 2525
2261 2496 3913 3524
204 2390 2712 2882
425 49 1779 2233
1124 637 3197 1545
601 1179 1570 3584
2048 846 2212 2608
936 468 2979 2263
2678 811 2992 1322
124 1842 1269 3928
1747 1805 1900 1842
2722 1550 3746 3149
668 927 2111 2725
1265 1627 2675 3342
402 2592 3880 3329
330 3025 3457 3440
2810 45 3689 807
538 3471 1541 3723
2658 387 3648 1655
3982 1749 3989 3669
1388 2676 3502 3958
3619 1275 3730 3663
2473 822 3140 3129
796 244 1593 1057
1579 503 3523 3797
1194 1276 1959 1291
34 1254 921 3224
260 1250 708 2249
539 1986 1570 3605
1985 2592 3118 2754
3047 1266 3077 2351
1382 510 1768 2650
908 1835 3930 3419
518 2493 1738 3008
428 2885 2402 3120
1903 1136 3289 2750
1025 664 1256 2852
2669 1132 3150 1243
1190 106 2022 3900
350 424 3379 1551
950 1676 2025 1687
3020 567 3024 1916
2906 545 3542 3489
1790 2119 1869 2952
989 1857 2162 3362
927 2997 2038 3428
724 1059 2657 3347
484 472 3337 797
164 2394 3042 2928
2199 945 3477 2874
891 2670 1815 3580
1166 407 1270 2829
950 872 1830 2966
1371 2740 1666 2936
3336 446 3936 721
1244 1129 2625 3006
404 2496 2824 3828
674 2563 3272 3221
90 2110 2176 3650
1464 1622 3980 3757
1130 3170 3491 3431
3538 1425 3807 2619
584 1373 1558 1725
715 1242 1587 3455
933 1839 2490 3553
8 2509 3376 3539
2613 678 3061 3089
874 2162 3458 2472
62 987 269 2876
777 748 2097 1724
894 2627 2981 3622
670 326 3590 3545
522 341 3848 682
1036 107 2936 388
1083 514 1479 1169
2154 2280 2319 3236
421 232 2856 2559
868 913 2763 989
1600 391 2952 2639
2039 405 2768 3646
1264 1538 3401 3132
1400 851 3169 3037
2122 680 3622 1880
1436 3500 1805 3647
672 115 745 1924
1204 156 3729 1272
1257 2411 1978 3714
2398 1915 3502 2083
1118 139 3069 3654
1220 1975 3177 2765
1861 1659 2864 2479
415 1917 2417 2007
2890 517 3011 2235
3779 720 3980 1334
2053 603 2709 2344
859 2358 2899 3420
788 3627 2897 3797
1926 2192 3996 2654
600 579 1363 1584
1548 2675 1614 3543
2228 584 2587 2179
1160 1665 1504 3058
195 195 3239 3805
3417 1621 3913 1769
644 1598 3091 2579
2735 1149 3417 1693
274 205 3450 3363
3 48 1274 132
631 258 2766 3712
3223 102 3409 1183
853 3132 2546 3354
1616 1586 3831 3862
2169 1283 2552 3702
2530 1403 2935 2030
901 943 1160 1635
1461 27 2176 456
1139 1233 3598 2219
3093 1497 3126 2368
808 300 1119 3213
918 775 3232 1934
1421 526 1466 3516
1758 3153 2021 3620
432 783 2934 977
1389 2144 1960 2383
3506 82 3564 2961
2742 1423 2903 1685
2559 3484 3091 3584
2913 1649 3450 2835
193 264 1792 598
30 801 1378 1726
910 2369 2453 3189
2136 1302 3979 1673
653 777 830 1384
1388 557 2775 2388
1875 1022 2925 1694
1182 2011 3546 3582
1039 189 3574 1694
965 1693 3981 3433
984 2880 3032 3107
2384 1937 3355 2532
2371 1740 3478 2624
1463 102 2175 3382
563 2342 1239 3771
873 1724 3021 3341
922 1327 3184 1430
23 1309 3882 3692
1371 862 1953 1871
798 2175 2098 3415
2485 2057 3744 2254
1510 1891 3474 3585
1022 1721 2631 2826
588 149 2128 3094
3203 979 3859 1067
251 1381 2600 1614
1101 1386 2087 3126
917 133 2375 2323
1832 1409 1901 2490
2167 2888 3834 3796
2442 1472 3360 2747
134 2010 3990 3297
2180 539 3052 1902
2230 285 3413 687
1813 1348 3036 2814
5 1393 2240 2447
1747 3473 2678 3913
2374 1114 3571 3000
2757 1311 3032 3598
979 1923 2958 1944
2659 2557 3380 3521
78 278 1209 890
3071 2030 3073 2578
131 13 2026 2933
1206 1174 3183 1770
285 650 875 842
3596 894 3710 1709
937 622 2749 1947
789 325 3419 3683
2816 705 3285 3853
1144 1908 3361 2112
575 745 2164 1069
2761 1137 3129 2515
2273 276 2290 1397
74 825 2547 2612
1161 1996 1766 3079
1553 1500 2633 3084
938 224 2493 2105
968 1309 2129 1928
224 931 1016 2302
2004 625 2378 2089
1334 200 2135 374
693 2435 2107 2607
3262 2726 3743 3546
1066 446 2115 2950
915 2896 2639 3106
2359 957 2779 2775
274 1467 1494 2380
1512 767 3528 1069
2657 3708 3506 3998
991 2577 3563 2977
2277 343 2409 512
842 2651 1620 3025
686 2728 3045 3085
2208 1455 3443 2278
3474 92 3551 1467
860 2491 1761 3797
1672 916 2921 3217
1478 10 2222 1767
2798 563 3973 3485
2600 153 3613 1506
166 83 2465 994
325 140 1453 1334
384 440 3514 1334
2667 2671 3634 3865
2472 1455 3179 3562
289 1847 1123 2765
751 1812 3698 2884
1158 795 2352 3987
418 132 1337 511
14 3165 203 3199
2579 3225 2616 3996
307 1168 3491 3375
135 3252 2608 3286
1512 3234 2277 3630
3594 271 3961 2505
1713 726 3764 1579
815 598 1363 951
1474 29 2155 2515
2192 1211 2729 3479
341 168 3681 1976
3559 486 3834 1025
377 973 1772 2518
1243 317 2792 3152
1234 1321 2929 2143
1831 901 3076 2649
3181 487 3984 1910
1603 292 2214 1075
1688 2124 1829 2357
429 2917 3513 3825
1172 893 3775 1650
45 1969 2428 2870
2272 2559 2632 3567
1663 2980 1983 3184
128 2935 961 3703
13 390 2150 2773
1744 933 3104 1150
1372 1118 2911 1163
2319 542 3858 3133
419 2673 2135 3102
1001 200 1361 524
1960 1016 2206 3501
611 202 1544 596
2805 1006 2926 3926
118 2214 2985 3664
1496 2453 3387 3446
2365 227 3986 3339
946 222 2520 2536
2819 2277 2864 3044
72 934 2503 2714
334 306 2266 2743
334 1288 3923 2596
750 2754 3137 3438
1905 742 2906 1790
768 1318 2240 3290
412 1602 416 2404
393 1941 3045 3017
78 1319 705 3083
369 2668 2477 2865
1880 3282 3145 3721
93 1948 1435 3244
2343 1695 2827 2342
1057 217 3240 1807
544 3407 2680 3812
3058 699 3929 3981
123 1175 2081 2247
1813 576 2015 751
2638 791 3469 1884
1378 718 2038 2146
3280 3268 3720 3390
765 2227 1269 3396
686 2365 3104 2942
241 3589 3839 3591
802 89 2918 833
343 1539 2777 2000
3250 1319 3837 3744
289 3852 2374 3928
275 909 2673 1606
1268 3111 2212 3708
1452 3350 3568 3595
1497 858 2858 1399
3391 350 3441 1467
298 1535 1928 1989
264 1450 3748 3382
556 2447 835 3137
1191 245 2019 2949
415 1389 861 1662
591 614 2906 761
1299 1009 1834 2143
398 1724 545 2805
1491 353 2052 1277
3143 15 3809 392
147 3044 2025 3196
2941 358 3278 2762
1696 2426 1808 2854
2046 1911 3007 2206
1089 1703 3937 3354
1446 769 3770 1964
417 107 2006 3651
1382 418 3135 1076
548 1344 998 2238
2854 268 3614 1418
1574 286 2891 1963
698 2706 3488 2862
1586 1132 2679 2492
1623 1531 3792 3807
1988 496 3641 3276
1267 1483 2397 3949
2511 77 2937 3497
1203 1333 1316 3659
863 1205 3439 1499
1608 1475 2144 1860
2924 335 3896 1210
2094 1244 2800 3805
2872 483 3366 2331
3410 55 3751 3981
322 161 2731 3067
279 360 2310 525
865 718 1908 3922
1270 1722 3890 3736
554 3327 2097 3845
1784 399 3840 3406
68 2137 851 3399
1462 1229 1584 2871
160 694 1653 1901
2900 858 3035 2213
2653 1920 2890 3085
1021 2251 2180 2804
1535 2636 3436 3401
1819 147 3983 2101
1962 634 2248 962
793 2368 1360 3771
3092 1707 3878 2894
1698 27 3267 3767
1401 1972 3164 2367
456 2868 2196 2903
2470 1456 2664 3577
1206 117 2384 349
1519 985 2375 3421
2163 605 2172 1164
853 24 2147 2423
2604 1796 3443 2833
844 1010 2945 3072
1294 2589 3495 3982
140 2278 3640 2298
1073 2297 1773 2782
643 1721 2353 2409
2908 2762 3852 3923
1447 127 3089 2273
35 623 2947 1626
416 73 3511 2691
7 162 1351 2940
1070 2252 1552 3951
1047 1906 3658 2204
1316 1855 2989 3061
1289 743 3297 3816
1930 1804 3644 3238
1482 910 3329 3171
1811 787 3444 2292
970 1682 3213 2925
3466 1760 3654 2284
1803 640 1828 2322
2486 174 2511 424
547 499 3401 803
118 1178 3172 2892
1014 1476 2471 2350
1494 2135 2600 2876
3665 3023 3825 3584
1597 2647 2275 3602
975 741 2203 3719
278 1411 3392 2114
2587 2425 3759 2435
520 2689 1377 2898
1038 448 3401 3493
1983 2299 3497 2308
700 395 3856 2342
747 2976 1210 3646
290 2200 2281 2487
238 1722 3935 2634
1086 115 2087 1783
2178 1719 3268 2074
2237 3319 3539 3446
2384 2569 3743 3714
81 2724 2290 3946
1453 2297 2083 2577
617 2244 2266 3564
9 448 1850 1838
1208 26 3816 2550
717 691 1037 2835
1420 2133 2357 2469
1362 217 2340 349
130 71 2142 3005
285 522 2095 3684
1136 1344 3654 2694
2783 314 3190 2599
428 244 1333 620
2098 2660 2989 3632
1165 3796 1685 3932
380 152 1577 3785
3062 53 3303 452
159 69 2972 2542
1326 657 1826 3502
429 1834 2046 2635
797 257 2924 326
2520 549 2923 3161
2160 2807 3207 3095
1202 233 2323 903
2482 162 3418 1491
2111 1936 3731 2500
1648 138 2090 3199
2494 743 2811 1136
1394 2147 3705 3200
2274 817 3937 2257
1542 456 2555 1070
2807 271 3626 3881
613 1635 1401 2193
691 2077 1634 3626
1815 86 2374 3659
1235 879 3192 1525
2823 475 3419 3890
141 2706 425 2944
1371 3599 2285 3880
476 2179 897 2193
789 2943 921 3036
1421 248 1761 1877
1690 2662 2989 2861
1583 3135 1978 3416
3421 3241 3648 3737
1615 933 2679 1998
118 2712 2153 2873
1397 2070 3605 2648
951 837 1995 3688
2024 784 3660 2027
1719 1780 2155 2912
1696 1751 1888 3699
1371 16 2124 592
199 1917 2860 3392
1438 469 1902 2407
1340 1069 2198 2687
704 2313 1996 3917
986 890 2048 3650
2090 2332 3733 2442
151 1542 3431 2131
2025 1295 2541 2516
2382 583 3989 2999
992 921 3861 2549
581 1478 689 2665
1263 1095 1810 2670
3133 1586 3527 3923
1204 356 1634 3574
1209 3102 1706 3987
55 1395 2966 3313
759 2265 2312 3995
307 1767 3414 3496
2071 1070 2159 3639
1356 1135 3779 2693
1086 666 1435 3284
1313 369 3312 3664
506 2549 2317 3616
1775 1295 2523 3340
1889 2402 3120 3684
1363 1404 3295 1813
1881 2575 2748 2664
374 532 466 2499
2622 187 2993 1242
171 837 2235 888
329 467 876 2363
3128 543 3272 3300
2102 682 2102 1241
525 48 2659 2289
16 681 3923 2820
1179 2029 2412 2103
2180 1829 3724 3252
1055 2230 3567 2297
1851 261 3999 447
2940 632 3065 2542
3101 2898 3253 3114
1148 130 3258 197
269 1717 2738 2952
2893 1306 3837 2437
1144 1307 3884 3652
370 1274 3786 2289
839 1742 3004 3658
1658 311 3714 1933
2757 2904 2939 3639
1070 803 2444 1327
352 491 2056 1059
2329 933 2914 1146
671 2953 2000 3158
51 3429 2458 3618
18 1686 1828 3865
1100 1483 1408 3757
1334 3019 3223 3154
52 784 3079 2748
178 2671 2806 3460
2516 2688 2652 2787
417 139 2932 413
1928 1234 3853 2324
847 745 1279 2712
2157 2542 3996 3287
1897 2766 1949 3278
2733 1763 3161 3081
1033 327 2271 1736
924 1131 1529 2595
3169 144 3642 3100
762 1805 2913 2812
763 950 3707 2552
1631 1075 3717 3877
871 1775 893 2278
1307 1106 1814 2597
1673 1534 3090 2838
251 1106 1163 2817
706 2097 3442 3473
2091 2910 2212 3464
3536 3032 3733 3759
1155 2057 1402 2588
1348 2043 1936 3236
485 843 2343 1664
1540 1245 2539 2341
1855 350 2692 2202
319 824 2098 2991
2258 209 2288 3541
1077 1844 3980 3925
1424 432 3248 2143
576 2713 3550 3058
3050 2775 3272 3424
1879 2535 3521 3434
1465 52 2764 3838
1579 1749 3397 3618
1038 291 1198 2326
651 879 3576 1789
3709 497 3839 3951
175 483 2743 1487
1103 1352 2729 3824
249 820 1051 3810
1060 899 3286 3714
2337 565 3784 1373
2269 833 3356 3879
167 2000 461 3442
541 474 3875 3123
582 421 3688 1082
1005 155 1117 1804
3836 1225 3967 3419
2563 566 2650 3547
2839 574 3129 1610
1407 943 3895 971
624 91 2324 292
3108 252 3896 3593
1406 2312 2796 2799
1263 1886 1728 2723
438 314 2196 2933
3042 2651 3043 2958
2046 23 3809 2557
1670 495 2061 1947
242 651 3879 2531
604 1678 1727 2934
2447 1982 3418 3324
2651 1001 3742 2581
2211 1489 2517 2936
1399 1208 3599 1828
815 1265 2801 1575
2618 1053 3305 1456
1608 1945 1630 2452
453 1745 1863 2383
1962 1254 3257 3296
2208 1838 2461 3440
2293 1598 3874 2234
2057 480 2122 3439
573 182 711 193
741 3511 3119 3880
2896 1383 2975 3027
2230 1122 3492 3440
252 620 1983 2735
3615 2069 3881 3874
602 2016 836 3564
2713 2525 3776 3100
596 2885 2649 3260
2186 2605 2215 3849
1301 1218 2705 1326
453 2396 836 2870
1960 1014 2916 3239
1030 2938 2248 3249
2123 2636 2593 3713
1628 1485 2944 3913
894 399 1540 1612
1579 2492 3672 3938
2773 390 2784 3550
518 1023 3458 2058
1173 627 2357 3754
2227 1228 2441 2752
529 1284 1135 1334
2236 914 2295 3690
2753 1574 3159 1792
2129 213 2871 2625
3584 687 3814 1775
753 3033 2968 3163
1899 3133 1903 3140
1783 168 2223 2310
2187 162 2876 1387
578 2387 1799 3621
592 296 2228 1498
2195 2051 3856 3296
1654 965 3928 2288
2220 1153 3110 2095
1034 391 3621 2739
1526 266 2202 1331
2326 912 3645 1380
665 887 1697 1962
1796 616 2847 702
217 3160 2775 3772
403 2631 1704 2941
689 1604 1485 3368
1712 1754 3196 3036
801 596 2618 1619
2527 1254 2704 2486
2176 1395 2263 1648
34 403 3731 2071
2548 2456 3948 3438
558 2447 1559 2719
1530 708 3491 3296
2017 2632 3593 3213
1020 892 2010 2232
80 557 427 562
1319 1501 2967 2824
1280 1064 3151 2699
1198 1007 3534 3022
863 1841 1358 3452
1858 1133 3092 1944
1705 1429 3813 1946
1151 738 2515 3375
2910 57 3888 1397
860 2123 929 2144
196 0 1500 1470
3580 3796 3826 3909
2957 1058 3512 1340
2047 1268 2947 2956
2496 432 2679 1452
2723 1285 3579 2485
1437 752 3506 1493
341 1798 2647 2806
263 501 1835 2670
945 873 1126 956
667 136 2674 365
184 990 3164 3032
1228 2484 3374 3574
1478 40 3262 1018
1464 496 2384 2653
613 1529 3776 3658
1420 881 3763 3449
970 1280 3617 3616
247 1863 3379 3905
1393 727 2207 1297
1444 84 1508 2735
40 145 2134 1171
675 1392 1772 1999
628 521 2209 3827
1187 2145 3996 3642
1177 2613 3733 3835
3462 1851 3523 1945
743 1305 2380 1502
3569 1441 3982 2906
1455 1833 3010 3324
120 2103 3803 2500
497 2944 3735 3852
2359 2807 3859 2932
42 2013 3881 2269
1193 2476 3576 3734
1671 939 2711 1190
1799 115 1837 563
878 231 2891 2047
2161 192 3985 725
1514 796 2187 3155
1041 2250 1275 2716
1106 3384 3174 3860
156 821 2256 2750
416 2412 1581 2647
1699 470 1988 1737
88 2314 3316 2552
421 1810 1838 2246
246 1892 3919 3595
1942 1790 3160 2849
1968 1605 2682 3462
2349 364 3274 3960
344 1080 1267 2273
1197 1321 2722 2473
761 480 2132 984
429 2486 3415 2884
2202 1482 2285 1770
358 1326 2463 3083
1079 1797 2214 3838
1286 1839 1726 1889
56 2731 2819 3681
146 992 535 2979
143 3755 2106 3939
2712 1873 3119 2513
575 1370 2584 2702
579 2327 2710 2665
2648 1061 2902 2649
1648 1652 2628 3879
140 1056 539 2817
3193 761 3390 3938
403 539 658 2037
172 180 2343 1860
814 696 1834 1253
3159 677 3400 731
1821 1126 2341 3438
1369 1311 3212 1896
1288 1256 1528 3393
2831 1730 2939 3872
34 2456 3182 3149
2744 1631 3367 2837
364 1576 2871 3917
377 200 3308 1475
2742 637 3547 1625
1047 2509 2791 3716
1713 1885 1831 3165
319 1584 3796 1904
1048 139 2287 1312
3378 1491 3472 2227
3552 113 3960 3832
2906 1922 3819 3463
2345 683 2990 1462
96 1539 979 1762
1316 339 2984 1250
2234 1527 2473 1907
817 1009 1088 1987
699 1448 2334 1998
138 1719 1010 2412
177 2369 3376 2376
2418 2252 3623 3137
1468 3033 1482 3213
2012 959 2595 2583
1533 1860 2096 3263
2779 2441 3134 3285
161 499 924 3959
1801 1591 3422 3980
47 1526 3966 1753
131 2355 1223 3800
610 910 1399 2040
58 559 326 2724
1206 3917 3462 3995
3398 1916 3485 2879
160 2119 866 2835
2359 2170 2842 3732
528 500 3882 3180
2075 452 2336 3511
1323 291 3527 998
115 1911 1711 3354
531 242 3437 1390
470 3193 3661 3474
520 3292 3940 3906
481 2572 3666 3462
595 535 2256 2458
771 2805 3321 3069
1084 696 1477 1486
695 1436 2309 2146
2228 1206 3027 3615
2338 3456 2782 3609
1886 821 3860 3047
603 3596 1203 3677
202 2605 895 2693
876 796 1151 3368
3078 2960 3724 3543
1014 2568 3641 2728
73 877 2512 3650
1358 1371 3050 2083
347 2127 1051 3927
2039 2562 3000 3795
58 1030 567 3067
269 505 678 1392
1246 2241 3174 3659
2537 308 3832 3104
654 2667 1875 3525
29 78 1219 2721
1959 2798 3328 3570
3644 1625 3748 3536
677 486 1632 1834
1248 1046 1310 1611
690 432 3145 3363
1936 2903 1999 2914
36 933 3047 3810
2205 727 2479 3657
1219 505 3249 2636
1552 717 2092 1096
377 2485 1527 3742
238 1 1276 3651
901 620 958 2269
1688 2867 2750 3609
173 2957 554 3817
457 2702 3172 3841
2471 814 3594 3481
1924 133 2179 2942
1140 2418 2448 3965
1501 1218 1954 2487
153 3240 2519 3426
300 2797 1580 3664
3268 2565 3584 2924
1412 737 1838 3263
1071 2382 2809 3289
769 956 2162 3779
2658 152 3697 2982
912 2287 3785 2897
2924 94 3134 3110
3204 358 3589 1438
1937 1877 2542 2237
614 1363 2063 2618
2520 2468 2884 2877
1226 2501 3283 3114
2970 1297 3414 1482
3469 2667 3968 3914
1056 996 3011 1676
982 919 1444 2213
326 839 2256 2255
961 1636 3572 3181
155 1576 3717 1850
1110 1423 2915 3117
140 271 2529 3307
1166 60 2454 1441
1291 3657 2501 3913
374 1492 1354 3152
3607 1568 3693 1937
2483 788 2551 2660
450 1082 2649 1792
1533 190 2806 3589
459 2628 2171 3127
2844 1657 2958 1958
1759 1092 1864 2766
1426 2122 3620 3825
442 1015 3919 3688
2340 2528 2884 3810
454 1427 3351 3008
893 2038 1140 3093
389 52 2061 702
225 190 3714 2401
620 564 2237 3056
2231 1578 2888 3496
1975 2507 3450 2775
1793 844 2563 2342
480 1771 2415 1990
385 1946 3015 2437
169 190 1218 1169
676 2784 2998 3166
849 11 3668 1642
2188 1206 2523 2092
1563 150 2989 3319
1251 479 2854 3090
1587 499 3359 3708
1303 3684 1869 3852
1059 240 3057 766
108 40 2731 3748
1115 1523 2579 3127
1226 370 2643 893
626 1714 2986 2237
423 709 519 3781
147 3569 1070 3644
1716 597 2949 3362
316 2548 3790 3774
2209 1221 2716 3036
2113 1736 3212 3253
2156 2219 3201 3415
3136 3502 3952 3730
701 1244 1990 3103
1078 3865 3336 3934
3104 1248 3937 2536
2703 1994 3537 2635
3084 16 3591 3557
1676 1630 2965 3273
1284 1175 2150 1397
2756 567 3672 795
148 773 3399 1523
2135 2564 2142 2994
1677 93 3512 851
997 2216 3116 2755
357 54 1495 868
1151 584 1855 3823
702 2418 2643 3628
1282 322 1591 3365
1420 443 3435 560
582 1799 801 2105
2238 1334 2577 3352
