4000 4000 4000
210 567 928 1259
468 3482 2550 3756
637 376 1166 921
390 874 748 2649
1320 496 2891 1689
38 391 3643 1111
2188 950 3416 1239
2558 1448 2854 2716
1444 2573 2126 3484
1162 475 3064 949
606 2449 3664 3174
917 743 3395 3624
1457 573 3674 1524
1769 8 3149 90
2070 205 2477 1635
2030 195 3017 2285
3603 428 3644 2981
420 1742 2166 2332
1285 1983 3299 3609
1391 3492 3840 3778
2213 2028 2745 2141
2748 443 2978 2231
36 1779 2133 1838
2233 1051 3112 2572
330 3295 914 3633
90 489 2814 1823
1708 816 2673 2744
671 1146 3019 3725
1273 1140 2504 1918
300 2040 3906 3862
1366 2673 1620 3314
167 167 2786 3406
163 1396 954 2540
3000 1665 3886 3385
620 3519 3155 3774
1009 559 3217 1886
55 2707 2074 3679
374 273 391 869
444 471 1180 3565
802 589 3865 2021
1168 991 1319 2678
849 1573 1930 2929
25 681 377 3350
1997 714 3175 2767
2285 2288 3605 3153
1009 1092 2554 3221
1314 860 1347 2910
1994 1102 3748 3290
64 3349 1533 3823
1248 1575 3993 3733
1750 995 3413 2129
1387 1988 2250 2570
2139 285 2155 1903
1965 1133 3404 2524
290 1080 1132 2567
1146 2358 1216 3997
938 2053 1897 2953
196 2271 1170 3898
1728 1645 2087 3370
732 1207 2110 2565
2045 703 2055 3419
92 45 2437 3047
2055 991 2845 3291
1238 862 2952 3850
2992 580 3845 3551
469 978 2305 1292
864 2384 1699 2908
2254 439 2666 2653
3202 1109 3219 2374
3597 875 3666 3585
163 735 2661 2507
1344 827 3094 2551
2051 2203 2086 3943
1719 111 2210 1384
1945 1029 2186 1712
2073 506 3385 1896
32 1410 1283 3937
356 1316 3227 3246
1867 256 2108 3928
420 3697 3398 3773
93 1669 2129 2362
629 136 2033 2344
976 1015 1478 1631
892 1348 2657 1361
703 2761 1955 3965
1190 1381 3280 2769
596 287 2054 1344
829 1042 1874 2198
1024 2116 3060 3453
2262 821 2416 2893
3488 1386 3949 3762
1792 960 3398 1290
645 1533 2281 3986
1053 2625 2732 3946
790 1547 1183 3978
1288 581 2178 2265
2940 974 2963 1041
1028 3648 2021 3981
134 1318 244 3165
1269 2122 1988 3342
748 1414 1584 3036
430 2818 2077 3608
2019 442 2422 1253
1249 1732 1297 3709
201 3317 3230 3924
2500 3137 3197 3234
2130 2063 3206 3991
458 2928 1641 3390
2174 436 3120 2577
704 1261 1667 3063
1457 2929 2760 2930
2365 1344 2920 3616
1294 1074 3492 3823
151 878 845 3014
904 133 1579 782
308 1371 2085 2439
210 452 836 932
1217 882 2177 2938
1151 887 1193 2506
198 121 3370 3414
1834 1784 2494 2104
2078 1278 2363 3062
388 1185 675 1293
3440 664 3591 1652
1049 2464 2543 2871
1530 99 2174 1424
969 256 3952 369
520 1407 1382 1760
2910 1609 3896 2827
425 1038 1102 2566
714 60 3720 218
2712 1709 2736 3186
1363 497 1499 2814
479 79 2651 2500
3 284 2507 2016
605 539 2682 3927
462 1189 2877 2588
1209 1228 2542 3969
481 204 1747 1431
1391 75 1564 413
575 734 3459 3717
765 2579 3525 3363
911 1973 1322 3949
536 668 2934 2220
1429 52 2832 1116
377 287 2778 3136
716 45 3236 3644
2120 1682 2805 3302
3180 360 3317 1205
3635 747 3897 766
1820 1053 3050 2087
3087 1731 3943 2832
503 153 1085 870
2118 465 3661 3615
72 957 2838 2956
256 1485 1297 2924
2639 1161 2697 3533
3478 1703 3745 3575
2738 870 3436 1139
2089 1622 3563 2895
361 154 724 1879
1515 1784 2846 2989
1282 1303 1509 1782
3090 1484 3947 3380
221 1997 1938 3318
1064 419 2708 1689
464 874 2715 3094
2271 464 3431 1809
2980 1014 3335 2645
293 1524 376 1712
1738 2 2827 1153
855 70 2586 2793
254 2927 2975 3035
2253 1830 2817 3122
835 2722 2248 2771
1729 2362 3286 3052
2340 953 2608 1157
2628 2999 3634 3531
653 553 1749 2840
20 2232 121 2905
465 1466 2776 2309
671 760 3547 1657
941 2201 2279 2976
70 976 558 1711
664 2612 3759 3883
1421 1228 2939 2463
3399 2872 3663 2944
928 642 3497 1960
1026 114 3103 3083
129 1611 2065 2166
2352 2839 3870 3077
922 2232 1393 3245
3732 2547 3922 3375
1607 1264 3125 2303
421 2853 3757 3676
2892 879 3010 2074
1248 3463 3402 3996
1925 443 2115 3417
636 2495 721 3478
2270 1881 3690 2104
1253 442 3986 3268
1402 866 2290 2266
792 2018 1009 3719
1418 40 2628 1763
1998 260 3159 2256
2363 1727 2649 3663
1167 2419 1331 2912
3248 1261 3302 2323
1057 3578 2090 3939
1185 77 1492 2952
1277 1523 1745 2173
2198 842 2604 2070
946 1626 2764 3699
461 2777 3143 3294
917 135 1238 335
1090 1371 3575 3180
1033 2042 3336 3317
3378 3303 3652 3412
2349 843 3330 3643
1464 308 2356 823
306 2375 1876 2837
1094 768 1550 3533
2444 526 2855 2850
154 3510 1622 3925
2176 81 2910 934
2431 2728 3754 3343
1931 37 3421 1671
1311 3156 3011 3279
994 1700 1641 3706
3156 2582 3687 3132
513 1277 1590 3033
2508 1007 3627 3772
1176 193 2087 1491
2553 1297 3754 3951
963 169 2854 1990
1558 205 3577 3951
2947 1231 3233 3601
895 91 3521 3227
1899 1108 3573 2845
877 2135 1838 2730
1241 1896 2107 1942
1879 1467 2827 3061
175 749 746 2693
1788 403 1908 2538
734 2796 3534 2960
1020 847 1032 3360
1955 3203 3814 3579
12 3384 1466 3401
493 1569 2754 3716
2298 9 2764 477
2494 40 3807 2920
698 1815 2834 1853
977 1274 2189 1890
1062 1703 2087 3620
1504 691 2269 3459
1509 158 2132 1139
305 499 3986 1603
1088 887 3299 1972
469 2747 3538 2811
381 556 2088 901
926 443 2919 931
2150 1532 3086 3528
1379 1436 3707 3999
1669 67 3608 681
460 464 1377 3267
2356 2048 3547 3471
598 3786 3771 3828
568 2819 1743 2834
1967 1214 2149 3921
1023 907 2056 3521
2401 2709 3125 3707
2298 2625 3581 3958
1499 1636 2836 2832
442 1585 2936 1863
74 624 883 3067
2196 1667 3199 2767
362 78 2699 2871
1018 1551 1457 3511
618 78 2013 3761
2122 631 3336 1879
172 3147 1642 3362
3567 240 3713 2285
1687 577 3177 1657
1632 1698 3320 3355
206 3519 3932 3621
845 2435 1837 3621
711 465 1688 1983
581 1136 2993 2030
139 1182 798 2210
10 585 2995 2044
1664 984 3299 1519
1783 125 3054 2745
2340 1490 2876 3565
1773 1497 3664 2286
566 829 2103 1068
2406 1340 2529 3884
1026 2226 1060 2267
2722 439 3491 3602
525 1039 2171 3206
350 1119 1312 2168
715 1221 3642 2136
696 1974 3779 2477
1454 28 3719 2969
3428 3331 3452 3353
3098 42 3500 1914
51 2707 3579 3176
292 1687 1052 1728
1139 1853 2765 2421
25 1895 1950 3645
357 1914 3090 3150
1915 3226 3318 3959
3619 1003 3957 3850
2 397 3281 1883
980 2013 3480 3054
1244 103 2830 417
894 2827 3218 3647
2032 1037 2671 2742
1565 996 3916 3846
2427 1469 2721 1862
1915 2609 3269 3124
3200 2471 3304 2779
862 1623 3695 2400
1335 788 2854 1970
261 2129 3524 3181
3073 1063 3530 3938
2940 2235 3019 3188
1024 922 3015 2802
2676 1782 3131 2365
1323 520 1596 838
1348 271 2884 3451
69 1822 3647 3357
88 1409 2563 3319
2484 2107 3059 2327
808 1576 2771 3896
572 57 2052 1179
6 820 1385 3129
918 899 2972 1096
759 2798 3739 2976
357 476 1200 717
327 1999 2440 2156
111 1503 501 2600
139 312 2156 3630
2280 1451 3592 2338
1125 1810 1613 3541
655 124 1272 1868
555 1130 3389 3474
1454 1333 3408 2242
629 957 1837 2516
2388 208 2965 1506
871 347 2467 3086
1064 3235 1927 3928
84 1293 746 1458
508 1084 1792 2952
466 1259 1265 1321
138 356 3065 3026
834 1401 1263 1527
411 549 1617 3383
869 150 3384 801
402 185 3513 3915
1518 34 1975 332
3329 1822 3586 2389
895 590 3824 1997
879 2952 3752 3763
1454 962 3430 1378
266 1816 799 3862
135 1035 2074 2553
2944 1443 3999 3361
596 99 1813 223
1812 10 3792 2791
2368 3167 3977 3432
941 2477 3360 3179
1776 923 3875 2885
3396 2766 3880 3540
2055 486 2279 3930
789 3708 2340 3766
2382 111 2384 2932
118 645 1931 2815
2545 633 2855 3980
77 515 2946 2677
1258 501 3818 734
1640 1615 3861 3429
1231 932 2502 3048
957 1630 1121 2524
743 2576 2138 3381
154 2676 3655 3722
1601 1267 2815 2551
3332 785 3670 3954
1349 1060 2158 3029
1058 1257 2469 3625
292 564 2672 2104
656 665 3916 1900
1500 1061 3899 1943
1360 1851 2795 2741
2443 1320 2719 2779
2539 942 3394 3642
2193 2947 2732 3390
1043 241 2308 931
2249 3612 2479 3949
2636 1052 3157 3857
364 544 664 1287
2556 481 3193 2736
1375 932 2575 1702
1089 250 1120 2434
262 57 3138 2715
2227 1424 2770 3025
573 2132 1986 3060
1321 1458 1894 3558
618 2452 709 2952
328 1035 3683 1318
686 2602 1530 2981
1588 1390 2995 2156
1563 2845 3498 3827
1117 1360 3192 1859
832 3098 2386 3751
1768 1909 2462 2152
336 691 1905 740
2105 2223 3894 2674
827 226 2627 238
1230 1181 2781 1250
2204 184 3690 2426
3057 1226 3344 3685
684 1304 2735 3977
340 920 1008 3388
579 3855 3573 3873
739 2372 2331 3798
1275 1057 3525 3769
509 2684 3536 3644
546 128 936 557
347 2732 2504 2768
2883 1513 3860 1563
271 1475 3205 3442
919 1797 1267 2470
1001 329 2735 2251
1646 2930 3070 3743
1363 2358 2977 3044
292 790 2364 2080
187 647 1827 3469
318 532 2675 581
229 1830 3989 3146
812 3255 2453 3950
3008 2904 3018 3311
2375 626 3294 2494
2701 3823 3263 3850
688 2839 3190 3724
2913 3194 3734 3828
959 1385 1706 3710
2345 2741 2703 3878
662 1042 3375 3410
2163 353 3071 3611
1187 518 3542 636
2288 2088 2854 2105
2237 3342 3322 3910
2955 1153 2969 1508
527 622 2210 795
1897 481 2431 2235
2034 467 2781 913
3054 846 3516 3003
1705 50 3746 1903
3304 1884 3966 3185
914 2687 3396 2702
2833 3616 3011 3674
1212 1909 2011 2504
69 714 3592 3388
1649 2436 3203 2886
953 442 1714 2661
440 639 2289 3733
1556 2597 1627 3844
2185 799 3323 880
1 1629 3515 2758
381 3081 1112 3313
422 690 3532 2895
872 2821 2138 2885
2657 1650 3953 1819
1732 785 2780 1563
2087 374 3660 3560
2847 313 3738 3299
1371 796 2875 1537
2087 354 3781 2858
1085 2702 3117 3965
372 1944 1017 2654
988 109 1587 613
2322 339 2547 1972
340 3361 896 3660
1311 1186 2580 3276
344 2691 597 3186
2586 618 3522 3456
377 1218 867 3847
507 40 3368 1746
695 1005 3142 3272
925 284 3314 1774
109 946 824 2074
664 633 678 1628
580 866 2526 3557
1269 29 3746 1299
2314 631 3766 1376
618 1180 1531 3611
3169 1810 3547 3277
859 150 3408 373
1420 1268 2444 3110
295 822 2565 893
3793 298 3858 2608
194 595 255 2953
583 1577 2334 2243
1787 580 3073 3033
645 1879 1479 3904
2926 53 3097 603
1773 2544 2790 2784
3012 2069 3294 2598
2344 3489 3887 3550
874 171 1340 898
579 2820 715 3209
1114 34 1751 1311
2968 724 3482 3506
1467 1920 2568 2444
3012 375 3926 749
736 878 2039 3640
501 3864 1924 3944
1407 1343 2146 2615
693 2623 1097 2946
384 1100 426 2053
2466 1827 3824 2950
2044 1956 2726 3819
1480 1471 3021 1986
652 66 1117 2210
2379 1158 2906 1687
374 1244 3840 2852
981 2339 1228 3327
190 2430 733 2899
1343 1524 3787 2741
3110 74 3974 1330
851 447 2033 3194
122 466 2753 3016
1003 1091 1715 2491
97 2479 3622 3551
438 1888 3448 2303
2311 2113 2869 3320
159 2536 1169 3684
1222 2855 3191 3221
2192 2453 2922 2917
2330 1432 2858 2382
1940 1034 2263 1556
1125 213 3706 703
750 917 1460 2059
990 2306 1423 2338
3292 195 3650 3746
992 206 2563 2647
1913 37 3939 3592
1461 2104 3720 3073
1645 803 2487 2293
2808 45 3731 199
453 61 3027 2375
1774 592 2341 1888
6 53 3929 633
165 2721 328 3503
1198 1662 3619 3954
2834 931 3812 1438
863 995 1029 2067
1508 3407 3882 3762
1363 1012 2086 3064
2889 732 3411 3582
1851 776 2209 3336
2042 677 2259 1119
1171 726 3234 2350
969 223 3633 891
1647 962 1712 2540
187 1437 2795 3676
1642 180 1648 456
999 748 2005 1183
3100 350 3638 2576
1120 1415 2104 1890
1455 1335 3275 2000
801 2198 3557 2253
300 907 773 2862
1552 2447 3374 3547
2040 1775 3058 3913
1899 837 3254 1255
1826 195 3413 783
1414 1473 3139 1491
1603 663 3219 2172
881 3289 3226 3578
2416 1337 3375 3732
2007 1932 3407 2274
1821 1672 3770 1907
982 1179 1166 2381
989 172 1110 3011
2203 658 3791 3871
292 44 1194 1424
1619 2416 2785 3915
2754 2781 3872 3416
1191 167 1359 2376
1758 449 3219 3694
2141 2109 2282 3114
1882 2673 2621 3140
385 1296 987 3805
1423 1668 3698 3987
905 2119 2599 3580
2750 708 2761 837
3252 535 3972 1715
2523 2118 3729 2502
330 1212 2937 3375
2462 1670 3558 2662
3245 813 3703 3956
2664 291 3327 1145
1466 789 2013 3941
97 664 1866 3859
2350 515 3517 1664
946 491 2070 3678
1494 1311 2919 1445
294 1159 589 1787
1138 1280 1493 2199
1125 599 2390 1811
565 2886 1135 3392
30 2526 2915 3563
327 984 710 1135
630 2893 3488 3617
1160 1185 3017 2270
2177 1384 3099 3801
1541 597 2567 1545
1374 2188 1562 3104
1308 3227 3817 3300
1631 2270 2277 3228
2812 774 3665 2241
366 519 1002 2538
929 452 1642 1750
924 1262 2784 3778
1377 2991 2743 3439
682 2551 2927 3277
376 3277 3443 3805
2314 154 3651 924
2778 2232 3750 3638
2929 1570 3230 3771
233 1160 1465 2515
639 1269 2137 3680
1243 1126 1814 2401
159 3541 2945 3674
3040 338 3753 3220
2698 2829 3023 3839
2991 574 3872 1898
2364 593 3817 2396
1791 463 1803 2103
437 611 2622 1599
1441 630 3322 956
2561 1103 2711 1615
1967 640 3397 2045
648 2478 3372 2586
1570 29 2687 3586
1119 13 1281 2821
1341 60 2930 3429
1224 525 1233 2734
1221 2073 2872 3509
1567 1362 3900 3263
203 1647 2490 3333
3249 665 3883 3904
610 35 3469 1241
3663 2479 3936 2575
1019 2768 2000 3132
495 1440 2442 3133
3166 2862 3462 3018
788 658 1167 1149
518 1840 1089 2758
1242 445 1957 1626
92 2266 3648 2703
2607 672 2924 1654
2215 2605 3625 3107
1077 38 3603 2193
1834 937 3733 2248
260 2164 2327 3691
3235 3143 3552 3612
2107 336 2662 2501
1064 3827 1759 3869
2284 59 2882 2944
1834 389 2251 1992
2335 125 3584 3006
2045 630 2720 2804
2528 585 3497 1386
66 162 420 2078
1243 487 1924 909
841 60 3743 3034
1551 247 2427 2253
247 313 636 1992
598 782 715 2506
1810 1914 2031 3081
572 2399 2655 3649
1064 1397 3586 2997
1248 618 1688 1512
539 1987 2156 3642
581 3735 2296 3915
3314 1860 3779 2054
1901 298 2997 2122
1382 1874 2219 2002
1840 343 3509 919
312 1484 3011 1762
403 100 846 3599
841 501 3966 2711
1219 1645 2876 3133
167 267 3257 2095
474 998 2098 3547
1972 285 3284 3186
618 1398 3823 3565
579 144 2550 2476
1092 342 3776 1810
223 1013 1888 2523
481 3663 1577 3726
727 2627 764 3508
77 1235 1682 3385
351 901 1893 1939
494 999 1644 1622
891 977 2477 1088
1092 1622 1808 2032
1834 1280 3334 1665
751 1687 2314 1777
2698 3592 3947 3980
2317 91 3892 2572
734 886 1451 1441
2084 2698 3321 3683
2249 536 2264 3839
2177 1167 3232 1570
2705 23 3554 1992
461 2515 2739 3668
281 836 1850 2321
1284 483 3087 1578
1963 12 2339 3522
2191 2012 2504 4000
3292 324 3618 3462
0 152 2265 2667
2558 2769 2712 3983
1387 910 2616 1159
8 1258 258 2523
1712 1133 2839 2361
206 251 1522 3616
8 1162 2471 2982
725 1759 1056 2977
601 1229 3627 3053
648 1323 1266 1924
187 2059 1859 3268
1967 507 3732 3138
3770 3830 3999 3970
1306 79 2044 1181
1379 754 2813 2253
2521 2569 3980 3259
2783 1300 3408 3659
66 3316 283 3978
1221 3444 2806 3534
2909 241 3137 1891
20 752 31 1424
1734 1215 3479 1689
2098 3548 3718 3704
1123 1760 1253 3794
1201 1268 1776 2178
301 1949 2500 2577
113 2718 822 3260
69 492 3667 3500
1882 1142 3268 1325
3391 1123 3413 1280
1334 2349 2898 3856
3110 440 3471 1110
612 1572 2820 1793
3652 199 3752 2029
94 412 2977 448
345 950 2175 1312
172 271 3077 685
984 1331 3190 3530
1050 977 2234 2088
2447 996 3063 3251
2079 625 2982 1722
2242 560 3799 1050
350 831 3688 1750
1596 2408 2709 3148
1223 1586 2329 3383
2977 2158 3684 3810
796 350 2232 3713
1361 1829 3999 2544
1358 2854 3349 3581
123 1383 3001 2598
984 352 2999 2506
2767 2762 3921 2831
965 684 2238 1205
547 1786 608 3520
3190 1924 3361 3988
622 1248 3644 3537
1365 1171 3400 2629
1259 1019 3067 2084
22 14 2636 3450
795 1131 2152 2346
3594 2857 3882 3690
2570 976 3951 1027
341 537 1628 3187
1550 297 3503 1635
34 419 3498 952
1255 588 3647 1749
2105 3129 2803 3203
712 1181 2531 1817
1887 766 1963 2321
2516 58 2767 909
1212 1289 1641 1497
1704 3442 3456 3991
1087 1561 2188 2333
1209 1224 2200 2589
94 3357 935 3456
2224 3211 2760 3704
1717 1846 3692 2015
1072 609 1314 2565
526 1107 1853 2893
1725 16 2019 3568
1305 1254 1380 1735
1681 558 2719 2791
3286 3484 3951 3495
2579 121 2994 3778
1772 196 2259 3296
1246 2005 1327 3196
815 440 1763 1854
1980 211 3931 3945
1444 2450 1626 2929
3620 188 3939 2822
903 1733 2311 3488
411 2003 3523 2585
885 3111 2885 3158
3046 624 3444 3731
1245 1783 1291 3568
1785 2952 1794 3799
747 973 2940 1317
2894 334 3359 3408
1896 704 3218 3998
2679 535 3425 1813
1469 1348 3731 1659
129 2918 897 3750
907 2432 2729 3848
720 1502 3616 3570
1387 612 3062 3975
2469 854 3423 2389
1653 1165 3099 1491
1254 15 2779 2473
1181 234 2434 2326
1513 464 2771 3957
1564 2399 3593 3063
1568 613 1836 2451
512 1050 2652 2000
1427 641 3874 1055
1162 581 2834 1526
1447 806 2501 3026
2441 417 2937 1543
859 1071 1931 2971
641 595 2317 3839
1064 2196 2611 3684
357 1254 2991 2835
2008 757 2488 2135
2633 2899 2944 3522
1862 816 2783 1349
0 482 880 1215
556 2617 3909 3000
1286 117 1645 2003
1784 950 2128 2721
322 2418 1789 2487
1360 956 2398 2246
757 372 2665 2867
3568 1104 3898 2057
1733 744 3385 3513
873 757 1505 2883
2549 390 3577 1454
736 538 2667 2573
321 194 500 657
202 1344 3927 3617
1918 2013 2614 2471
758 605 3729 3976
573 1565 3354 2144
2681 1498 3951 2979
1103 1215 3946 2077
3239 176 3255 788
2493 39 2858 2817
588 1371 907 1953
624 2154 3461 3985
171 685 3726 3679
801 3455 1907 3861
401 1180 2198 2403
1946 466 2238 2710
2792 330 3068 3442
1507 2557 3364 3650
1732 350 1774 1367
950 1284 1853 3398
2954 738 3515 2748
687 1061 3245 2284
2968 2451 3628 3909
2607 3879 3253 3911
167 803 2644 3498
1933 1313 3450 2606
720 2487 2153 3353
1006 3344 3825 3995
865 851 3918 2795
2621 2886 3133 2923
104 1414 1864 2848
1076 935 1875 1670
1929 415 2313 803
2725 1702 3614 1897
2757 2959 3603 3194
2080 2465 3967 3426
374 1478 1388 1796
860 1038 1153 1051
222 1345 1378 2439
1033 496 3997 599
753 234 1379 3628
1993 1380 3188 3236
482 591 3344 2615
1192 545 1979 1993
1186 322 3146 3688
841 146 3623 1151
3060 436 3573 1271
1197 1848 1924 3645
982 1689 2390 3057
1633 3177 3526 3338
1317 2075 3304 3498
1177 102 1386 2948
1485 181 3526 429
964 1473 3626 3131
2841 234 3986 292
250 172 1154 2612
49 1214 1984 3093
121 643 3530 1598
1008 150 3711 3110
478 151 652 2033
2967 2359 3120 2935
1390 2192 2902 2594
1571 1950 3081 3961
965 337 1182 2437
3735 544 3815 3088
2307 2217 3323 2850
3080 76 3082 3805
1845 249 3263 2788
3615 1805 3771 2714
36 1103 3985 2875
711 122 1099 163
1218 338 1763 3722
457 9 1533 1959
759 911 1360 1304
90 770 569 3478
2095 149 2762 3091
297 277 987 1401
426 1482 2835 1538
699 2061 2741 2505
503 3720 1672 3964
193 1079 449 2361
2300 2636 2904 3498
94 2367 1464 2608
1660 948 2865 1563
733 401 2242 1109
738 2289 961 3279
675 204 3266 3520
564 453 3280 3282
2619 2668 2623 3536
2837 1030 3897 3143
3043 3150 3250 3982
826 2986 2217 3573
422 687 3652 3415
1147 2864 3890 3320
2088 2259 2363 2624
2926 1258 3063 3545
756 687 2322 3876
963 3236 3614 3964
2915 1458 3137 3859
51 2382 2025 3690
535 2779 1389 3618
1725 1887 2806 3456
799 2391 1938 3261
2221 3016 2832 3950
1997 1041 2915 2482
2269 1627 3920 2390
797 508 1777 1216
1257 1766 1276 1880
468 1443 2222 2899
391 328 401 1975
138 2946 2516 3425
856 922 3968 2709
1198 2240 2984 2942
3485 2959 3802 3293
295 1216 1427 2501
1268 2293 3658 3125
964 1201 1420 3131
651 3366 1253 3569
2031 45 2881 2812
2002 148 2324 3288
1181 1296 2929 3998
1320 2113 2766 2447
2646 1662 3223 3394
3815 3415 3939 3689
2552 574 2706 2343
238 3601 440 3984
862 872 3604 3852
2042 1973 2456 3538
1117 1144 1380 1509
80 86 3401 3995
393 450 3787 3628
665 985 1538 2311
31 264 3230 3982
1323 3279 1824 3601
859 3532 1339 3954
524 1651 1565 3892
94 1035 3927 1498
196 1199 1555 2909
681 1090 1644 1392
999 2230 1575 3486
3227 1505 3268 3553
1392 169 1879 3341
2177 590 2919 1739
2334 3023 2550 3831
889 2058 3647 3519
1521 1441 2550 3578
1552 1521 3799 3756
1219 1691 2210 2869
1517 992 2150 1604
3040 1385 3491 3618
906 1312 3411 3830
1312 3412 3813 3992
767 913 2990 3876
342 1211 1815 2681
2325 651 2944 2965
1074 2086 1791 2425
1223 493 3388 3062
2137 3657 2698 3783
755 2148 2329 2256
622 2916 3633 3740
791 785 2201 2381
3183 1995 3589 2907
1829 914 3773 3882
2301 184 2666 2951
1110 1370 1890 1456
910 260 2688 1578
1130 676 3888 2233
2786 126 3340 726
54 2373 2867 2713
1404 1534 3073 2139
2475 48 3131 812
1210 1635 2123 1821
754 3597 3484 3839
683 1775 1682 3775
1710 1048 2112 2433
2014 1095 3443 1186
453 1029 2739 2299
1015 2941 3628 3034
1856 457 3075 3473
2009 37 3979 3838
1916 1726 2723 3240
590 2047 1691 2152
1434 2114 2806 3068
885 2677 897 2981
3783 1448 3943 2211
3033 1099 3497 3647
761 79 2574 2599
465 86 1039 3061
46 231 173 3672
820 792 2975 2470
140 101 1684 1641
196 1665 793 2999
3162 561 3489 3551
1706 1886 2128 1923
831 1183 1158 3410
2679 605 3417 3199
2765 3289 3766 3781
1253 3484 2656 3604
975 298 3912 1777
1686 1496 3535 2309
2939 2558 3860 2709
92 3057 3461 3197
490 973 3026 1578
2579 1801 2595 2940
1726 1762 1799 2072
45 109 3024 736
907 1357 3749 3250
199 792 2452 1551
1852 2203 2993 2320
998 696 2255 3066
188 516 2993 3131
3196 1561 3486 2657
2944 1690 3056 1751
2137 287 3590 1359
1938 1168 3931 2538
1411 2274 2138 3266
318 1846 2668 2639
31 2880 3055 3988
1996 1974 3261 2977
396 98 1548 1492
911 1588 2572 3758
254 2371 2287 3201
310 1081 736 1808
2644 1200 2905 2572
1256 1115 2035 3979
736 909 1274 3169
1200 1131 2087 1181
2147 1767 3051 2682
1276 493 3221 3579
1950 803 2290 3406
3068 1925 3229 3356
1581 695 3614 3523
810 650 1626 1890
2424 1293 3336 3743
1333 3188 2135 3971
1263 1119 2298 2001
199 2844 2041 3080
2073 2790 3740 2978
404 1321 3552 1508
757 3272 2745 3435
1273 1382 2040 2626
576 2363 3955 2926
1238 1584 3485 2844
1749 2369 3370 3156
2739 1515 2888 3147
1293 1829 2150 3123
222 604 3763 1563
97 284 1868 1672
966 2491 1635 3949
795 360 1683 3971
125 55 1690 3438
2233 2801 2824 3885
2116 2075 2374 2303
3117 131 3220 382
1188 76 3865 2407
1012 110 2737 2210
349 586 3471 1068
576 2150 3568 3492
84 1314 1219 1830
1531 306 1735 3040
576 1350 1443 2939
3070 353 3937 3362
1577 1091 2450 2900
1246 1152 3522 3152
281 576 1979 2415
956 330 2502 1904
3604 52 3868 1600
259 2037 3435 3734
2584 351 3252 956
1875 217 3629 2117
815 252 2428 805
2035 66 2340 365
639 598 867 3823
247 2616 1353 2786
983 3132 3983 3172
1361 1382 2580 3536
581 197 3241 3215
836 1818 3085 3203
1415 1812 1666 3816
1754 345 2818 839
2479 54 2998 1503
1838 1610 3490 3825
1094 477 3645 3977
3147 1525 3425 2423
1229 2114 2436 3057
3812 2584 3862 3391
853 2363 2241 2797
804 298 1000 310
2969 2936 3486 3980
235 872 969 2966
1515 1086 1924 2997
1902 137 2197 3266
1874 1655 3311 1667
1602 1002 1613 2123
760 148 3200 1868
578 1416 1432 3643
460 1326 1479 2293
128 3250 3497 3531
755 1730 1555 2887
343 1775 2606 2319
1315 685 2750 1729
183 554 3839 633
862 370 1891 1561
1799 1032 2808 3939
1136 695 1891 3979
2422 1781 3771 1985
289 2051 3418 3158
666 2655 1653 3979
1332 1464 2922 2652
1731 580 1998 3362
70 656 3386 1098
823 2884 3039 3488
2250 299 3944 511
1849 1138 3475 1403
1183 777 1908 1963
2634 2214 3523 3136
1154 888 3460 1936
1691 918 3704 1664
2285 1574 3667 3160
1869 1482 3603 2215
3226 946 3239 1446
2263 899 2538 2463
3281 2924 3740 3786
3354 1001 3945 2201
199 2905 2222 3850
162 2280 1666 3369
2042 1638 3789 2902
1131 2100 2510 2659
1907 1944 3867 3030
2666 1210 2866 1955
537 2036 694 2641
423 612 3560 3498
3563 1725 3645 2032
3113 672 3585 1451
1949 2997 2547 3025
1358 1097 1949 1111
148 435 1612 1390
358 1047 1426 1914
175 1056 2528 2668
1684 330 2610 2137
2978 328 3550 2812
70 1234 2894 2094
91 1212 3231 1697
447 1524 2229 2205
840 1058 1298 1987
1397 41 1763 1698
646 1153 1410 1236
2016 1702 2918 2640
1193 577 3203 3148
1254 2630 2280 3868
591 1993 1398 3642
3691 919 3816 2334
891 1099 2630 3986
1561 894 3187 2658
1686 1804 2523 3937
1829 1304 2577 2760
2876 1534 3215 2679
657 917 3109 3000
1322 77 1577 3028
983 833 3714 1782
246 1920 3667 3920
1999 410 3116 2582
3097 1365 3859 2415
996 1026 2984 2046
3128 1350 3407 3228
219 1148 3951 3344
943 1139 2942 1308
871 1035 1555 1889
1868 2211 1986 3117
2617 287 3706 3395
1923 341 2178 2897
973 1479 1313 3240
554 739 1817 2652
2692 634 3691 1721
217 1478 1736 3221
1116 1123 2606 3867
2115 2319 2929 3001
1961 1095 3584 3817
64 392 2075 2244
1034 1024 2172 1027
451 2834 3255 3254
1607 2372 2966 3156
1784 1271 1850 2953
852 469 3849 2476
942 3177 2765 3215
351 1836 3607 2113
468 769 2340 2023
2656 459 3408 3417
96 564 2185 1471
2445 2329 3149 2370
2298 1783 3575 3329
1477 1099 2213 2350
699 2449 3817 2675
365 172 1345 1696
2562 791 3955 2134
1168 121 1442 2943
2308 1286 3612 2101
981 706 3001 1990
1497 2049 1761 3868
3065 378 3958 1383
947 1721 1482 3281
1651 514 3545 688
1461 138 2868 3077
124 2469 1566 3285
636 2122 3327 2354
1827 1447 3305 2917
1971 65 3528 179
466 1713 3736 3221
2574 856 2790 3269
567 989 2627 2862
1013 243 1095 2515
2875 2570 3552 3445
1705 665 1758 978
1232 1123 2616 3472
346 666 624 1860
2151 1119 3538 1194
1408 108 2740 2140
3326 2206 3468 3925
578 2152 3560 3714
980 177 3224 1429
2163 221 2710 3216
182 1945 1709 3311
695 222 834 1513
3106 1245 3667 3707
1402 154 2815 2010
1218 930 3556 3289
2664 938 3704 3383
3431 269 3982 2396
891 3557 3112 3605
1579 946 2892 2938
425 1718 3949 2519
1064 713 2874 2700
1682 1763 2717 1992
3641 1426 3889 3486
461 2732 3226 2883
456 2076 3867 3035
1250 58 3363 215
564 1072 2710 3456
2056 1756 2814 2702
1219 1081 3447 1819
1322 1772 3290 2954
608 30 3295 1878
1513 1153 2473 1269
675 475 3801 3555
1783 3571 2387 3880
248 470 1474 3793
3939 1811 3945 3286
408 149 2486 3091
1446 918 3823 3278
1953 2117 2904 2433
848 131 975 3821
503 2119 1603 2744
375 2539 2679 2568
320 331 3310 657
2388 774 3976 2781
2845 769 3464 1390
543 1384 3464 2817
1520 1092 2538 3733
2209 978 2575 2595
120 308 2759 3716
1933 298 2458 2113
516 1714 600 3858
100 179 1280 627
2380 57 2527 1705
368 360 2387 3110
1332 2523 3529 2993
601 397 2003 3290
1772 1191 2626 1395
1305 2128 1798 3506
28 90 3358 1001
2549 917 3397 3265
11 1013 3556 3960
929 2691 2922 3893
793 387 3811 1732
1744 1266 3975 1751
2359 1026 3298 3307
1769 1593 2766 2217
592 279 3754 3228
2136 62 3359 1690
900 1818 1504 2122
58 1309 1163 2325
1129 2596 2904 2762
2048 1642 3397 3080
138 390 1144 3705
833 91 1317 2359
3429 509 3682 781
1041 849 3696 2212
606 2035 2052 2792
1055 92 3389 566
670 1086 1106 1369
2096 179 3272 3083
540 2363 769 3686
487 823 806 1835
1766 1308 3490 3574
2407 180 2514 840
3173 2213 3817 2833
157 1436 1075 1493
191 1428 468 2914
53 509 3870 3008
570 648 3099 1136
1138 327 2661 587
2959 105 3573 1257
1774 2110 2495 3253
1092 1574 1331 2135
330 2130 629 2415
1619 528 2715 1143
2014 112 2350 3771
1166 1743 2950 2304
454 1962 1489 2213
3614 615 3773 984
2026 376 3715 2138
1957 1383 3120 1873
1816 771 3185 2766
102 2559 912 3180
1099 1185 3659 2723
89 2008 161 2876
1553 1901 1733 3650
1246 2281 2755 3421
3012 2722 3599 3428
1641 3372 2610 3733
90 910 913 3448
790 2 1569 1614
2424 1509 3456 3395
419 1874 1952 2899
1701 2032 1743 2167
2603 807 3043 3095
1535 218 2088 1653
2585 1253 3203 2350
635 1495 2798 3674
1230 762 3349 1052
834 414 3934 1054
778 2052 1850 2409
2574 3526 3096 3847
1701 1416 3700 3133
1748 314 2582 3162
1624 2033 3149 3856
1234 2832 3338 3321
1773 579 2379 2436
807 36 2292 1673
2730 1071 3071 2794
1893 3386 2808 3739
1032 1478 3568 1819
540 1757 3416 2879
1386 577 2975 646
29 1867 1827 3934
2612 2820 3707 3173
3000 1017 3672 2184
597 918 2079 2675
971 1029 2610 3529
268 1199 3093 3725
934 999 2576 1892
1611 1598 2107 3821
1514 3589 3146 3949
2231 58 2782 889
1802 2370 2789 3060
2178 1814 2735 3143
2393 399 2989 1213
1743 253 2236 1714
1580 1366 3245 2611
881 902 2571 1464
309 1741 2109 2137
2884 881 3983 3571
120 800 3928 1928
1162 114 1378 3257
848 281 867 1920
3571 976 3761 3130
1725 218 2424 1406
832 1846 3732 3421
1063 2622 2745 3881
349 283 3376 410
964 1477 1753 2298
483 929 3223 3716
2187 806 3107 3520
998 1433 2718 3140
350 3089 1877 3809
783 1562 1500 1733
2848 60 3027 3738
873 2487 2040 3302
1954 1247 3115 2870
799 858 3633 1119
990 307 3441 2503
85 1919 2620 3950
596 1541 3472 2529
2532 126 3321 639
1887 2679 2647 3943
2253 286 3487 3136
1082 13 3633 3040
3301 182 3448 2714
2496 1159 3063 1738
1060 197 2990 335
751 122 1926 3390
1918 786 2290 2431
2442 114 2716 2675
1279 2412 1484 2534
596 1432 2226 2167
2233 3514 2419 3736
1285 395 3075 2259
857 412 922 3983
1125 3017 1248 3177
1240 708 3338 3476
2122 1935 3127 2049
2233 3286 2907 3393
831 1530 2447 2761
2448 1337 3321 3401
607 3179 872 3510
2192 781 2847 3883
3426 856 3773 867
844 446 2160 628
106 325 2072 1444
673 1156 3191 2122
2228 907 3111 2810
301 491 3528 936
738 991 2216 1465
1781 1237 2708 2144
805 2658 1296 3392
270 998 3836 3184
2458 1445 2469 3771
2940 1784 3351 3491
52 519 1501 1415
2960 1135 3958 3280
336 121 3437 3145
1533 1200 3171 3396
1947 3094 2142 3594
887 808 2846 2108
2903 950 3661 3167
3648 1089 3958 3267
2566 2795 2952 3368
1298 3620 1423 3709
509 210 763 1579
2465 373 2579 2230
317 2297 893 3646
1073 1242 3473 2394
2357 109 2534 3879
829 322 1118 375
1601 1989 3785 2328
1434 1871 2019 3195
693 1107 2713 3554
1163 297 2310 2545
1714 1430 2544 1571
1449 2471 1702 3760
805 853 3023 3225
3548 2221 3831 3511
244 2737 297 2869
1453 1417 3413 2473
1163 733 3871 3127
442 156 3999 1668
1381 1384 3834 3176
1109 1395 3189 1812
149 943 3903 2109
994 19 1469 2916
2865 3015 3579 3628
3042 1209 3307 1816
63 1214 951 3018
1063 2126 3394 3065
1909 278 3185 3046
1980 2851 2819 3735
1157 3215 3991 3793
784 987 1240 3706
711 359 813 766
286 2446 1913 3746
1501 2110 1797 3648
1786 2004 1916 3574
2289 3 2674 898
3362 1039 3684 2252
770 1076 3721 3510
166 2814 3008 3482
174 2263 1750 3042
3683 2623 3857 3571
335 10 1649 2363
3564 1476 3822 2127
530 966 1999 2391
636 2132 3973 2450
291 1072 3985 2078
2555 1471 3899 1954
787 618 1622 2350
547 2939 2537 3751
1431 790 3327 1140
950 1276 3001 3464
424 694 3960 3903
1450 1333 1611 2392
1641 645 2781 1240
915 117 1643 2499
568 506 1536 1854
1264 1712 2754 2013
593 241 2150 3441
1810 2414 3015 2416
266 2042 1358 2289
2364 3412 2368 3745
1280 1160 2477 3880
2001 411 3358 2872
789 211 1454 1732
1152 1702 3755 2497
125 1043 131 2638
271 625 3697 991
356 1969 1637 3650
1941 3699 2767 3751
2243 2028 2992 3166
2004 2100 2152 3647
1900 1626 3231 1665
51 433 1581 3851
1554 716 3820 1557
1790 412 1892 552
841 2371 1598 2938
15 1629 1511 3623
1582 1144 3066 2473
2168 1322 3415 1821
500 2656 3372 3995
1632 2851 3491 3138
589 1723 1962 2280
1037 70 1258 1369
500 1447 3075 3751
3243 1549 3856 2335
1356 161 3657 3705
2156 101 3960 2665
61 1040 1027 3655
706 929 2885 2775
3529 939 3942 2630
1281 2229 1584 3438
297 1444 3330 2143
854 901 1317 3587
2987 528 3895 1988
1201 1517 3250 3606
1048 1964 3890 2887
2054 397 3762 3928
1416 1550 2463 2374
3445 1895 3788 2012
3555 189 3720 3112
2676 1512 3919 2330
1967 1775 3242 3006
1358 1432 3772 3311
1084 2542 3044 3667
1204 129 2410 2253
1238 244 2626 3786
714 135 2988 677
525 996 2180 2136
889 865 3593 1853
230 604 3618 972
256 864 3288 1144
803 845 3292 929
2593 2816 3302 3601
2538 832 2723 2639
536 935 1908 3227
1435 146 2442 2389
1366 1566 2521 2482
1634 2352 3792 3005
2038 520 2830 1903
45 875 2136 1072
2944 864 3185 938
520 695 1776 2796
577 2713 2369 3199
3082 196 3499 835
2642 577 3536 721
2349 180 3017 3556
2941 30 3398 1975
1017 790 1777 3636
3157 2433 3525 2919
1453 1265 2038 3433
3445 858 3600 1678
878 1834 926 2757
1854 1975 3275 2035
1450 246 3390 288
2786 1400 3171 2375
1723 2088 1887 3308
34 552 3665 3467
171 1529 683 1782
1156 678 2919 3162
1448 1094 2435 2247
990 892 3660 1517
107 3585 1806 3592
2690 403 3598 739
3189 197 3240 3751
1828 270 3109 2281
1078 36 1689 660
1416 1496 1827 3017
1951 1201 2219 2445
2010 2698 2456 3338
813 353 3695 3191
3510 1738 3668 1935
1141 32 2184 1878
2069 3123 3712 3330
2762 1791 3873 2094
3420 238 3794 3843
340 2466 1876 2926
1383 533 2610 2938
995 449 3276 1500
1074 777 3639 2973
2457 2614 2481 2878
1817 2681 3141 3997
2260 2027 3412 3190
807 551 1775 2898
2178 1251 3070 2782
310 2732 429 3168
327 1297 2314 2638
2568 872 3479 1577
511 2770 619 3536
451 3169 1736 3985
764 1050 768 3367
2222 2047 3767 3400
659 1640 854 1748
717 2873 3627 3792
2833 40 3881 678
661 1064 2475 3909
120 1716 2278 2423
905 740 1773 1589
58 1020 2682 2264
3428 237 3844 1160
743 595 3836 1751
2783 2723 3106 3819
1678 522 3980 3993
1802 2363 2847 3428
58 2385 2484 3133
755 2117 1126 3832
2315 1547 3231 3693
491 1109 2451 2731
3091 608 3808 752
723 2457 2860 2825
1000 2193 1630 3532
2709 693 3143 2233
769 96 3987 1706
670 123 3578 749
2942 622 3969 1548
36 1674 387 2992
2396 378 3639 1847
1945 70 2330 2767
767 53 1151 3416
176 675 1653 2239
502 132 1904 2560
508 2292 2933 2805
2821 925 3646 3609
473 372 510 3980
2560 3200 3616 3744
1594 2545 2661 3655
1017 2580 2483 2658
815 1697 3221 3612
1067 696 2051 3409
3003 3543 3026 3759
29 811 1386 1394
3541 399 3682 3605
2495 81 2785 2162
66 1658 1154 2486
734 805 774 1347
834 2695 2269 2900
2269 704 3513 1519
1776 2195 2809 2795
1096 2371 1157 3767
386 2481 1809 3074
246 659 1438 2923
1111 264 2179 3398
2941 385 3895 2772
403 2335 2344 3903
310 1798 3060 2405
1663 2498 2228 3383
2625 1848 3303 2900
575 1704 3661 2432
1344 3478 3119 3821
252 548 1234 3398
26 1056 2613 3143
491 1615 1239 2067
1335 482 1809 1048
2733 668 2943 3838
3396 1944 3597 3805
2953 1249 3293 2405
1201 2948 2182 2964
942 2492 3744 3775
1948 767 3319 898
714 2728 3817 3582
513 557 868 2958
2079 1728 3485 2156
2445 1498 2626 3238
2176 66 2801 3872
587 2961 3628 3980
717 90 1742 1725
2543 440 3399 3555
733 124 3257 2108
644 3518 3305 3911
2919 1333 3333 3793
1674 251 3829 409
2126 780 2816 3290
1810 83 3674 1423
903 2054 2384 2835
2512 3846 3128 3855
1173 1492 1964 2973
2562 1599 2588 2827
1388 284 1468 3569
2550 2791 3143 3978
3455 1445 3954 2563
907 1187 2534 1274
65 426 1827 1227
288 1370 3426 3930
1167 1295 2735 2433
3773 164 3900 474
1770 408 2391 2284
681 2134 3884 2985
1640 2527 3678 3215
1974 1012 3402 2649
1805 41 2805 3060
2589 893 3641 905
2464 1018 2581 2625
1594 111 3593 2951
2740 2227 3937 3466
9 75 2755 3493
1008 1521 3768 3282
1469 3637 2066 3774
2623 1002 3709 2094
3593 2385 3665 2694
1590 37 2087 1945
1348 2661 3175 3101
1381 2553 2890 3741
3191 980 3960 2805
121 264 513 2791
500 1365 1465 2706
2250 120 2574 3356
212 1797 3325 1859
645 238 2671 2620
2459 1198 3299 3786
44 886 1670 1935
1823 115 3027 2263
2 1173 2037 1685
3012 176 3630 1812
1383 1085 2691 2415
255 1569 3794 3513
978 55 1182 1904
756 753 3960 2437
96 2941 953 3499
89 2529 3457 3155
298 3251 871 3364
742 205 3838 3953
276 266 1502 3410
753 3178 1173 3518
1674 637 3448 1935
271 190 2560 1764
92 17 1636 3822
3038 1988 3062 3990
1686 815 3270 2083
809 3080 3555 3086
1337 119 1777 1686
1284 2062 2384 3580
2242 364 2499 1475
309 272 3812 2771
68 2256 2043 3421
2964 3292 3014 3490
2704 1728 2935 2660
964 1305 1706 1762
124 3105 2557 3230
857 490 2752 3719
791 1713 2099 2491
3021 832 3931 3261
2187 434 3071 768
2731 233 2753 1498
2196 1305 3260 3254
1238 684 3400 2130
910 1229 1264 1444
863 2153 3211 2847
1904 192 2208 3940
469 1615 3263 1884
1727 3189 2219 3897
701 725 1119 3014
29 1563 2073 1627
3291 1357 3856 2744
784 1158 3141 2501
1215 543 2608 1835
198 682 3597 3666
1170 518 3030 1688
387 2000 3457 3030
3712 1399 3859 3321
1468 1618 2499 3643
792 1495 816 3102
3191 517 3642 2943
781 1713 3453 3702
1116 3079 2760 3546
129 152 2724 243
3415 940 3896 2511
1552 1513 3343 3377
1545 1333 2013 3041
1435 1004 3414 2552
783 659 2355 1167
543 1120 2200 3781
342 48 1250 3356
76 539 2108 1510
758 2210 1483 2465
1769 1097 2190 3002
247 1800 3354 2775
2624 1311 2679 1903
579 1410 3287 3152
2608 2135 2934 3487
4 722 2178 2014
3005 787 3535 3953
2119 305 3221 2802
773 1983 1395 2366
437 287 1563 442
2087 1368 2323 1787
133 1849 2459 3717
1526 801 3659 1297
166 3361 3352 3365
791 1005 867 1920
54 347 634 3698
953 980 3912 2788
916 626 3110 2474
1583 2046 2686 2671
1069 605 3055 2730
1966 70 2658 2842
982 1561 2678 2746
1151 1170 1577 2169
885 1697 1766 3231
2351 2729 3101 3416
1399 1471 2179 3057
615 2694 3362 3143
412 2041 989 2820
627 1784 1367 2098
962 1629 1999 2170
795 573 3848 2710
688 503 2495 3787
322 1882 1834 2572
106 876 2458 2204
1804 2609 3689 3159
1282 1481 2319 2960
2053 872 3856 2992
2527 1258 3931 1841
1820 1987 3747 3566
1088 234 3685 2370
2036 15 2287 1011
1115 668 1959 2301
736 2791 1785 3323
82 524 1363 2260
790 2331 1012 3888
1605 2132 3505 3304
1658 278 3693 3175
1135 817 1975 1191
734 584 2010 1077
2377 2150 3117 2267
1523 1373 3245 3868
2300 992 2840 1067
2362 3034 2838 3100
279 461 1963 1336
483 2754 2439 3503
179 3266 2926 3413
2303 2043 3892 3347
523 1183 1415 3143
1130 1072 2719 2356
644 832 1952 3033
263 743 3949 2417
2210 784 3496 3514
2011 2733 3857 3907
1268 3512 3570 3932
1553 1939 3916 3702
891 1672 1879 3224
2498 3474 2644 3630
1111 1544 1781 2282
2303 198 3929 2313
91 3246 3490 3794
1670 1713 3011 3768
312 947 509 3409
3879 272 3945 1471
1988 356 2878 1092
2396 184 2689 3905
1036 1746 3814 2756
622 79 3508 1441
849 2086 2805 2961
222 2627 877 3309
2253 768 3499 1123
1112 3014 1217 3425
803 1670 3868 2812
1890 2404 2671 2738
1064 1491 2700 1544
455 1026 1177 1262
190 2334 493 2911
3499 1142 3972 2348
3038 1230 3518 2804
1905 2564 2907 3098
1521 274 2634 2201
701 48 1458 2098
2157 1732 3870 2799
11 795 656 2874
1465 2113 2315 2723
486 1375 2495 3930
2240 495 3482 3732
1933 1110 3630 3673
937 777 3583 3821
187 271 1947 3047
93 2096 290 2378
3779 1354 3922 2421
944 722 1997 3022
344 1993 397 2957
1909 1696 3516 3856
709 1521 1146 2496
45 679 1211 2127
2182 300 3042 3484
1391 944 3780 2076
1542 569 3318 3992
1301 273 3559 3926
174 775 1489 3417
2880 1535 3752 2461
687 2414 690 3286
3011 2417 3735 3093
2893 1763 3333 2752
117 133 2722 2063
24 436 2953 2040
501 2024 1453 2506
542 1768 2040 2269
103 1181 1260 1210
14 1713 3238 3003
1830 301 2973 1583
1464 696 2897 1662
1449 2088 3933 3111
1204 46 2284 602
2181 170 2801 2666
1040 172 1096 2582
922 525 1276 3360
2838 465 2872 3993
324 2501 3919 3989
1773 599 3692 3903
1809 1486 2835 2352
1751 46 1950 2251
567 449 1853 2153
672 948 1644 1162
2606 1441 3373 2202
439 876 2347 3209
2611 326 3787 867
2550 929 3995 3055
632 1386 743 3861
1939 285 3939 3984
2167 1588 3428 3124
46 1551 2962 2951
2337 695 2451 3230
526 593 877 1760
1111 1526 2540 2340
1788 2431 2819 3981
436 2253 838 3807
703 2146 2684 3967
566 262 1791 2995
112 498 384 1547
2777 1956 3665 2494
2319 251 3890 1143
56 916 2675 2632
254 911 3386 1995
2704 662 3145 1442
3484 1470 3514 3698
697 1432 914 2512
2247 3056 2269 3731
1118 2118 3300 3023
831 1304 1016 1844
2395 2708 3905 2834
325 2697 3629 2990
182 1013 1307 2724
1650 609 2405 2796
1247 27 3618 646
2737 446 2890 1639
2105 1424 2404 2266
658 2334 798 2582
2547 214 2862 761
1110 3306 2905 3659
95 421 2369 3948
1526 1335 2016 1586
605 1537 1811 1807
1121 627 2230 2407
2508 3238 3404 3565
2994 23 3716 3351
845 666 3335 1663
1684 271 2450 1263
2120 410 2771 1881
1729 2686 2950 3000
1618 1688 2217 3344
2870 1133 3530 2327
3265 1081 3520 2396
357 328 2321 3107
146 48 2915 936
1210 570 2327 2890
1569 1192 3047 2483
389 1428 1208 2215
3018 546 3773 3787
436 1827 1226 3113
1239 930 3632 1070
321 1127 2510 3757
1954 439 2126 1614
2525 3356 2985 3754
1027 479 3081 815
1428 426 3699 3795
1757 764 2334 1621
1734 896 3293 1037
337 2764 407 3989
2752 916 2787 3417
48 1618 1850 3442
1667 719 1726 2189
2035 3497 2071 3671
1578 363 3189 1152
65 333 2732 757
3135 1933 3918 3108
191 601 1670 3759
360 1550 3640 2359
1693 482 3968 2426
2787 1303 3078 1705
8 848 586 3168
649 1852 1936 2948
1387 311 2330 1212
1142 235 1362 348
2080 634 2587 2237
2786 794 3884 2275
1767 810 2935 3203
2451 225 3547 1678
133 1211 1291 3545
1850 2930 3892 2964
112 950 1102 2784
3169 985 3466 1354
1315 2609 3236 2969
877 1359 2201 1698
613 956 3551 1916
734 274 1458 924
2307 2213 3647 3751
318 692 2327 1175
83 339 2992 2372
2004 1762 3370 2043
1177 873 1939 2929
1188 604 2965 3942
1144 1479 2325 1787
3264 1292 3628 2789
409 952 1555 1877
2183 571 3730 3148
2199 2385 3577 2539
1955 3400 3006 3488
1745 255 3825 3123
2580 1547 3198 3230
886 1404 2938 3744
1354 1045 1835 2418
39 871 2989 3751
1033 2936 1399 3367
91 2064 1248 3726
751 848 1054 2652
547 2908 603 3662
264 1956 3180 2770
1303 2630 2018 3063
413 1457 631 3558
550 3013 3952 3523
1542 885 3340 3526
1995 2117 3682 3635
3266 331 3267 3016
912 46 2218 3528
549 3689 2199 3924
740 185 1480 1821
2385 416 2894 3900
2359 238 3180 2565
1237 2363 2158 3437
2453 1146 2965 1373
328 863 357 2505
2576 1463 3433 1675
464 716 3682 2658
925 3282 3141 3978
1045 1339 3284 1937
491 1350 609 1609
1614 99 1730 1923
19 1403 1023 1410
622 2812 1572 3846
1218 2376 1272 2604
130 2174 1037 3839
741 99 3809 550
1055 2327 2518 3910
538 2454 2765 2779
137 630 2725 962
1415 1452 2526 1565
359 1865 3678 3596
1770 1265 2829 3882
1812 201 1835 695
438 1692 2718 1784
728 1156 3619 3435
2644 991 3898 2866
2301 242 2538 3189
399 294 3712 3151
272 2381 1193 3035
705 645 1985 1193
1588 2292 2212 3105
41 371 1809 1105
1328 2361 3651 3162
2486 1548 2529 1934
809 1606 3624 1622
2004 589 3267 1078
2894 567 3870 1936
3363 452 3641 803
2993 723 3647 2878
979 1211 3279 2677
708 995 1908 3167
2119 3429 2307 3733
1982 946 3380 3654
3232 286 3581 1841
460 245 1270 1292
2867 469 2882 3671
478 965 3698 1066
1439 327 3729 820
2656 1277 3408 3443
2145 756 2678 2216
1650 1583 3283 3238
163 535 2633 542
1725 217 3836 1788
1235 263 3924 2707
1086 773 3642 829
140 839 2075 1647
733 1897 3662 2211
1393 384 3841 2092
623 1311 3895 3096
1210 628 1885 2069
892 1532 2400 2355
2340 2909 2776 3912
88 549 3395 854
2712 1103 3951 2128
2258 1139 2513 1893
1678 1317 3828 3743
355 1811 1201 1857
3236 1853 3432 2602
2260 88 2402 3907
2228 2175 3478 2692
1273 1129 2030 3890
1721 2899 1724 3377
1954 1825 3400 2302
1751 2442 1855 3966
3152 52 3786 1674
3230 2542 3257 2645
52 402 1270 1908
1035 549 2669 2757
2528 1384 3062 1762
2405 924 3370 1254
1689 1502 1828 1773
510 2606 1919 2839
57 537 2042 1472
46 776 2224 2533
2694 1464 3983 3338
1212 2338 1781 3849
1859 208 1892 1213
2088 32 2980 3753
3714 2926 3926 3346
397 1632 2191 2342
1302 1169 2986 2267
1220 2983 3495 3005
344 2750 2386 2788
605 436 2990 2578
382 407 3566 3782
1223 1440 3858 2398
2838 2313 3827 2895
434 798 1484 3166
840 1892 1464 2351
287 905 2012 2281
776 1337 3063 3755
3345 292 3829 2935
2137 2671 3602 3475
3433 1579 3585 3748
681 821 2504 2447
195 3307 200 3842
1685 497 2752 3484
814 472 1599 3443
2157 878 2480 1347
223 205 500 3033
714 1847 2143 1990
556 1656 2442 3972
1644 1262 3744 3346
2650 825 3295 3429
3640 1477 3719 3905
2041 193 2533 427
2387 1456 3844 2976
237 3490 913 3737
288 1220 787 1412
1818 1659 3777 2470
1184 108 1653 3543
420 1232 2754 2329
1231 1393 1821 3061
1166 2134 1751 3280
2073 1901 2627 1985
325 2082 580 2419
1744 551 2724 742
40 1082 670 3068
319 166 426 3486
138 811 3301 1468
1650 1514 2089 1525
611 1765 2896 2305
392 787 3044 3787
664 1023 2348 3610
902 1089 1411 2519
2373 1785 3118 3624
449 2052 3533 2584
2 798 1007 2864
2292 2606 3928 2845
550 2068 1118 2963
380 2236 685 3286
1118 300 2595 1518
1340 1186 2675 3974
610 1337 1417 1763
1382 179 3353 1042
200 1824 1378 3788
1611 1536 2196 2096
818 938 1190 1194
671 917 867 3845
1106 3393 1862 3689
2337 120 3554 588
982 1384 2481 2862
188 944 2796 2006
1264 2291 2089 3704
182 2493 2451 2723
1149 367 2702 845
620 1004 2237 1268
615 1286 1890 2362
2392 2991 3345 3118
2095 97 3063 1526
1814 20 3083 2712
1778 590 3706 3843
190 3629 1397 3703
929 399 1294 3768
281 1325 1517 2242
1422 1546 1745 1688
341 890 3529 3163
1671 751 2014 2829
3201 1615 3882 2902
691 1066 1877 3942
59 1120 3835 1440
2597 434 2678 1222
2965 2061 2982 3589
2637 3121 3098 3530
1503 722 1644 1735
2575 1188 3893 2102
2758 3151 3165 3912
80 1237 1616 2862
682 692 1153 3484
1642 279 2813 2414
588 1455 1208 2284
898 2041 1823 2687
885 640 1877 961
1379 1210 3052 2862
45 315 3771 1874
2349 419 2723 1370
3476 2566 3981 3646
3905 2306 3914 2872
1289 1581 3253 1832
1269 360 1763 2735
1346 2702 3534 3267
1486 1591 2881 2966
2595 1133 3304 1740
779 1265 3067 2221
3194 1209 3506 2249
674 2029 1050 3458
244 2779 2284 2959
387 1396 3124 3521
32 1781 1777 3148
2563 2301 3008 3753
471 305 2165 3932
1641 3637 2342 3849
1310 2134 3816 2300
991 3104 2424 3117
2145 2434 2587 3577
987 2738 1469 3995
439 1821 2789 2662
214 679 3706 2307
136 2732 2204 3764
154 499 3205 3516
70 2481 2192 3298
1955 490 2655 719
155 1067 3011 2118
91 564 1316 1417
932 430 1402 3721
398 486 1615 3219
2072 2063 2924 3737
25 2208 1365 2887
1395 1302 1454 3199
1908 2884 2093 2992
1942 1080 3478 1389
3106 650 3747 2760
260 690 2692 2336
2007 2063 3113 2492
1019 1001 1769 3375
107 340 2782 2766
219 2974 3976 3165
1997 719 3047 3817
778 589 1905 1342
1323 705 2058 3879
2037 1033 2728 3657
394 867 2688 2540
759 121 2309 3976
1444 315 1565 359
1887 690 2608 3773
166 485 1709 1080
938 1598 2997 3855
193 2024 591 3072
609 1225 2287 3706
336 1423 3110 2224
1615 1571 3015 3275
1034 1083 2224 1793
468 553 3137 2799
1811 1112 3239 3973
2478 286 3865 961
964 1436 1032 2862
1170 1633 3102 2332
536 1321 3974 1756
1250 651 2208 3769
1058 363 1665 1430
192 195 2501 583
391 418 3618 3685
757 1894 1731 3938
1861 414 2062 1429
1458 1454 2233 2796
35 683 3746 3214
2048 2493 3272 3656
1894 134 2870 2067
1311 2461 3608 2794
636 707 2266 1725
880 186 991 453
2626 180 3058 3120
1746 2410 2655 3202
3302 1892 3497 2445
626 96 3358 1185
327 2608 771 3661
1537 2418 3638 2805
2850 1776 3358 2283
301 1363 711 2909
455 1838 2087 3512
1471 669 2010 2926
654 2319 3429 3316
1751 2573 2709 3068
1778 567 3713 2631
1682 1027 3087 2585
2279 184 2406 2635
1783 461 3360 1004
2357 333 3954 1098
225 1075 3135 3698
1074 624 1426 1931
1700 2760 3513 3164
2805 1382 3125 3956
3420 148 3997 651
973 364 2470 2794
2625 1257 2702 2453
2162 313 2916 2382
1407 1188 3011 1881
833 600 3185 2644
1845 121 3318 1255
2421 658 3777 1173
104 1937 1894 2601
1152 217 3331 843
2315 2986 2900 3049
2141 1173 3887 2039
441 913 2857 2386
1028 1678 3421 2436
2570 436 3874 1112
1794 1054 3163 2944
118 2039 2324 3585
1588 741 3454 2079
402 2552 2899 2891
299 682 3789 1654
2792 1777 3312 2177
533 765 1595 3028
2151 1365 2461 1413
1230 2945 2219 3489
66 2023 2751 3306
14 1153 493 2512
570 1878 3298 2519
1682 1717 3512 2702
1654 2477 3889 3373
1648 385 3031 3571
2383 1206 3050 3679
1727 83 3365 1465
2372 1381 3975 3674
2427 817 2723 2195
608 1603 1564 2869
1287 2449 3875 3881
1367 2026 3106 3303
1361 2786 3440 3875
958 1094 961 2992
1177 1765 1254 3900
461 637 3396 2134
2716 757 2740 1181
2075 2661 3395 3251
1883 2473 3648 3731
477 656 583 3673
664 282 3610 3217
505 63 2369 3441
357 1690 1706 1929
2571 2073 2910 2439
83 2020 872 2741
1298 175 1435 1154
2275 313 3148 3082
275 1010 2853 3273
215 1368 1668 2574
2625 1261 2887 3550
1179 2943 1835 3459
1512 677 1752 1911
384 1229 3175 3453
1525 3187 2575 3786
2773 218 2844 2036
720 331 1006 2798
816 841 3415 1410
212 546 3881 3735
2341 575 3819 2150
623 780 1499 1065
732 531 3862 2739
1376 15 2291 3702
282 1163 2673 3187
1562 2386 1962 3094
420 115 3405 3851
67 24 647 1651
1105 2724 2178 3341
2883 232 3914 2299
1055 2914 1762 3022
1353 657 1948 1369
1451 233 2415 2189
953 3163 1366 3690
2334 904 2845 1491
2754 849 3850 3725
1943 738 3863 2606
324 937 1968 1045
2798 208 3846 579
472 1756 595 1780
2788 98 3730 2576
50 453 1415 3341
1875 750 2597 1063
1189 665 3792 3374
1940 2844 3573 3863
1374 1006 1403 1228
931 2177 1901 3360
1810 580 2414 2128
1400 812 1722 1797
1005 134 2387 2995
320 645 1073 2554
357 2084 2348 2263
814 1116 2400 3420
3265 1386 3847 3934
298 1374 2044 2622
1339 1121 2622 3236
1160 1069 2488 3355
717 283 1421 426
335 2013 3030 2409
437 2445 3324 3635
1145 491 3339 2144
1017 1724 1796 2851
2155 1907 3928 3698
1866 1583 3453 2248
2019 59 3248 869
931 2872 3061 3600
991 2717 1906 2909
152 2380 941 3070
130 1241 2759 1599
1554 577 3226 697
2206 1579 2542 2318
286 1680 2572 3505
2853 1635 3490 2903
890 1648 2104 2353
324 1954 2327 2297
952 2858 3582 3816
2783 502 2804 2578
669 791 1774 2118
325 1957 3518 2423
625 587 3412 774
712 157 1852 926
1724 896 2127 2467
777 2085 3819 2926
2414 118 3983 2909
1559 2166 3064 3027
1214 921 1485 2985
3602 2752 3980 3100
3650 375 3767 1419
2360 3104 3024 3119
470 545 827 3862
2254 138 3049 874
1875 1245 2179 3328
353 1202 2677 1779
1580 2729 3060 3172
1218 1068 2070 2786
1229 649 3781 3739
3107 744 3449 1469
388 2405 2324 2667
1198 730 2048 825
1382 1148 2290 1350
1152 1192 3769 1216
1707 1227 2210 3680
1494 3478 3860 3862
1237 1216 1583 3970
1575 3966 2865 3992
659 52 1144 130
1484 2077 2970 2239
1651 971 3517 2958
1049 98 1852 420
1488 319 3024 2444
2681 2214 3188 3993
340 484 1979 3633
1580 1488 1604 3102
1999 884 3066 1527
1925 957 2883 2269
510 1642 2890 2617
584 1286 2925 1925
606 636 2166 2786
1582 734 3726 2380
681 1338 2475 3255
3549 44 3894 2693
544 443 3507 1254
238 565 815 1042
322 3470 940 3962
872 1980 1022 3765
265 2621 2220 2655
374 467 1232 2670
2469 421 3775 3764
1908 356 3313 2095
1345 2286 2952 3275
1997 2818 2253 2905
1601 1164 1797 3741
1944 2708 2381 3010
1269 1920 1407 3381
2601 949 2986 1707
469 425 2433 3413
971 823 1087 3652
946 2075 2068 2258
2355 1725 3463 3255
1880 500 3912 3302
585 937 2962 1752
1078 676 2116 1484
1098 820 1197 967
3305 199 3500 927
1266 1705 3888 2757
1289 2456 3687 3903
325 1717 1941 2076
1264 857 1640 2456
544 67 780 672
1742 1384 1885 2088
2385 1114 3411 2971
750 1404 3063 1991
660 203 2677 805
110 2147 2451 3491
1884 292 3832 3103
2376 1043 3982 1850
453 36 923 2128
197 810 3762 1697
2375 3639 2824 3876
773 2918 2893 3848
12 1927 1943 2812
1099 836 2556 1882
3950 1672 3968 3858
229 1355 3775 2855
728 2643 1574 3184
900 1387 3634 2398
1096 2204 1469 2553
756 1201 1130 3610
660 171 3804 495
285 974 2010 2754
3018 283 3059 474
1511 2460 3536 3930
1103 1161 3542 3341
1685 387 2067 1075
653 2934 2356 3235
227 2412 3778 3099
389 2248 2221 3087
1310 725 2704 1121
3075 419 3781 1895
2264 3221 3342 3881
1965 523 3378 2443
1266 2816 2214 3391
511 801 773 2113
427 760 3600 3592
35 806 2030 2677
1040 3354 1174 3849
2327 2323 2718 3531
839 3094 1711 3531
13 1371 372 3536
70 1621 1349 1796
838 158 2491 797
975 177 2449 250
1221 672 3842 3884
87 2878 241 2919
715 1094 2858 1209
2787 631 3765 2691
108 167 2274 2236
950 980 1728 2086
270 1215 2109 3396
3740 2843 3826 3838
332 3691 1961 3819
1594 660 1721 3098
996 1618 2321 3549
260 2425 3240 2656
33 829 2588 1490
2536 768 3814 1721
1358 3150 2254 3539
2614 45 3243 69
319 500 1953 1410
1283 2084 2981 3424
156 2398 3176 2607
555 263 2283 2331
257 1640 762 3855
3084 281 3610 1226
2758 367 2962 1115
614 551 2030 3275
430 246 2866 1917
171 1287 3840 1403
1663 517 2895 2411
539 50 1996 456
265 677 539 2115
948 2227 1590 2898
2580 1927 3362 2988
1485 671 3637 2778
641 650 871 2436
543 214 3086 2121
2451 254 2588 3521
764 447 3725 1131
669 475 1219 3337
1979 2923 2037 3001
2868 695 3346 1494
2177 974 3454 3017
3239 3904 3982 3939
497 540 990 1701
1613 707 3596 974
2018 2410 2599 2525
314 567 1463 3939
2086 278 2350 1657
633 902 3140 1481
646 2391 3810 2914
35 2398 1985 3537
499 1145 1591 2076
1018 1205 1191 2135
1778 140 2911 862
279 1039 3615 3585
516 747 2633 3536
352 2295 898 2554
434 1574 1872 2062
1112 2549 3039 3355
1727 1095 1951 2675
1210 302 3219 1158
268 288 3990 1646
1227 2051 1768 2830
1805 3287 3327 3382
1868 2075 2016 2439
1322 2495 2078 3914
76 32 1744 3905
1834 115 3899 2166
1166 346 2942 1899
488 714 2124 2203
1108 1217 1596 2984
2461 1454 3844 3397
1000 1678 3154 3750
1398 3387 3445 3542
2108 1416 3978 2072
102 652 3542 802
900 1315 1492 3761
1177 765 2001 3402
295 177 791 2552
1067 997 3794 3231
761 970 3031 1214
688 258 1264 2008
227 488 2261 2661
2670 323 3187 550
3512 13 3585 1467
662 24 2923 1541
684 1463 3988 2561
2061 260 2328 2574
1478 2010 2001 3701
1 1246 3579 3295
1575 2095 3750 2202
699 163 1706 1186
704 314 3416 809
345 877 1395 3909
719 914 2871 3254
278 825 3074 1879
487 3381 3639 3979
1005 1461 2584 3385
725 440 2777 3031
893 3776 3260 3882
536 1599 1178 3781
524 2529 2053 2689
216 283 3525 474
2260 1246 3773 1381
813 1486 2853 3482
1728 1370 2874 2815
2959 670 3601 3229
3516 161 3596 2992
581 1692 3613 2158
138 2051 2778 3302
311 1828 471 3462
883 1217 2771 1905
2369 671 3514 2939
2356 1180 3532 3144
2530 1177 3784 2667
1327 1823 2598 3750
2042 1136 2854 2986
3211 2070 3920 3767
842 3409 2117 3954
2065 739 2560 849
2579 2260 2954 3688
1604 242 2111 1443
1993 852 3401 3626
544 275 3061 3189
532 2248 3798 2577
1141 1601 3852 2244
399 3317 831 3678
1571 635 3990 816
2669 1946 3212 3868
1156 1058 1779 3915
1534 285 3475 375
128 149 1342 1979
427 1269 3642 3250
1530 1476 3649 3305
259 1225 1036 1949
1180 2940 2653 2956
2943 2402 3070 3733
3038 971 3828 3217
1564 1780 2351 2634
1017 202 3237 2739
3201 3064 3841 3101
656 511 1195 3588
1469 1633 3131 2982
850 1964 1484 3627
1256 2429 3430 2746
546 828 1724 2686
1812 27 2597 1669
420 1442 3546 3218
193 1562 3149 2760
970 1795 1962 3194
733 197 864 3501
1851 401 3890 3748
1225 2410 3243 3515
1457 1799 3011 2919
567 456 854 2192
714 770 967 1274
654 3360 2916 3717
2877 915 3311 3445
766 2143 2058 3517
1548 928 1877 3705
662 816 1240 1274
160 634 2971 736
1938 1196 1986 3242
39 610 1250 1580
350 372 1338 2465
420 879 3512 2940
130 175 2908 791
3022 122 3197 3164
1768 1271 1851 3818
1755 2733 2370 3747
214 2802 1936 2860
1610 1543 2583 3008
1320 2286 3435 2365
1402 2963 1986 3654
2569 1780 3028 2465
497 1274 3121 1963
301 2 1922 2608
1550 1179 2118 2719
1440 737 3569 3782
697 1357 3099 1962
57 1064 830 1445
2343 2110 3287 2797
616 3613 2123 3632
459 2489 2057 2938
2467 2134 2576 3743
627 281 1842 829
1265 923 2289 2346
2915 2349 3412 3111
570 94 2658 1999
398 2148 2444 3726
1622 1504 1960 3656
540 1750 709 3228
1587 1310 3666 1392
836 1205 2645 2222
2699 1294 3934 2063
1269 830 3732 3877
955 2290 2436 3106
2130 2755 2526 2916
728 1518 1299 1676
348 1808 574 2875
199 2383 3956 3387
1156 1111 2135 3072
3419 165 3668 2119
361 1421 3201 2860
1498 3120 1982 3921
1716 2194 3261 3773
1074 1937 1733 3494
633 1163 1644 1413
210 221 928 3236
391 688 1785 2541
443 688 3465 1562
1777 2464 2335 3655
2309 470 3979 3542
455 2331 3399 3621
1759 817 3963 2243
167 2976 999 3503
632 1426 2597 2024
2051 173 2435 2031
1952 1921 2269 2144
437 1698 3949 1891
631 3484 3929 3515
2618 225 2981 3068
735 1054 1314 1691
1297 2325 1400 3133
143 749 911 3330
1106 1379 1822 2254
773 423 1943 2322
461 40 997 45
2018 574 3463 2321
2547 413 3649 1730
888 33 1169 1556
265 2935 3283 3513
1981 2867 2699 3060
1444 1521 2127 1987
2652 1137 3673 3232
1889 720 2022 3626
1141 1921 1748 2558
89 324 284 1429
1817 457 3286 1040
367 388 3267 3221
744 431 3926 2191
17 1349 2411 3068
2650 1361 3518 2927
979 2465 1055 3844
1215 2304 2298 2620
3609 1292 3879 2438
332 252 1879 3258
2847 2131 2940 3121
1650 311 2132 1480
430 31 807 1484
1144 767 1249 2968
1387 720 3721 2558
204 955 2898 2923
2444 1968 2795 3775
398 540 2618 2506
2462 614 2497 1000
137 658 3384 2889
705 215 1790 2644
2873 2189 3058 3752
1337 2569 1957 2753
732 2751 1801 3372
349 489 3110 2757
1264 770 3129 3620
30 927 1670 3321
344 45 1150 1184
2339 295 2689 1982
210 2064 1540 3734
487 1394 815 2562
315 2698 484 3853
860 1915 2933 1944
472 1918 2288 3589
3449 828 3583 904
1373 276 1692 956
1503 2292 1561 3812
685 770 2010 1952
1285 2266 1340 2556
1752 1598 2874 3644
204 213 3930 2391
1645 1699 3954 3259
47 347 3175 511
2769 2162 3539 2470
2216 1953 2936 2087
1880 444 3336 558
937 792 3097 3403
3288 1509 3870 1863
2544 2051 3645 3535
3185 132 3993 2991
1395 1324 2113 3032
502 902 1147 3870
168 2259 1353 2704
3142 2402 3346 3866
704 2272 1472 3263
1028 140 3671 1843
432 3596 2595 3898
359 427 707 3595
1057 1036 2685 3896
114 1024 2279 3841
404 14 2533 78
124 962 1930 2997
2269 1158 3095 2774
1429 258 1929 1989
199 2134 1676 2842
1185 2207 3715 3742
560 1726 3016 2004
1204 1180 1536 2532
654 2924 819 3453
264 1200 1464 1620
714 1905 3381 3547
61 1228 80 3017
2390 39 3834 2205
806 182 1656 2888
1358 1623 3024 1923
1254 994 2280 2849
2082 687 2511 693
1357 236 2575 2334
16 1661 3362 2498
169 893 1804 2675
2155 326 2658 643
840 455 3450 3708
1860 37 3524 350
59 3563 1324 3658
1718 603 1895 881
966 3144 2693 3354
1887 825 2795 2685
1884 2293 3154 3854
458 730 3349 2788
2322 3086 3337 3613
1615 2673 2701 3643
1920 1313 2719 1608
764 1134 1986 2796
686 1944 1069 3553
58 761 2379 1205
1744 420 2709 3578
1585 1419 2235 2203
1995 697 3411 2426
686 1717 808 2795
1398 1265 1633 3515
2728 1528 3294 3372
625 145 2436 990
462 948 498 2729
1478 996 2729 2326
387 215 842 2735
1400 1172 2311 3586
2227 1767 3404 2914
1784 818 3526 2639
963 2314 1504 3022
2108 721 3832 3589
957 2569 2975 2749
2084 612 2796 1040
437 845 2127 2391
99 1218 2805 3792
710 631 3628 3102
402 1169 2192 2921
210 838 919 1406
2276 434 3869 3457
3703 3100 3742 3943
2659 1895 3230 2600
2078 29 2628 1234
1434 788 2426 2082
3105 728 3494 1883
1340 1467 3051 1532
427 885 1796 3351
876 443 2188 811
683 1147 2352 1400
1059 158 2560 1794
907 393 1337 3132
2307 1077 3299 2862
1217 1292 3807 1361
1918 2513 3541 3237
3589 134 3761 1841
352 2104 2643 3105
2012 373 2875 374
658 1461 1290 2955
1367 3101 2888 3895
2228 1048 2722 1270
1985 654 3193 3023
531 676 3832 2531
449 1571 1932 2569
714 231 3523 3937
17 1963 2577 2898
2761 1493 2932 2282
3301 58 3354 3436
107 2767 875 3325
717 499 2566 2256
638 237 1072 3639
1327 2178 2895 3276
1690 492 2070 2447
300 139 800 2836
1499 2560 2621 2704
700 79 3540 2675
2869 769 2955 1349
1388 621 3714 3020
3077 2319 3206 2879
298 1812 791 3959
1152 670 2646 2230
1052 1547 3435 2218
1026 1912 1349 3323
1473 1370 2128 2101
2616 193 3245 1262
634 603 2286 3766
1906 2732 2566 3433
2977 321 3047 2471
68 1981 2583 3638
2086 2464 3246 2831
727 1337 1001 2428
1827 119 3922 1474
1146 1038 1395 3144
1396 988 1602 3770
983 434 1101 1566
3381 205 3596 559
1718 1841 1989 2058
771 1086 903 1936
2325 1616 2516 3591
844 486 1756 2242
1579 1815 2134 1829
1020 2124 3346 3757
998 1017 2463 2616
936 3655 2598 3760
106 612 3371 3965
2598 624 2726 1200
1318 3211 3666 3521
1191 807 2039 3735
1984 3399 2812 3432
313 1296 2487 2256
1659 2154 2599 3298
508 1019 3139 1397
943 653 1103 2083
689 1292 3351 2207
1118 576 3639 805
849 2301 3039 2407
308 3701 3051 3705
1640 733 3365 3708
2714 2012 3569 3550
2213 94 3233 644
1299 3092 1299 3270
553 477 2040 874
966 3001 2247 3886
1532 1783 2328 3174
224 3196 2903 3452
903 2959 1360 3811
1099 3485 3321 3831
734 2304 1603 2664
37 282 1182 2067
872 1596 2579 3726
530 2684 639 3266
202 2716 777 2724
684 1293 2075 1562
524 1508 2464 3269
1615 1107 2230 3442
294 1194 1614 2663
1959 34 3575 2081
873 2150 2779 3717
836 1211 2489 3226
1535 910 2530 2651
48 3436 2815 3911
9 1230 2198 2997
375 835 2115 3289
211 242 3898 1472
1631 851 2248 1095
139 1478 1918 3181
3619 1299 3775 3109
2862 2567 3518 3449
1824 44 2364 1979
775 52 3623 1584
2181 1421 2595 3013
3364 3498 3644 3654
239 228 2126 1726
876 26 3891 2281
260 1135 1687 3098
1864 1382 1914 1788
2277 1070 2848 1072
619 154 3340 733
430 911 1024 2731
378 1508 3756 2844
234 1845 2485 3190
1128 71 1512 1503
1166 1514 2003 2244
2077 482 2497 2550
320 127 2926 354
625 3013 1306 3974
2720 175 3745 1561
1203 3280 1747 3802
64 1540 3115 3216
263 2068 2732 3484
54 321 3452 3311
2102 1474 2982 2005
2684 1163 3860 3499
278 351 564 3339
36 2926 3221 3414
1382 1451 2089 2639
2261 17 3148 1146
2165 1095 3159 3968
454 3717 3711 3856
2695 1627 3288 3590
1469 1079 2276 3964
1976 1362 3694 3859
2175 226 3860 1462
757 320 3070 3861
2349 3406 2382 3900
466 2435 2564 3611
87 1786 3027 3598
450 1591 3895 3497
40 246 1286 3874
1066 44 3522 1377
742 1697 2266 3103
2114 1349 3311 1365
719 233 2398 3061
1167 1232 1872 1461
1721 2085 3900 2429
3218 614 3747 3586
87 285 3111 2690
526 2318 2882 2618
2710 396 3950 2138
1230 81 1858 2067
196 2515 2366 3359
1494 1328 3740 3552
1102 3830 3335 3964
1949 1838 2788 2190
716 1175 2846 1269
2503 3614 2714 3638
1301 232 3075 986
1335 326 1651 887
820 2820 2633 3119
1032 2169 3446 3933
2617 74 3368 749
880 146 1422 373
2058 696 3846 1915
1232 1205 2418 3869
177 847 2247 2996
1815 375 2458 3055
1012 364 3532 3933
1416 398 1848 1620
75 423 92 1187
2498 760 2668 1194
301 1559 1579 2232
2173 721 3099 3523
3239 1227 3992 2953
1743 3013 3438 3820
1116 457 1991 3451
966 463 1371 1967
1007 2747 1337 2923
1968 2050 2849 3193
480 113 773 1953
1246 586 1511 3099
2096 1349 3724 1955
1497 2132 2643 2228
881 1491 3737 2633
252 2977 3445 3514
2677 1753 3804 1810
60 2787 480 3417
575 1088 3435 1820
208 9 3059 659
185 851 3876 2061
991 345 3746 1735
3863 1161 3972 1526
3349 1172 3414 3725
918 2808 3536 3376
200 1297 326 3060
1669 2954 2815 3809
308 2424 3598 3136
3295 469 3900 3816
3573 123 3680 1902
1007 3109 3499 3210
532 1120 2757 1140
1482 366 2838 3397
327 144 3797 3377
1173 1297 2801 2135
3519 1873 3681 2124
1427 427 2703 1716
572 2067 586 3006
545 122 3567 1726
2670 2190 3384 2392
1346 2078 3662 2273
139 499 2748 3542
1437 428 3975 1628
1371 2043 3997 3403
1162 123 3144 1109
234 1490 2501 3169
104 389 1098 2520
2664 491 3945 2955
3403 2287 3420 3132
2195 2399 2539 2514
2479 1050 2532 3454
3412 244 3679 658
2018 2711 2047 3555
858 2339 3470 3323
3269 795 3645 2081
1580 188 3323 931
484 681 1730 914
1113 2270 2387 3449
1733 324 2937 1108
2406 757 3395 3313
720 889 3040 2553
466 2932 1422 3877
790 736 1852 2517
2236 1067 2322 2335
1610 2026 3414 2507
274 2852 2399 3429
1758 517 3178 2066
1300 1436 3851 2912
2294 1411 3853 3164
232 1491 2643 1827
314 187 3401 2051
2329 148 3133 1236
95 47 485 808
102 1220 2134 3046
1980 1917 3184 2482
1209 25 2332 3254
16 1201 1838 2993
712 556 3414 2426
3827 184 3906 1978
1034 1134 2193 2480
1250 1252 2997 1664
3608 1505 3720 2385
569 167 2355 2036
3282 1791 3554 3384
381 575 1528 2737
1564 301 2840 2566
1094 4 1416 3762
1376 844 3738 2982
25 1234 505 1497
292 1415 2535 2863
77 1369 1989 3831
164 845 446 3919
290 188 3625 3769
2985 40 3219 2990
1446 504 2692 2136
846 172 2525 1697
1728 1619 2432 3157
367 329 2960 1379
76 1187 2568 2637
719 502 3926 2121
2219 511 3981 1934
1388 36 3458 1896
356 2558 1793 3583
909 1623 1799 3911
1022 1460 1801 3877
1393 1531 1899 2470
296 1196 3449 3932
3171 811 3291 3283
558 2362 3596 3642
512 1627 732 3647
2450 413 3763 873
1140 294 3390 3562
85 1407 549 3214
31 1425 1549 1946
638 1339 1541 3792
1093 1755 3495 3665
2187 106 3374 2008
3443 2914 3606 3842
3195 1566 3431 3890
3237 984 3763 2944
1947 72 2010 1056
1717 52 1913 2130
522 2322 3063 2650
674 227 2632 740
3051 2508 3455 3130
1321 2494 1645 2917
573 1593 1050 1862
1379 848 3536 1117
782 410 3035 649
1750 2896 3245 3401
2186 2144 3280 2526
3446 2162 3786 2608
1533 1300 3453 1933
675 866 1303 3982
2300 533 3331 2470
706 1011 758 3418
28 2243 1852 2947
965 476 1719 654
1399 1779 2273 3157
1286 773 3817 998
295 312 3732 992
2044 1331 2322 2770
1266 2598 1466 2944
330 2020 1521 2146
1665 1446 3711 2335
2444 366 3757 3416
364 1432 3741 1938
739 2898 3010 3499
675 165 2343 259
2024 3203 2663 3946
3213 51 3255 3826
3787 3047 3898 3499
469 598 1714 3923
2228 89 2590 2047
1526 1144 2478 3209
2386 226 3740 2670
1014 2634 1094 3795
1752 1371 3689 3612
461 1249 2735 2264
1930 3655 2041 3829
852 327 3633 2244
1181 597 1404 2230
626 1126 2924 3537
1554 698 1774 3844
115 304 2751 2997
181 484 241 2921
1489 1326 1793 2020
3199 3053 3655 3255
441 1506 2436 3544
2293 2617 3674 3944
167 650 2295 1056
54 439 3647 2717
66 2904 1376 3129
2628 1084 3923 1782
1671 815 3225 3366
924 1089 1382 3426
2970 2421 3992 2975
575 2520 2697 3727
1662 458 2437 1651
3513 2293 3716 3995
2492 2118 3760 3797
241 34 1447 765
828 1891 2789 3089
2489 197 2763 1632
776 1138 1472 3249
104 3026 865 3074
2378 859 3716 1127
1921 1178 2817 1402
3492 1341 3863 1985
1136 2521 3193 3893
34 2400 489 2567
42 1027 1051 2264
2243 566 2434 1108
2712 2138 3965 2348
1435 136 3492 2245
1061 2720 3843 3915
196 327 705 2813
712 425 2045 3960
1524 38 3398 1339
726 289 993 1156
676 2292 3287 3051
1253 576 3058 839
2723 2001 3148 2828
919 284 1702 3634
560 89 3775 2676
2764 1250 2855 3859
348 37 1604 770
1366 2329 1382 2573
1362 1121 1658 1859
653 1486 3051 2668
1237 250 2315 1398
466 1764 2859 2634
1045 2802 2277 3385
736 417 1675 3594
870 1715 3654 1828
33 579 1615 3020
186 2023 2049 3951
675 3127 2585 3436
2134 1232 3198 1269
546 2613 3020 3494
917 1863 1488 3022
3202 18 3278 1747
596 2704 883 2992
242 199 277 987
1148 871 3878 1861
2994 445 3665 3951
119 292 783 3746
1163 1131 1832 3800
329 210 2432 1387
2000 681 2585 1114
2544 2260 2852 2509
3496 831 3690 2071
3207 3376 3877 3626
1382 577 3676 3901
762 704 3712 1569
127 864 2225 3428
554 907 1008 2136
9 2392 861 3410
804 2346 1272 2832
1256 20 3376 3062
897 1141 3753 1148
646 3599 2190 3791
348 686 632 1728
306 831 1883 1585
725 2501 3325 3864
3208 1677 3256 2508
3536 1708 3868 2983
1777 772 2640 2813
2155 657 3263 923
2316 2577 2991 3464
1340 1416 3348 2301
75 912 2840 2778
3221 572 3911 3734
2000 1664 3218 1674
3138 1441 3780 2346
1616 1604 3480 3166
911 1508 1742 2324
346 512 826 2676
1512 526 3658 710
776 2631 2975 3643
3044 588 3484 3205
271 37 607 231
1107 1267 1807 2703
649 364 2207 3009
1781 170 2694 3168
1027 235 1392 762
2064 2121 3513 2196
471 2275 3752 3318
1571 2429 2664 3537
2113 1694 3619 3617
2439 1134 2622 1609
2550 3698 3923 3848
2902 1447 3734 1547
3645 923 3868 1113
707 1254 3737 1302
3426 998 3796 3901
1764 3356 2908 3456
453 2893 3539 3754
1793 1659 2826 3887
623 2224 662 2978
204 3022 351 3163
363 3178 1854 3898
85 2686 443 2744
508 2991 1246 3738
1536 2138 2576 3941
2489 716 3037 3538
3134 368 3791 755
1440 541 3324 1868
526 639 1396 3798
3763 1289 3847 3671
846 352 2129 3445
226 2558 701 2748
50 1113 2795 2702
1672 1093 3029 1225
260 2240 3863 2322
231 1815 926 2530
790 2168 3016 2273
768 2341 3928 3352
3129 2359 3806 3445
979 2238 2527 2909
237 1402 2064 3761
1752 1056 2387 1357
401 1227 1225 1465
1371 1407 2897 3795
129 2245 3423 2515
670 1291 3969 2205
966 3113 2403 3327
251 2235 587 3570
2207 2495 3535 3182
2672 3865 2970 3958
2229 1080 3760 1723
3414 1286 3690 2327
693 2086 1470 3720
2130 1355 3267 1801
517 56 3942 3690
1649 841 3496 3645
302 2682 648 2858
1019 346 2130 3077
1268 2093 3899 2584
2795 34 3579 1673
920 1637 3863 1959
3439 1389 3590 3498
1881 2474 3284 2762
2909 2436 3220 3463
1369 16 2075 1046
296 918 2658 2001
562 590 3173 2950
1349 141 1373 2436
1864 873 2122 3190
1544 1792 2708 2146
457 1300 1211 2556
382 1809 1398 3660
1808 1378 3705 1466
787 3515 2007 3608
1376 68 3708 495
219 1647 313 3335
1088 210 3829 3676
3183 963 3527 3437
2016 3311 2979 3748
2151 1169 2377 2668
149 1700 1196 2387
1664 1219 3832 2859
1017 822 3190 2913
1252 11 1674 432
942 2080 965 3978
2123 1039 3502 1875
382 1394 394 3615
753 3105 2481 3109
1934 178 3508 3142
3067 986 3245 1677
525 1212 1483 3258
1544 2365 3286 3904
3415 788 3688 2199
1253 1309 3363 1693
172 1127 3174 2813
1020 283 3583 3171
2644 1503 2882 3425
2500 962 3723 1405
1120 2998 3671 3790
2194 2486 2213 3123
2491 239 3645 2789
1866 86 3584 3002
1967 2036 2723 3349
443 295 995 1298
697 320 2757 3183
1972 176 2574 3561
3009 2109 3905 3376
1084 220 1090 3919
1453 1011 3730 3792
2639 422 3953 2904
571 1130 2632 2383
972 1600 2836 3547
1728 770 2813 871
1295 2696 3445 3626
1174 7 3919 1854
2545 3140 3400 3595
2539 2979 3399 3202
174 2095 1700 2201
1128 3261 1668 3776
929 888 1674 3322
1071 1124 3930 2661
2541 1048 3585 1622
275 488 845 869
589 1343 2884 2481
1058 2739 3160 2986
2456 218 2547 601
107 1015 1771 1299
1843 2509 3141 3067
780 2070 1291 2398
1110 1029 1327 2545
1915 2332 3193 3147
282 715 3253 2610
940 3353 3404 3737
571 2149 2691 2571
197 603 3467 2845
292 2829 459 2932
2096 1020 2895 3810
1386 259 2091 2082
1372 84 1409 1034
548 3005 2594 3537
2704 364 3921 1989
53 963 1877 1461
1891 941 1984 3731
1990 1370 2442 3970
1179 743 2516 1266
158 94 1305 212
869 1345 2812 1589
1654 207 3827 3205
1332 1287 3565 2643
1422 366 3303 1779
1670 2154 2744 3279
1978 475 3422 910
675 495 1986 2107
926 1789 1001 3472
3625 827 3936 2449
254 1825 1982 2305
291 203 471 2183
402 724 3124 3312
2943 2859 2945 3887
295 2587 2944 3067
1349 315 2149 2342
3211 2439 3728 3439
1709 1478 3403 2930
182 64 1050 3391
2461 2410 3550 2960
2563 313 3427 2706
1458 352 2890 2754
1250 1635 2836 2544
49 1693 415 2650
1358 875 2330 1795
2016 1101 3795 3757
579 1980 874 2308
703 690 1535 971
1734 1132 2139 1683
591 2738 2990 2961
1627 762 2293 1533
1906 3234 3175 3778
682 2738 2319 3031
407 135 2712 2425
295 3210 3885 3954
1543 335 1808 1945
3232 1628 3636 2440
308 1244 2635 3318
284 641 525 2158
1116 2511 1280 3838
2266 529 2298 3790
1862 836 2375 3272
1057 505 1820 2412
2676 851 2854 1572
246 2456 3545 2749
2492 1766 3791 3466
2735 3418 2912 3545
1844 1736 3235 2060
2000 1672 3051 2084
3551 338 3973 3234
1299 1709 3930 2249
602 124 3921 1351
137 108 403 2966
1974 905 3741 1034
3440 760 3670 3364
2369 1395 3477 1706
2390 635 2721 2600
1519 961 3607 3839
87 3643 2909 3885
357 2934 1184 3462
212 868 2546 2605
3032 1267 3715 2258
3292 2094 3974 2222
1301 2423 1852 2919
834 513 3429 3517
1048 631 3055 2384
1891 2997 3817 3301
72 713 1388 2272
525 3306 3053 3943
2797 965 3127 3063
66 1840 1004 3038
1877 2897 2389 2973
163 2377 2362 3618
265 317 2425 2316
540 1137 2863 1832
399 947 1419 1683
1791 831 3675 1451
977 2054 1688 3058
1712 1691 1970 2086
350 391 2828 3919
1496 3326 2744 3436
829 1049 1091 1957
1112 1158 2651 1686
3589 2456 3965 3923
2654 2526 3537 3088
661 1065 1122 3879
2009 7 3291 1588
284 2718 847 2750
2740 604 2887 951
2348 985 3008 1347
596 1282 623 1885
836 2054 3670 2104
2836 533 3987 797
1153 1756 2732 4000
1503 759 2153 3402
117 1762 1461 1815
137 1905 3261 3895
1198 398 1860 3111
673 85 3478 1019
3160 1374 3939 2944
1389 998 2921 3686
1380 487 3645 3012
1827 848 1873 859
1177 229 1543 3151
255 2854 2399 3035
1984 966 2252 3137
425 1 3956 644
1019 816 2367 2126
1596 1114 2558 3406
1444 2758 2021 3232
703 1671 2985 1970
2647 2531 2818 2728
1501 81 2813 203
1801 54 3169 3349
3514 679 3596 3672
2720 1251 3590 3126
33 1179 2901 2154
1784 2090 2364 2393
2324 688 3036 760
2628 130 2969 2983
321 3239 1219 3388
782 154 2147 2364
2142 2733 3804 3814
550 1438 3336 1877
2593 3091 3624 3637
1917 229 3359 3133
495 2089 1923 3011
1971 1597 3838 1940
2794 247 3431 3063
1383 200 3725 601
446 254 3429 3897
1197 287 3163 2992
3776 2438 3867 2695
553 1068 750 1575
313 2035 2961 3746
832 298 3141 398
680 1630 2030 3497
1078 336 3269 1508
1656 1789 3495 2653
2774 1715 2798 3462
1315 1188 3995 2335
518 2 1224 1379
566 1405 1760 1574
1927 1103 3464 1209
1816 1343 2159 3346
2159 174 3334 3103
1332 2138 2933 3854
1192 1536 2902 2302
744 345 1432 1705
523 1899 2181 2326
1629 1998 3054 2948
1298 1232 2637 3167
175 820 1860 2751
2174 1930 2250 3155
2106 799 2734 2952
888 367 3855 1584
1903 1733 3134 3623
1946 155 2030 2009
1858 1886 3640 2639
879 276 1544 3425
353 493 3362 1588
2124 933 2974 1926
1356 631 1402 813
85 3055 1791 3786
1445 769 1519 2404
881 1466 1551 1814
2438 547 3507 1543
1592 2284 2860 3141
1967 653 3001 2661
3229 1323 3469 1934
525 1177 2637 1414
1101 733 1752 1297
1113 2309 2004 3068
949 3176 1936 3260
1566 64 2794 1003
1103 1697 1129 2402
3763 1315 3765 2960
1491 34 3058 113
734 67 2986 3041
2726 1471 2976 3020
293 1044 1644 1907
3006 2199 3632 3790
829 2764 3561 3538
2937 572 3851 3598
2 42 3804 2559
1471 1664 3151 3850
229 683 518 1765
333 477 1652 3054
3020 389 3503 2074
2610 2137 3462 2933
1112 3670 1603 3954
3079 1046 3189 3121
225 621 1399 3311
705 937 3444 3292
1638 1120 2836 2586
1456 2063 3315 3451
2832 2532 3807 3117
710 1726 2543 2527
865 1528 3907 1537
2302 2052 2788 3243
627 1994 2490 2188
529 89 3119 3732
2151 1806 3873 2808
2076 19 3732 3033
1947 380 2236 2557
731 173 2259 3254
1024 1147 1059 2478
39 1569 2034 3693
1692 163 3428 1915
910 1584 2289 2943
2299 1484 2654 3540
1161 2491 2537 3321
355 844 2227 2455
483 2335 854 3373
1200 1201 2950 3714
1766 1501 3868 2048
1729 71 3512 708
664 2203 3412 2913
1391 2190 3617 3293
859 1124 2092 1713
649 2736 1993 3822
545 3784 965 3965
245 1611 2517 3298
244 1173 702 1911
1332 2611 2622 3311
172 146 2456 2250
3102 196 3242 2074
59 1894 2170 2101
560 1897 3293 3029
1296 464 3657 766
2135 209 2740 2582
1959 506 3025 3279
1621 535 2639 3430
756 139 2806 2493
3000 1707 3792 3315
2792 365 3251 572
1948 1442 3556 2001
1356 1479 1397 2546
264 782 422 2725
320 1345 1843 2338
855 1009 1776 2085
1530 2633 3516 3870
2626 1335 2651 3593
1883 350 2209 1463
2244 18 3054 1085
2059 3629 2693 3854
201 353 3238 2519
339 866 3168 1404
549 73 1712 1633
1973 34 2014 1057
28 1555 831 2702
96 1363 3414 1477
1209 700 2401 3641
2290 838 2846 3052
398 1206 1542 1719
195 448 969 2516
982 1124 2447 1137
327 1907 2421 3392
229 1598 3542 2844
1467 3645 2871 3827
474 2124 2434 2674
567 1973 3265 3150
1237 1001 2475 1454
1527 252 2848 2654
134 2771 3738 3627
2028 2755 3322 2896
583 192 3527 810
522 1636 916 3176
942 1928 3259 3480
1507 2286 3512 3635
3023 608 3864 2952
819 763 3772 3864
362 2402 2549 3896
1561 505 3502 3577
1530 91 2575 3028
973 306 3935 2146
304 778 2407 3889
1083 426 1613 3514
1396 517 2114 3960
1492 1245 2522 2564
2621 1309 2965 3808
2824 709 3605 955
2916 1123 3143 2341
1445 2504 2380 2793
47 700 983 2086
235 3365 1076 3776
2322 3238 3809 3861
993 2600 1800 2665
281 1865 463 3453
532 750 1034 2825
651 688 2190 805
2113 1193 2867 2985
3154 363 3496 1074
901 374 1898 2829
1261 3278 2533 3839
2013 765 2433 3914
806 1743 3032 3820
2936 2260 3893 2842
1489 1271 3728 3853
2311 429 3139 2811
861 1975 3780 3224
1089 1604 1490 3305
71 2412 1230 3523
931 1652 3000 2930
914 1395 1469 2590
1488 2907 3909 2927
914 77 1282 2429
2142 735 3671 3549
1252 3080 2431 3538
39 2050 2247 3675
184 2331 1566 3948
2218 569 3449 2238
2023 914 2249 2395
1233 721 3857 2746
54 911 644 3190
1274 3421 2493 3546
535 1916 3555 3392
826 1789 1577 2097
2390 265 3096 1918
1053 1527 1572 1580
387 2055 1462 3119
2378 45 3489 2509
20 1686 3203 1890
313 1309 1863 2057
2501 2924 3611 3591
2758 1454 2765 3471
3611 2897 3789 3332
25 2607 3258 3620
321 3118 1286 3899
1782 740 3734 746
391 1324 932 1944
656 1272 2417 3108
921 655 2328 2157
3717 3172 3782 3840
411 2215 2239 2295
1124 1102 3757 2747
1309 2198 3284 2324
784 64 2059 3855
417 114 1443 2643
3731 7 3931 2841
2737 2176 2801 2458
51 237 1086 3443
2519 816 2915 2941
53 2837 1932 3669
255 2689 1105 2718
156 3664 1968 3891
3657 427 3671 2924
495 1744 2175 2135
663 481 2907 2193
1358 1659 2655 1985
276 156 2304 1086
1117 296 2022 559
1101 1571 1180 1877
2858 2194 2861 3505
3008 3076 3791 3977
583 602 2113 1761
36 991 3709 1675
1418 3064 3645 3588
277 2115 3246 3496
2448 880 2867 2400
930 592 1314 3185
133 2080 425 3433
61 1529 98 2332
182 1521 1855 2320
1787 2200 2869 2233
23 310 681 1106
18 527 859 3885
1104 1164 1609 2450
1179 129 1606 270
995 935 1036 1903
2146 762 3434 1689
1810 647 3063 2621
1232 1264 1319 3744
3298 2620 3821 2855
2028 1609 3508 2971
3007 3073 3717 3862
425 1677 1417 3060
1672 2636 2891 2965
490 2544 661 3040
15 522 1913 901
659 399 3238 1599
1230 4 3189 3470
1173 1294 1696 1954
126 2143 1003 3276
1529 281 1966 1577
895 504 3644 1011
3255 240 3639 1502
336 2083 1316 2422
574 171 2645 903
664 1727 1118 3020
48 947 3027 3983
2823 2430 3322 3498
2275 1418 3900 3921
596 1265 3423 2126
160 234 3655 1579
2477 1866 2712 2663
717 1826 3484 2840
3263 1817 3430 2671
99 567 1907 881
1490 1798 2150 2713
2682 607 3545 2488
1279 230 2870 375
1407 1152 1763 2584
803 505 3979 1404
437 951 1499 1491
555 1704 1621 1704
1882 405 2952 2920
2390 2407 3704 3840
548 3263 840 3286
1257 1110 1604 2372
1478 1211 2972 2974
919 885 3263 3147
536 466 1659 2847
664 303 2863 956
614 2216 2798 3674
3226 1595 3520 3501
383 170 1836 3509
253 1119 3655 3650
189 2755 3480 3101
2079 560 2518 1863
395 2594 1655 3176
366 498 3046 3077
210 1552 2271 2937
1848 727 3201 3954
2550 165 3147 2443
429 1320 1288 2040
379 2728 2548 3392
853 2246 3773 3045
1576 1407 3151 2773
1238 3447 1283 3623
2745 866 3516 3735
151 2452 570 3359
2506 503 3052 3772
1264 22 1954 39
665 3115 3028 3863
1779 1399 3760 2826
3459 493 3837 809
1350 625 3744 1347
2172 439 2409 2793
1187 2410 3274 3152
515 652 3150 3250
1566 2829 1663 3007
1847 1437 2851 2842
2945 1049 3876 1434
2148 1169 2403 1243
1604 95 2007 2294
3441 1300 3742 2967
1394 3320 2197 3540
2557 1525 3897 2360
457 2260 2642 3163
1207 917 3029 2084
