879 4321
606 383 541 190 610 217 413 337 525 491 514 295 182 482 848 312 377 78 325 379 562 184 534 219 12 790 512 435 641 236 717 146 674 578 760 241 391 844 570 52 530 584 458 571 156 643 143 595 550 737 792 232 72 764 364 423 747 56 611 6 634 505 375 633 279 502 277 249 706 449 607 626 94 676 824 23 822 701 348 807 589 618 452 842 376 588 351 282 859 622 205 854 666 109 374 200 280 877 551 263 446 597 624 181 426 627 485 252 70 314 739 84 278 378 818 812 142 650 170 465 549 567 438 746 257 509 188 150 837 71 211 67 480 410 19 238 716 224 872 37 461 510 9 511 333 204 451 360 399 366 429 652 155 484 106 776 180 527 691 158 685 38 125 369 398 363 89 875 159 692 231 301 617 871 766 794 575 124 654 718 630 638 741 725 817 273 192 508 518 832 496 92 826 574 186 469 315 253 208 269 845 13 169 207 678 389 501 246 644 346 659 748 163 829 112 147 453 264 395 396 442 268 203 28 226 808 221 649 736 14 745 297 107 91 298 122 116 775 34 397 77 323 135 682 229 721 145 210 286 132 493 73 751 334 800 361 244 806 696 118 259 777 684 87 713 100 732 869 569 785 437 600 178 88 265 592 218 417 133 59 326 601 642 385 299 350 440 522 62 80 675 329 639 386 620 108 486 362 44 835 673 85 572 3 153 424 815 313 167 45 478 427 767 640 407 769 631 198 583 140 81 144 861 75 382 245 215 307 370 836 468 740 327 134 20 780 46 821 714 151 537 172 609 237 354 55 707 214 632 97 328 846 734 439 853 851 470 758 32 230 1 406 171 41 504 400 864 308 16 441 753 481 559 804 154 743 695 773 166 128 801 823 466 636 250 558 76 114 664 755 242 450 61 148 303 828 338 225 168 704 669 619 879 850 283 233 688 21 765 320 403 48 555 285 8 629 561 79 528 463 791 489 17 598 788 179 90 344 825 35 670 189 261 64 756 185 352 288 275 863 36 39 560 625 671 586 646 113 428 726 355 394 494 141 665 324 533 686 331 392 455 254 216 99 176 658 488 310 402 873 786 852 425 656 193 680 290 152 476 228 545 585 82 596 83 672 408 761 516 709 319 304 521 820 345 710 719 419 25 568 29 95 698 161 602 336 840 430 779 874 573 342 477 223 404 798 42 358 546 86 529 266 720 579 18 536 174 388 387 657 520 173 102 287 58 809 33 474 349 503 834 795 849 603 30 712 762 372 105 281 799 296 160 868 206 443 51 733 693 353 814 635 305 614 432 711 759 587 615 213 26 318 405 843 270 63 694 66 177 866 754 700 347 2 526 772 805 803 235 22 497 418 472 591 162 300 487 593 187 667 201 605 322 731 723 0 742 856 581 434 380 729 715 535 838 302 98 7 690 117 436 858 139 544 284 728 57 735 123 412 599 343 448 339 784 763 365 271 433 564 444 368 623 415 677 703 149 68 833 255 483 613 54 101 4 471 554 819 15 576 542 490 119 479 683 175 464 234 384 648 243 556 841 637 679 660 628 10 53 796 793 513 473 103 543 311 335 340 727 248 797 194 687 827 47 517 662 811 616 768 136 222 608 276 653 702 557 460 738 532 289 5 74 462 356 359 582 563 547 730 507 293 645 860 831 722 524 416 110 752 321 60 409 540 594 580 209 475 782 553 390 272 309 604 855 870 492 421 240 367 129 750 647 810 781 127 191 120 515 552 256 548 787 663 651 447 49 65 11 420 566 411 157 681 291 539 531 93 196 341 197 878 371 668 267 27 247 661 830 239 373 138 839 445 789 43 121 69 467 771 655 262 500 565 131 50 590 393 251 294 456 705 126 111 876 332 813 199 744 495 195 306 202 330 457 577 708 802 104 865 689 697 699 847 519 862 499 227 621 612 431 357 317 260 292 422 96 274 183 165 454 414 115 857 220 523 164 459 774 867 316 778 401 506 749 724 783 381 770 757 137 212 24 40 31 498 130 258 816
187 43806274
270 96127103
77 18940086
222 68927753
685 87978562
53 67794992
332 42342549
49 59987311
553 54729749
388 73864133
62 91107491
841 59582668
41 23314828
276 56886949
237 48712274
795 80284571
848 40894321
795 16519916
480 92233370
215 25807323
650 85727907
797 70791808
499 65608925
834 47338118
119 30269989
778 26170877
99 32614620
131 15145134
498 95811783
553 28788169
487 43384000
641 71625162
626 29287723
353 35971327
106 97631873
538 4512404
852 49309712
126 74415752
853 9308801
181 94778333
141 22952529
271 6630396
681 57979265
317 96720022
854 18700150
318 83955396
285 67312298
536 85943312
165 72965848
311 24912634
716 56072436
250 29078532
846 54970057
117 59677830
360 4961729
866 41987435
572 22995160
311 8529410
799 16182993
443 57982294
805 89319896
173 31441367
832 79927374
607 85735158
438 88384913
208 1214748
499 37666281
348 74319324
16 31443868
100 56724668
802 36680411
96 72752057
806 69745291
352 74323024
203 1790148
178 94937757
802 64456677
801 24185592
312 89896359
638 82766523
371 41151749
804 31884198
158 63281714
610 65936547
129 54983227
20 46570274
538 39346633
521 26683141
827 55155480
521 627421
482 60384299
596 59535604
427 44839462
436 67777273
597 56679226
783 39569311
473 44402108
720 36458126
811 6424958
92 77110353
876 54326061
434 59325502
753 95341330
277 87570321
116 18510601
713 26502705
869 89957557
36 49540177
401 82195674
707 20345225
77 87276873
712 66183579
133 63736823
4 81972830
733 84643854
879 33506742
627 7447219
680 76001362
557 41239286
653 95093076
572 48365213
59 46931597
355 37697186
268 15204670
576 80682048
755 84059880
470 42815506
217 26798461
340 15653877
422 87932685
24 73095857
664 8308866
278 39630091
488 28407709
308 57731438
216 36364502
436 85771725
96 6032431
136 96626370
149 54257658
75 91963475
356 18734055
397 30266255
840 31522551
689 62397870
236 23099755
689 90998039
412 25456958
274 30581295
348 94166551
72 79759104
826 46005848
297 22640927
702 93735697
355 17297606
843 18651334
528 20193688
592 26544180
737 9121864
796 42854985
87 22094250
848 3589417
28 11814856
748 59856937
712 7342758
632 8542280
78 91336686
408 12796441
583 94901461
574 57483195
334 91008308
441 6179808
607 15371345
361 63881305
630 86317691
87 72522817
407 57050154
844 96405198
717 53126916
397 37216571
641 46127792
436 47359601
330 27408503
15 71393297
88 96195886
610 87235179
333 68275207
238 65340738
460 79957181
266 38036630
449 24741482
811 83096721
606 83698028
490 24538778
427 88368908
445 30611709
869 75680326
124 44255441
483 68629724
571 12301512
402 65880611
490 28808987
188 43850252
202 97284467
242 69008084
446 3708201
82 29602828
293 86241216
346 67674474
816 51574917
428 40179671
826 64116654
369 73972207
711 78449504
298 51610900
666 68380799
435 92471427
593 72027802
290 63165172
229 52299956
705 83315558
675 64798220
331 60460010
512 44586510
704 23811244
755 97044760
551 76935661
195 14235022
682 68081131
806 81781414
128 58732967
171 30204789
225 18686973
649 62777496
37 24268616
324 28118779
432 76213724
552 79393734
270 27574850
75 68139891
709 15980400
107 31379602
670 22968718
248 3282581
398 35850874
738 35294948
277 24907477
429 32332194
481 31353044
111 92613021
246 71021383
101 73262362
628 50219853
701 53057175
570 87116630
829 21090496
235 58983928
211 69058355
96 46661299
102 6096715
191 4424669
8 67375193
377 32488598
647 61941646
180 71545813
464 7384482
843 3141354
575 88890048
235 57001833
362 40555128
215 51046173
633 13517148
510 20187195
508 80417011
255 70610475
811 46686193
417 49986059
226 60797693
301 16384883
438 56980858
780 31152306
608 95284598
603 62724791
595 25287798
562 677633
677 47381488
676 75496992
689 7975519
646 12627649
19 83386019
60 66626470
274 1620166
538 3034508
272 45607768
287 58980267
252 4601692
807 47859697
307 5492937
851 49552112
89 78491186
202 31284675
533 30028607
74 70829213
186 16136129
796 2004427
474 46608370
546 55613356
821 91452866
551 38087328
605 2849195
394 95186302
464 39386630
746 13549013
371 26208220
177 9081812
429 2112638
194 52946929
297 92297381
190 94777046
430 599419
395 3024207
766 86291744
109 9345590
267 94479214
6 83888448
634 60972597
499 10746157
35 50186536
99 65913427
738 3304318
812 36009307
70 90521497
448 19081819
500 92376163
150 57703618
816 71366676
24 79651359
582 72828669
332 47096779
604 34675209
100 20069946
329 4351214
835 35519151
583 73250120
626 96798197
378 28312414
418 77518862
421 97365956
659 30394543
682 35764847
846 17405674
374 92665804
515 50085867
533 24030522
639 42301611
187 83489235
490 70323521
30 59736670
274 55212684
526 95762016
483 47318266
654 45347847
553 31629356
130 22103357
155 40305527
853 75495251
680 80851340
777 76265628
467 76533561
877 6966366
158 15867159
289 68292292
97 15950482
856 11531974
645 4771076
784 55663935
569 5962658
831 47762870
52 42201589
814 11568126
520 51278506
14 20587343
606 10862826
382 82999050
754 75495427
297 39441577
435 37934413
295 62288300
875 80630526
187 86458981
657 64885263
615 38414741
756 12087781
551 77914285
579 7254441
839 65247374
717 16665368
424 24013401
89 12748027
718 26295128
2 12599064
47 90194451
571 31076679
288 89459260
444 45670966
872 68923699
705 72127030
707 80328683
483 55872660
623 30820579
207 70586176
824 35060526
355 37269617
771 91332859
355 45934152
169 65293766
234 923688
260 78756133
770 65399180
84 26341555
488 36417729
799 87340985
419 10543544
833 70188088
811 78438238
505 47237856
650 31974211
774 18739156
128 66446142
472 80701300
528 20814095
17 15087250
451 6132668
105 72133149
775 63504989
733 93545953
511 30878432
542 24450613
347 11719893
763 44304204
546 69969539
7 22083301
537 35184041
615 64870226
496 8354678
812 95952388
752 93426066
354 34884022
722 42965451
195 88196413
585 95502329
203 69310839
308 56032465
233 8637673
691 59670478
312 88135895
232 69813971
376 96116016
704 76598083
171 74547543
91 12955113
126 93512940
424 75861960
511 38077369
801 77085405
61 95651453
862 83997271
823 75913212
111 89857678
362 20981708
508 89342617
127 41323874
369 68162559
270 66017723
775 5105599
450 96393836
855 82779720
703 78948387
770 25885754
463 85506195
716 24954746
470 14062179
688 791042
769 88261992
385 61124766
21 91528039
196 84747712
101 87628004
684 6094478
211 72544525
590 13700007
734 31499911
359 72813849
193 8682545
103 50432806
419 90626324
701 48824074
323 8673585
322 63365943
301 32023179
121 46014273
376 4712440
466 79166851
42 66751533
761 70435520
219 10613607
46 49503034
404 26759730
184 83890774
294 84918614
373 10727630
391 15942893
137 65149606
294 97422118
810 46921200
451 78618389
238 71606896
211 85593537
476 56617432
125 64120557
432 5630093
783 21019840
791 10634864
307 81565100
721 69362383
295 67412874
47 13643049
552 69826725
109 39603709
213 52369539
604 70694652
846 55478159
758 17537714
207 20273337
277 50312009
597 17679789
610 96772222
349 97011176
280 40854994
94 47933750
240 31695410
795 60058526
806 18737343
422 18201724
403 85256599
6 87997758
592 8159755
567 35746872
561 9185423
574 35434929
203 44363285
239 12950627
209 88336082
15 84407951
160 38247839
738 23528718
140 22548745
657 19288385
753 34576337
550 69411946
730 69437877
164 74669537
160 76831581
832 43436296
676 24468335
688 13827088
242 71921276
9 86146017
94 68843465
190 74797885
691 48271895
407 57011502
117 44448659
299 48936116
495 20721310
94 87646528
878 6916758
768 30258787
54 51900355
654 53383816
809 90455147
279 83858669
610 18794687
368 27812823
532 77582243
642 12335083
471 67351346
839 49434141
775 50690504
834 7151301
477 84110622
106 84710061
286 59970610
43 21766037
755 52615916
37 89598199
401 86757170
560 29938683
29 16506068
167 70876291
812 6567513
150 86908264
251 42604921
160 49389596
145 43797552
650 96077606
466 85867481
686 23101681
498 46724881
514 67100965
50 50713952
116 28583061
799 40416332
420 78815751
369 49066821
809 5838519
27 91659378
201 46000996
733 68757802
378 56305441
253 75398924
665 75563614
622 34688784
677 12852445
505 31149939
229 36593565
284 67101535
106 90990938
746 27711481
229 14869115
662 51454034
35 65597986
98 28232166
637 79508000
162 92964487
629 20464638
775 49716891
303 49442989
749 86645506
699 16533023
388 28015001
405 46418748
818 73615658
482 55051214
282 75690546
444 64844398
143 7685105
685 40689556
215 52241285
526 33270378
795 13279624
492 39568994
491 18383573
247 72449548
788 53764007
832 45840705
287 2956666
576 65314810
753 91166392
237 43076658
556 63985606
828 13117840
751 49309356
109 65710710
46 55540992
547 97156084
434 71829243
163 63904470
493 82226243
311 51868489
675 92145031
418 63340163
478 69045151
60 12780128
331 91522193
611 29874885
600 19647589
155 86470833
569 62069954
138 29464543
307 77547230
197 18705222
105 68366994
860 92931408
148 96233251
817 42403863
800 13844707
338 80734683
70 93642822
806 54190765
617 95590134
418 39490431
166 18886807
566 69279618
387 79182451
309 66578303
538 10141023
286 86116510
121 48351372
751 76837466
667 62898103
632 49585331
518 73270778
528 60618707
536 91518897
130 10744097
43 75174437
830 46727913
202 88816724
257 89994818
708 84729783
603 65861086
390 89286779
659 46900286
114 8197561
138 15145523
830 33918455
440 29899246
105 82384068
720 14659754
235 28309975
409 47786420
602 51217944
170 75661634
182 10702885
564 31284673
327 13584735
622 63597373
714 10287291
741 90921501
679 91674058
430 54654236
194 11784809
728 87152505
698 742857
10 3726496
65 17086272
57 84845879
641 93760342
142 2762442
696 8263753
588 21573039
162 46474010
737 46968795
35 9103966
172 64024259
193 221510
820 96516947
269 48093519
716 79497691
65 33553738
365 39584757
784 23481389
285 90631001
313 27133472
427 48650105
57 59408641
569 41933461
560 19939624
211 52197296
819 75954596
485 57799280
829 74246181
855 91025618
598 47099624
762 12497236
427 42041222
788 84736674
499 62300308
543 83012698
253 19719789
722 89887775
375 92911243
5 24146026
266 16425050
153 66461508
584 53551821
774 16364901
35 15218487
671 37569056
428 60402476
771 39156189
862 34806901
461 52608302
808 866631
479 30654730
775 92485900
76 52186221
757 86651105
19 47519742
521 69086303
32 27741912
464 30485970
608 31314841
578 65243693
709 83011454
298 90525347
29 66759749
437 69647519
786 4068313
618 50563574
705 49770778
179 20535728
61 8657058
763 67768458
314 43870465
625 63696319
776 21458602
186 46074682
843 46764436
847 24033677
662 30237922
606 90826126
227 51740732
255 56923205
427 49123995
277 78717735
635 10723601
386 21482646
281 81639822
496 14107079
292 92542972
21 33503418
795 83931828
458 90505981
321 56000407
586 35449241
300 26073886
261 63765548
296 97900034
82 54400934
868 52033021
423 1830100
366 29688111
60 67026576
241 49340130
397 51117198
563 27046118
415 60829000
140 5633918
466 6552044
308 3144089
874 95783497
5 69982689
567 61008501
767 63420008
662 70747834
600 24528446
406 80407500
374 75369836
716 79809357
422 34100517
243 58365361
463 24960143
641 80611386
61 19522886
167 79315893
78 78116970
459 53982243
808 13880756
7 85009722
457 52173084
428 65423881
593 27446174
335 34345919
637 67332689
67 31632213
602 10764367
798 62935263
488 18166439
607 76903743
129 14410830
711 53268706
57 28369850
55 4672361
625 53836429
247 89201633
166 20517544
486 47093204
180 72489494
363 25883958
776 72550429
503 41738984
630 3268912
690 42768984
155 85944247
858 82954391
722 26552461
14 16932274
600 43859985
287 91681882
203 41798902
193 76003204
675 72352588
82 73522778
456 23978612
753 69793831
589 10589968
810 81868359
592 84862840
26 24905453
653 61835190
84 82804499
37 43126411
725 9630238
16 68675944
631 16424686
211 75529518
764 97112090
343 65836798
865 55042963
147 90129514
430 33402141
851 46764834
305 74659177
505 82845616
481 85563981
224 25115508
858 11338850
701 2113161
152 21607156
626 96101446
195 21059574
812 6947702
829 56688028
1 6461072
366 49483271
263 36997176
576 29844637
27 2331940
227 90183894
339 70459927
648 55244032
794 5937826
295 49242380
394 87236806
92 92192670
41 70284595
59 3581657
467 32118796
787 6357137
127 47298993
204 65475063
494 72851116
787 24698384
220 42578044
192 51078350
265 71619237
152 10158918
265 83614150
876 33155409
255 39872826
396 14987571
475 82792344
326 9505967
490 3030762
89 46985457
534 95605993
263 62481314
387 61958008
176 32756367
144 87093829
196 27421002
256 61226467
791 75693336
838 91653338
661 45432105
332 43775085
410 25989036
704 77734027
268 35191152
104 17343639
466 33588108
510 9475121
160 49169152
376 16015139
124 19658185
842 6248052
553 40112921
80 63290384
828 33109829
688 11060397
646 20978021
794 36924064
837 17081087
645 48435134
595 27860245
195 25379156
64 66935826
111 89410576
487 83302553
32 94195181
29 202822
444 14522626
447 60964331
228 52585836
785 7828861
432 68595952
220 42150324
500 6468626
167 27614134
283 37315000
384 82137124
504 26564887
705 2079500
503 95198406
490 75241646
818 13322190
481 38295111
692 80617080
88 12608073
871 53190127
411 76093512
835 48627241
224 43860566
691 87000251
656 47838736
507 37627578
541 46940824
431 69455026
753 38156401
588 32433811
189 82753406
421 30834071
596 50433035
145 25764557
366 63393833
582 39940641
447 68310943
838 79607890
718 10215452
342 68991267
819 18741766
127 91827971
501 16924990
556 55176148
389 30148881
693 54118839
48 16200961
851 60133111
758 2253194
337 15302354
160 37650453
502 36780611
335 60724232
874 44238906
90 72674996
23 87128459
729 28907550
148 94869131
410 37586887
475 32318214
731 78925981
381 67547691
436 31685055
113 63849518
687 6825804
121 67041845
228 5483156
22 18615956
140 80443845
523 70944146
222 18740904
595 30158385
179 19319962
465 89203162
67 6942396
429 276030
808 39473051
429 29078646
131 39500281
228 53612044
563 29817233
634 51444096
33 86079247
48 9425676
375 7042326
849 42460385
223 78203960
535 32738063
355 78566329
298 68116784
378 68852316
832 7639558
175 12623365
532 42643673
412 97479149
603 90328130
66 85996698
314 84618482
761 54658716
22 82383924
593 64205369
682 87175710
363 38539098
187 81947821
456 49329524
127 74032334
534 23034528
47 53866141
370 50000042
457 64607050
587 17648022
206 87423831
463 42664030
660 36999300
656 30405869
246 64825931
25 33270056
444 87791132
189 31259872
355 17529673
180 20190873
8 1902763
445 13314062
543 89146436
364 55798587
414 2289747
525 54378873
96 7398283
269 12922213
47 24758460
661 83425930
288 29961617
500 39582314
873 74492040
176 40452217
244 23177949
289 30444250
307 90820943
548 36013800
146 14699321
855 81677887
56 8661043
140 19727832
396 58628311
352 60741616
281 16532956
261 38050737
631 1769982
732 61051456
91 28220908
79 994917
840 36867128
134 70340214
566 39096059
309 38386541
260 75630454
752 31827446
836 89316138
544 69798641
688 7002049
181 4250686
128 30226467
347 62626980
536 53422178
828 26519712
778 77464127
439 93569909
185 45784843
258 80889406
539 85826981
125 16692629
16 74818946
414 56183384
762 4073849
644 16584895
488 60926091
32 5694023
810 34541522
765 79826266
211 12259438
708 12128860
690 6585937
16 56486743
815 86179804
306 52381153
620 27653663
216 16518633
303 60792222
236 58964973
409 53378839
799 16220103
583 84595573
255 79903379
135 47352031
95 61384283
623 49795681
270 44995363
868 42314194
680 70430357
655 46899877
294 24100326
682 5275673
149 34187432
705 32977856
438 91834102
344 95383692
189 77335627
96 89743549
84 94142819
234 37324756
738 28240871
586 91664139
441 4724533
39 67385675
301 70279535
356 62527541
306 84568720
668 12042265
183 16919058
779 39962810
496 58914738
342 37346840
621 61123209
154 38904925
820 63250093
634 22300840
202 50474487
755 14472733
681 16659299
93 13613235
397 40149979
700 21880892
758 76567508
695 90346009
313 59340391
223 81177659
201 11904537
335 32240563
70 74488443
178 42113756
389 51124035
866 69346347
81 50714970
219 38802462
136 58780508
729 58609882
780 13185707
242 59610947
223 88615484
150 36862624
771 10337695
327 8604364
429 51630771
848 85689830
373 76956841
774 61970482
813 72572629
273 98001422
433 739776
148 41192710
332 59826088
593 35887472
539 71809422
334 64467265
199 61729286
157 90619446
867 62904387
341 18245731
518 33049025
858 55817456
46 77159761
590 11799855
516 93226473
693 76932824
230 19756977
392 45646245
618 96009351
778 24758014
63 52628676
447 72826630
270 84430709
324 48336963
872 65926730
879 60387722
434 57022338
411 46424337
475 34592949
530 50846084
391 29521017
226 24011465
206 79606566
365 27009452
856 96139762
136 55400899
100 37988637
447 71745602
282 97804926
188 50699744
380 15754373
594 36118144
605 76911598
369 13970058
213 56194764
353 92469688
11 43757396
757 6246873
118 4519078
278 9288097
86 38055096
281 10427831
442 61110858
414 97538430
772 91998195
77 91033276
101 56188578
207 92366726
779 95141774
729 62356818
295 3121183
793 931339
608 52406826
495 41506961
4 61276273
785 65626566
368 47208585
617 18351970
118 7735506
330 39085744
552 8164227
485 15116127
303 85310763
260 31917274
788 65103521
233 49638897
741 80644332
422 82879094
268 21067140
380 190256
563 74111688
767 23428627
311 3202541
718 60118789
718 9447669
430 30904490
432 33030510
343 12843018
182 50275423
721 1669750
105 87594342
608 79715495
320 51651957
90 5959623
442 62814552
584 96742902
437 14829545
724 54139662
89 31388893
715 67603679
157 50231980
268 60182300
373 9401988
496 28365052
485 45745206
721 1045729
156 17671128
623 10679661
730 23115185
48 76758448
534 45041200
785 4991195
533 2709454
388 83464441
345 11402719
343 21787880
791 65059526
81 64866884
849 25740918
640 54939181
447 18937145
671 78605404
736 54399612
210 44761361
872 52732457
230 61265008
419 80817300
90 37646512
800 9487102
442 86243347
614 68625718
446 51119017
159 37950707
520 32101108
440 23159243
77 36746277
142 64510887
544 37201117
117 52833684
426 40023877
325 50929435
214 69477592
432 37415914
258 65178916
631 56069562
190 86488148
68 82630431
645 38271328
628 2153843
479 96512219
755 90113219
353 65278756
744 31349696
865 23658294
46 15466847
836 2029641
380 75473097
672 63999638
861 27966796
865 7057015
579 15957056
314 59036229
648 80527323
582 13391439
732 40046870
248 48602314
325 69416790
823 84756259
26 14083452
854 37407510
681 92267989
57 83840235
163 36693802
31 56462900
333 18142313
604 28683641
713 8396426
391 27863588
385 40261475
199 55797357
75 86481805
876 22968871
239 49523213
524 88393969
857 58298724
432 28767494
448 89116614
333 94383325
722 90659527
136 9497586
147 22643145
48 49533403
539 5123360
263 66180147
433 87146046
379 97328707
447 27297119
743 6751756
514 69851431
478 20348990
12 61948854
62 95437052
344 57650843
161 88386726
548 49459166
724 33078214
752 7135661
564 38371363
824 27110464
346 1324138
542 2515117
367 20659727
869 92250828
135 36208680
511 22249700
772 70513043
453 70590644
425 89398146
673 387947
233 71445638
350 69163697
240 89766458
526 84725844
322 13035668
789 46099428
573 4773711
418 10090150
788 52512275
820 68817869
16 181507
852 44408196
48 84703462
532 80582742
340 10042583
555 67234278
755 98228342
717 60070711
60 93024141
745 24442294
572 40503075
581 83024091
275 2233636
381 87708923
485 75629126
573 88547561
91 33324254
781 28210944
691 56200969
599 39106410
607 4300092
809 64134877
622 76052805
872 80042489
390 5350399
728 37626459
336 40337497
636 11357909
625 66848296
781 65945435
433 21817137
278 37183072
807 24383480
158 13041119
583 27433900
244 40794530
421 71529711
674 42724862
245 59590307
340 39340853
843 35053520
616 89977475
529 79578231
828 48648722
348 25988691
119 20914695
639 68695314
803 46211186
603 9679433
659 87423513
779 89957205
738 32899901
362 63784938
221 5464971
472 54468816
622 94135085
635 46462713
194 97895023
136 77726652
107 68357987
861 51162742
527 78057933
719 49802283
541 1440607
468 74661977
73 94064766
491 89653758
32 11706635
745 78693044
405 4011092
435 17043613
236 56418776
91 51242497
635 27081238
445 3553825
778 91398775
216 68015679
569 18682463
6 44390515
246 34361120
81 59007593
78 23221439
409 19774510
724 22777533
733 66608526
844 40895495
190 51187128
408 82259903
346 11957544
628 88910336
310 71470124
357 89572310
503 51387888
620 66438212
783 82669171
339 30745660
498 48169143
102 12547939
20 21045797
312 62465242
694 26926190
866 69440302
826 15084715
575 82051360
450 38615143
259 52407918
209 53570079
399 83818432
46 25347673
576 2659260
509 47279722
872 23809779
91 78401341
764 52196522
145 86787107
402 77927258
369 8200230
530 92142016
832 12537270
841 15259125
297 93776964
877 30647199
207 66061369
292 45875830
781 62979880
154 50998536
428 66672791
213 95907646
666 38578819
553 83285132
229 62747241
455 65545997
552 9893989
870 62352525
302 98278607
639 87116557
849 90872065
270 87568779
745 77580987
261 94991343
603 90019047
153 91129887
640 23558389
291 83676579
207 63257287
328 96028562
485 40585454
190 70818724
313 80564660
246 80842565
646 81289928
682 60517400
49 90769117
305 41363642
689 7731611
32 6358195
519 81275789
549 51758473
62 46351369
804 69467748
467 41248843
815 31410683
398 62688314
543 90098085
332 22999049
356 2695793
71 16242512
365 42394015
23 6834641
215 54240621
317 21820771
459 95795459
789 60785642
343 9163142
331 17791509
228 86463937
429 8906502
187 76322823
233 24071310
404 70571346
828 82427886
80 26983944
196 7098095
39 90581913
497 96572075
240 42700698
802 39385610
665 40132821
649 3394991
843 88695823
790 66263896
45 20473848
227 51647361
408 73477622
262 65428008
671 8597155
359 61667746
206 8754906
867 10188190
327 17032918
688 76775709
764 70675475
238 29155425
82 56944891
644 31380834
637 71622059
260 74511306
828 3020035
98 9115130
583 13095873
276 81776898
426 48000542
75 9246054
364 48812184
613 31104996
261 76226310
49 8314215
138 54636168
194 8941590
529 19705124
59 21312325
686 83389082
202 72644595
424 18113897
591 65066675
27 32831983
272 17200548
775 86833157
89 22956920
506 2173896
857 26275329
491 80149682
553 1185879
633 58550143
642 45780403
9 47654361
23 95472464
338 3602204
136 41674772
491 732522
469 59214243
248 24602744
426 61593676
104 72249495
464 52994002
710 67977316
158 1261621
821 86605777
168 17961375
486 97189618
242 59206007
68 14230288
469 32156169
178 55881586
37 11748460
664 33197311
217 77007698
601 27788332
676 60839156
371 640972
92 540412
800 2966332
52 10794688
858 5915955
812 70370758
805 37845424
271 17956698
142 38703515
650 51881906
683 21629842
640 62118131
697 50416814
495 56361985
150 32514236
783 8119403
684 15796853
735 12460340
804 6215678
235 60439963
716 92526728
725 22641932
339 91966313
629 38171621
292 92818729
58 31251594
805 26127366
187 26384945
587 36503737
473 82762735
536 78229167
126 44265057
276 15810553
770 88181364
363 31047476
383 8284493
129 60088921
209 83086185
446 28545118
205 88553303
6 907771
144 92548233
647 47381774
420 82102375
479 24640864
437 94193428
464 56814149
266 64190302
619 46098800
327 79649674
501 80020765
372 56531478
465 64774813
814 17719726
184 58953053
7 88668656
741 29648096
557 14066744
806 14104224
101 62841812
276 97179361
405 77799928
489 7625591
309 12082011
428 4781778
534 84599849
252 8126897
345 63273967
232 16905764
425 34791306
718 50558488
811 7190440
652 3377543
628 16325589
591 2534798
287 47855728
706 90762550
460 69833948
556 19146515
408 77763367
480 35657752
528 53317846
252 14497144
772 34104159
99 72525982
218 96865597
229 18124639
113 58591568
411 90439803
55 74230690
85 39757191
628 67287747
432 87738598
65 57444350
703 32468099
833 8783474
186 36742600
766 83535243
76 52456627
618 23720102
538 43721364
80 19094424
677 25598104
353 15005335
535 16928249
277 15153047
783 5343948
851 3877646
478 23019057
697 76951384
514 37766366
104 93308285
117 53563357
165 27201230
454 26227617
419 37684228
254 86565885
734 58927689
325 87739101
787 90845117
364 49460803
271 10570810
645 24736299
457 84347280
568 77262095
824 17164146
26 74430493
513 78907671
679 82469668
744 80348386
169 85713466
614 32456122
650 13109673
763 31454682
771 71915997
545 58232210
534 12372304
414 84459981
135 75816790
289 93102657
485 87105033
644 12671114
38 34377270
396 57145584
257 70687566
593 94961668
612 36829447
833 13535678
471 77700936
499 95880842
43 91166240
5 33314759
631 74104744
431 15052943
300 87356116
83 60221866
624 36627806
576 50591386
523 55228339
597 70441360
565 14504164
3 70465654
850 29541446
675 35716250
263 92425571
702 67235922
492 12884967
486 83129059
862 58891659
738 23002232
673 37263589
636 65085449
95 57317198
779 68932209
520 28930259
814 13777719
595 57780261
706 55423534
247 66310201
431 6190734
349 16782321
797 6483896
352 48383857
91 28905254
206 36844274
184 83109465
571 50920906
344 39470496
291 34916378
278 54848448
31 93110671
100 27880998
572 233738
69 49224119
465 2192600
150 78029712
193 55971778
546 23563518
654 65061046
342 35956872
579 28929196
814 22814176
793 7969146
241 62695014
877 2676665
443 44588813
227 41376365
340 7736916
253 84026393
111 2221902
415 36319913
98 60184618
142 71191686
438 81039460
226 77649982
416 23815058
491 6858345
90 13531983
240 33787005
186 66598628
92 42946227
756 25305170
799 11384751
862 94101577
550 10503572
477 12082925
132 23680494
508 7386267
200 71070406
373 92373544
737 51817033
648 59519106
128 89905329
174 79265654
709 7914259
59 32192344
562 90636616
713 33308766
9 91690388
84 83588166
531 21862842
507 29090146
3 65137382
645 23468323
626 15139449
726 20067908
144 2331416
240 62603163
325 53236605
677 96557571
638 55833909
326 87894020
288 31526768
333 55688929
522 26704917
99 18717321
346 16126083
116 52674144
422 15681929
72 64890371
377 10328175
131 72493375
322 91404962
532 1772754
314 16093012
619 89413504
836 57082730
623 18109663
843 95437236
331 30455908
264 3248128
877 89288460
150 38814328
289 33120876
300 74412639
721 38881074
721 16105560
411 15541081
411 38990191
122 91500793
528 48517238
448 32709604
402 38771186
656 49555130
434 69807187
778 43065566
51 60679431
466 42874455
533 86217688
757 68161920
669 96416169
366 168248
652 41099965
55 57587850
768 7230400
195 5586806
637 73145124
491 48719871
420 77112589
31 64979195
85 86188941
62 31459615
46 90912617
634 69370024
241 7284963
685 9713698
438 84120486
578 52651093
688 44842901
356 62858587
146 10993108
834 56739171
675 61780892
565 13986690
385 2576636
794 94486716
154 30292899
259 81096919
315 34991095
281 14559737
237 93283801
722 53841557
599 89256014
127 54422658
484 35926960
479 43086347
777 15849379
382 17153720
221 35334616
479 50852595
672 87954869
486 20757933
102 33674379
839 31683727
568 79746655
655 68332313
741 94796466
172 52530454
827 15940722
624 11072141
441 72190654
87 59107034
43 36598197
393 2910059
281 63878751
164 35788436
363 65475523
543 70574236
490 80377551
427 66947133
443 67954475
684 76540856
352 8142839
591 5172199
304 14182264
410 75574824
875 63925576
580 24352705
463 38905930
492 81044486
675 70016370
348 91175517
685 11319139
392 28282099
106 7042735
824 26557619
403 88038042
700 32469086
854 75490719
844 58699518
754 86432378
878 56917907
733 68967237
805 97990030
593 37512027
718 72822912
45 25584464
563 93514452
465 50870414
798 22355913
98 92599329
653 94245281
124 81148069
315 76813572
405 96516219
845 15860454
357 87747951
370 9826204
1 95940997
278 95117299
95 96380855
180 45213098
295 49764336
386 66814011
782 63761429
493 33812686
220 75413423
602 11412365
675 37433811
66 6279801
673 18478137
388 23551964
475 20658256
378 38172149
873 5979064
701 76603183
603 33679631
795 16091954
774 16053213
265 84218577
142 77043111
327 92727506
135 37770648
355 60122737
2 94585443
316 59904109
89 34337123
306 81234394
450 35060644
788 42789
624 4416103
827 54141971
589 11646953
337 52463010
208 43694932
126 71435918
699 68624773
587 81849150
656 12952092
806 80017108
593 46212760
763 34365217
320 91247672
821 40853934
790 35180387
658 97641324
756 50685320
850 88608334
561 45055039
336 73893177
688 6094415
32 3303419
480 65610877
57 31282473
473 83308924
89 58274111
705 29943399
489 70383459
132 87297200
178 145163
500 72640605
159 90789571
433 55140846
796 93395559
635 1260256
284 49087984
860 22555037
824 2133846
281 45883969
297 20345483
225 85451694
376 31121688
491 36021922
833 62914789
184 67973972
786 7665270
363 51669570
768 83315193
2 75555654
422 31101089
168 91613052
716 94186573
785 64854254
433 42767585
609 36551512
639 79187804
266 3457340
436 84036473
748 5503735
725 54444079
861 29633635
863 62841833
288 23893403
313 31683774
12 22286874
519 11699441
814 85171796
400 79587474
741 55562370
399 50912404
621 15522819
300 90480677
174 67083878
723 56700945
337 26845097
777 38225279
91 17767453
698 17656810
550 90112607
559 39696210
448 51408480
1 96089057
262 95036470
557 23161598
761 64781610
85 1405685
424 9875584
205 84373725
240 63871778
365 34564968
862 41187717
797 56647959
858 28734074
383 68142780
298 7071070
483 63871621
232 73307371
476 1058224
450 86813908
539 90222473
424 15153813
750 16560198
529 95826121
528 41839188
648 27000826
567 53880255
701 38657085
4 4763374
547 9750531
324 66251932
171 72147529
840 11376136
433 47386984
817 82387614
219 75267326
814 3690244
580 75055435
516 71249094
89 5504357
406 91366458
335 38822189
276 3524437
102 58669144
80 23262092
719 55476470
19 11441612
867 42121638
738 35274338
877 80677985
615 56865515
70 26072090
424 27218206
845 68785548
678 91081837
856 11797140
442 17322776
837 34280187
606 18056226
41 91408918
280 7126834
276 14762389
557 50546242
349 17761135
468 42857428
645 34309580
128 83634832
721 52292418
380 80340503
581 66452377
653 50991116
778 43448399
45 46465765
242 95696221
544 84621486
558 77961583
169 97083934
297 80607704
507 84716169
323 50721907
789 88793684
594 15243899
525 76154388
565 21263909
422 33449663
491 88965993
403 73262929
810 78364445
153 61463665
396 59737377
15 42896698
357 8476396
567 89815114
654 3585677
842 64207582
538 45232227
560 80368308
246 81253918
431 95292855
835 46056779
751 2726599
5 9823620
107 34433662
305 45318974
861 92436332
328 8728057
705 76605956
355 20676300
531 27772477
291 74969958
815 86752059
513 52885446
230 72318115
432 44425531
797 54383986
586 92337397
310 55142070
120 46507563
92 56777315
245 20558066
730 22153311
183 74220580
473 25494279
225 6409551
728 2513976
724 45339810
158 4328558
670 76175068
453 70172769
223 60799948
45 14391755
714 76570978
817 11958988
783 72553812
845 16901806
826 31126650
421 77306689
198 43648115
799 73217224
33 5098093
758 56497714
60 9381649
154 12975658
801 68494749
37 30385855
242 40731296
663 85222148
547 62665354
133 38523649
394 10559441
832 37051369
401 54969805
614 42293474
767 48503445
238 59549576
368 6920951
771 84667643
496 12592740
820 62946548
355 32302225
799 56829803
645 41992552
589 32930140
136 65452277
60 54334430
100 28877137
567 92102155
643 20825459
732 45537523
152 72929042
295 69845896
623 51204764
430 31180867
421 51292962
129 55332038
97 19292153
23 7591664
751 73277610
220 65761484
661 50532579
815 28159394
281 50172509
711 9448932
422 4939692
59 68079610
268 51770922
109 42155199
238 29928860
379 85896338
148 72705347
450 38787622
471 31892500
404 84841867
263 94019680
743 48036387
868 32708245
813 76075149
779 46220011
837 58817317
724 34393201
84 41732593
193 67416021
695 61861814
157 80679111
240 94664161
99 73179543
196 12672343
791 23496922
712 48431997
413 14572889
2 89699600
476 75887106
63 68548759
873 37920717
544 67670612
344 87056528
28 45772711
745 54769892
464 66978987
169 95408078
50 50735287
802 98212815
340 25579158
561 94867156
399 2198719
112 89318214
247 55077334
325 96564146
612 23412369
780 95388851
336 10783667
396 91774907
9 12081357
650 96222470
434 44655584
869 15162168
350 94865820
156 45853809
524 76932645
580 2785856
599 869848
831 32037549
811 54135106
350 60372966
559 7678506
415 42890715
307 10472250
591 26392114
734 19937769
687 28381307
165 31179084
650 26734405
348 23743481
790 59930559
492 18720762
235 44625760
557 50007816
367 97076104
786 49443590
116 80422549
746 39218082
290 48865303
50 41639279
791 16349379
243 1154805
335 31895572
469 13629815
339 71209965
224 76356836
18 38464945
559 46940320
674 75443755
647 7738440
305 96516774
22 52732841
798 24003727
746 86694857
474 35921686
231 29923988
397 39496480
351 35074240
539 41682816
79 28357794
490 40499641
646 49423375
285 26977997
118 13576276
693 97730346
164 76229151
603 88099768
96 26534763
758 4228484
860 69714512
849 74132320
418 48503528
680 24669648
468 53511931
15 41787207
413 62479116
53 72228072
489 83699202
681 21825365
2 16360208
286 64843420
711 15265997
119 80486212
287 80889412
188 85031420
245 55215037
512 86133045
782 23052899
587 48049428
681 37443116
280 65489833
671 53977261
214 58309050
719 74101499
571 68498312
188 5575074
276 77547712
28 27052178
218 33174852
776 80051461
516 84576752
638 61100114
185 43695318
418 26779022
591 38442282
732 17050189
110 96775326
229 88302093
96 38128751
456 63085372
623 65018718
446 78922685
779 89204113
805 68014511
43 53095047
16 35694429
57 66796079
57 56108039
93 66033210
126 83592359
643 72031756
465 71609390
145 70614775
626 5130093
80 1907968
5 43940540
63 56937384
392 88384998
832 4031892
490 45414426
508 1444542
527 8752524
756 46497386
549 58008418
786 26611177
490 70127600
855 77588545
771 34665341
738 69365347
20 86489355
169 87235572
207 59086339
6 40618957
792 33356823
733 70268171
373 13946973
482 83459695
645 10887267
776 87615271
395 35569317
500 44705827
554 10298209
18 33054729
743 83801284
680 27905826
588 73755362
460 87789891
359 3505489
765 61512933
744 60797654
601 93765685
267 77478584
208 61998484
551 4669328
689 8281184
424 6596111
704 92058849
649 75647872
643 63815005
513 52558842
81 28646917
706 52410743
114 42918333
112 17924327
214 17673960
407 71729766
349 27918090
700 94167841
341 44055804
249 1828765
545 69100260
78 38163865
32 91332850
472 93511823
558 49438916
657 20247023
728 6473402
544 58674443
472 41083155
870 95665340
98 52965839
766 16474884
5 71820890
334 69541410
760 87404632
862 63201481
130 88206947
280 49770953
793 14239750
792 38730445
600 17036926
93 16985683
378 43733451
785 79763863
782 23396300
218 82474328
373 65371680
429 91098354
478 80504206
615 58330106
736 4065326
818 3882765
346 31234846
342 10152673
294 78357158
735 33652274
719 42822347
640 23782831
781 75404152
692 53587946
539 78314024
758 70007548
664 2114518
717 49185830
11 56452541
865 66096361
784 48415864
76 81379056
513 11316707
734 35451168
415 58851528
597 53111695
142 55568876
672 70788090
846 85502903
338 65638325
143 48650271
543 2386335
810 56151998
57 86832427
575 51301015
865 49266992
3 32539141
323 12478641
137 92330596
404 94368967
101 74963702
67 22786706
104 33221592
557 40669700
806 8935258
318 53892478
661 22858298
302 69433872
798 76406153
765 55990334
863 67602669
22 13407430
475 14208133
547 54658195
61 92500265
587 8139212
747 158135
593 15854461
157 2789655
664 61884285
568 26395152
191 5469503
129 40357048
373 18732034
740 59229632
184 54358361
92 58655853
394 13245491
872 2051201
304 23010003
222 75697776
866 40438969
144 51958900
444 56252192
529 40519145
210 17168622
614 72794137
797 54951879
379 91331545
76 40172538
262 50080930
835 32252234
413 26986841
304 54343607
20 53871088
377 76709739
456 56790651
133 12468613
759 5520451
728 20620585
693 75219527
595 34875030
522 33902150
333 91223238
352 18494430
112 77811186
646 45318695
823 87340996
790 24218753
168 93098826
790 79989154
528 30846690
759 1349953
792 89532672
101 78396630
30 31171106
724 84761343
250 96083053
451 41179205
147 52195525
728 8707261
566 26726001
592 90496728
305 71672140
440 52851091
517 36796349
300 39907143
611 44593528
115 22478666
103 92867291
571 45780661
877 62845442
727 96228292
691 34262779
514 78767776
623 23357371
176 3016448
17 27574783
622 83601140
774 82911708
360 66238745
437 38444223
213 40557416
440 31382309
282 85810391
383 89541533
752 26883614
481 41244057
171 87562451
52 27033217
776 81546647
168 40987256
127 89911014
189 73686021
518 70188731
212 71378426
220 66878218
824 5333649
44 41471484
864 52045938
7 9539110
336 97360774
124 91748179
17 39582872
376 85835517
456 6269758
395 33565984
709 92207276
774 13900904
259 10832281
117 46585381
540 36431337
497 8088630
578 90460673
745 51212171
377 20013470
41 54180658
651 85063310
33 64774731
843 81834885
173 68930035
850 51257642
275 66339341
268 16690912
668 60014604
710 28947053
129 58312123
580 26696166
175 88977485
53 4514497
26 29337757
309 94457577
620 37893248
697 70484286
661 15970190
824 44536482
304 63953468
839 93803725
413 65681421
130 96534794
517 71095828
484 72145672
825 3387836
768 41597491
328 66324440
427 97069400
116 82759835
818 90473548
850 24680017
6 22326229
495 64611164
210 50036199
365 48815129
675 16615016
74 64742240
68 73072637
472 37264063
302 35378091
792 25607784
689 31394502
393 40897230
76 78841350
290 72661148
18 68891285
245 29277414
108 56731283
479 84135342
443 73138650
395 50592712
490 46446138
18 47628502
528 31763302
213 96278022
742 59436181
749 23089151
748 93812778
513 64351743
84 4531396
658 7679056
71 41482614
676 17354806
495 44166512
527 95476563
185 39581373
292 47165763
529 65974331
385 47561760
645 8888270
443 41643191
94 39240126
683 41293433
315 80837276
395 40850716
109 76303969
131 43911303
342 69050670
494 3645641
667 2398525
63 70445051
762 22443215
856 65674513
91 7039220
503 48553413
557 89870638
353 11088516
402 17242030
461 76540511
3 90166806
479 22085803
356 53951117
305 91727018
371 65084046
123 52087520
338 96809385
763 29944878
109 45801480
675 83995506
740 47259811
229 83884549
706 16112653
374 93135788
651 85065381
42 76118952
588 72084326
202 10520742
444 41404808
519 12276176
196 90359109
370 79214194
729 50292468
746 44054501
35 84460785
502 30905439
693 20174730
311 39268569
143 69639412
390 32154880
365 88458980
778 36280101
227 26020415
585 57844189
617 93324322
574 10804137
724 58334682
651 50620495
491 28217838
871 35406759
541 64125896
282 80918623
762 5036448
799 46219024
239 90136393
774 15043118
712 20745314
331 2586756
471 565030
57 68186110
766 18702860
27 46800645
599 29846672
686 79385639
793 48364104
775 74077108
616 57941199
575 64501754
507 32054126
270 88854618
654 64776230
685 81118144
545 22680487
737 69695567
876 93416981
16 93238163
34 68843469
370 30634829
33 16663900
71 32868994
855 79529097
122 82668621
498 89951230
251 57909912
393 82140466
871 3750135
316 29816634
675 23989749
441 87485684
599 86457029
782 58254226
451 37189851
537 52733349
413 20064664
599 79586504
260 24114009
475 41181425
837 32985520
606 36653603
51 88211794
473 87236398
725 69858743
747 70671701
176 79622342
243 61043775
843 49295326
272 91109344
552 49977294
567 25073549
98 23727510
546 33739539
812 18813819
673 363384
184 44274647
147 20337320
863 34985943
702 28224857
424 25522763
370 27059680
500 41622713
489 34906714
124 3665955
6 43934524
436 35819764
232 89724500
495 1113111
206 38295677
450 31678104
459 73246887
873 88271689
291 15899300
827 23611055
504 33619004
666 51427130
229 82695666
317 47648272
185 51535605
856 44195795
30 14491112
289 46346382
644 6543786
407 59198596
428 6651206
596 28403001
601 31893692
570 87612487
254 47318543
536 32061978
42 84429846
572 82417860
855 77294907
335 87916810
542 5844630
722 19866414
875 51342298
501 84017883
825 75973071
571 59133940
71 97981799
838 23760725
269 90815482
279 14068495
173 89438434
185 87353873
738 14130470
734 4306658
471 96274499
864 5176736
96 38661431
714 25242156
631 55605661
351 3956691
104 57825172
578 9589271
95 29105511
363 81650108
840 22077014
703 85190555
597 67960739
277 69118819
756 342887
737 46911075
555 77614923
581 84551841
62 44867423
211 7605589
282 75841390
463 5195775
735 55972519
195 66629565
721 57466246
543 20303902
444 40154201
234 76171890
358 56032844
90 4440512
344 73243486
142 95950511
156 8497809
2 70456764
437 66947478
812 61550826
18 13173063
423 41093021
805 26806162
640 42287183
827 96496061
383 1898172
489 15412804
185 7886805
184 77690285
253 67833264
684 17202509
163 86425822
104 23449104
625 51446068
763 98197316
108 36026666
392 14491638
318 15870703
758 74258069
351 92689636
361 10419858
260 41261668
113 64060502
433 48717755
161 9409908
83 89769772
695 58941811
369 2288872
266 11310669
847 66867158
10 82693506
812 25630222
118 79227694
208 79464941
102 56385518
830 29833516
645 7578695
626 5729992
838 56463056
713 23056116
305 71838251
200 48189114
681 81171400
788 73464518
267 8399753
467 8639828
509 13761535
41 75879524
257 59330420
762 37725469
757 77123479
876 9849335
52 50570011
76 8340592
561 10494376
273 917808
499 43210697
683 68407452
804 15730900
720 87356159
245 1865221
703 14385716
828 32091971
567 84864990
855 52564162
735 40683713
420 92797463
3 41344686
71 52724559
483 14759834
174 91494760
809 3242671
525 45834014
208 30095634
36 40206552
372 77179347
397 27961784
231 74322617
856 32700303
712 98077883
128 9149342
370 90767640
417 10731438
352 83806312
1 74946778
326 39789704
596 22327815
170 1796162
186 54554587
551 58602586
630 86473747
282 26984251
497 73802539
566 31231704
581 58008866
675 13498315
239 26847307
762 43034138
642 82267221
485 47600341
483 30629956
624 49001265
55 66700374
250 17556888
454 93378182
275 33569390
161 37176957
452 68352957
804 77433500
576 71935771
155 2970612
83 73329855
169 55914246
510 96614479
869 18019475
103 88794749
492 78982533
373 57259037
442 45783043
256 22227769
384 38808417
450 80341973
33 20796574
26 86995867
243 25970765
742 39114689
638 8374413
596 77284382
442 95774737
401 8193016
63 69327016
643 19445665
721 35058029
774 30131085
436 26644888
285 36814181
870 13226596
459 78558416
342 18343607
428 17824533
625 53973045
594 21355786
872 67441453
224 70856160
398 96720738
624 75240788
673 45144276
658 93960831
662 58067885
396 80723391
16 27091284
215 33022045
797 89741333
676 55299413
574 59899143
348 41526889
688 50314972
261 58015470
769 26054605
657 50394837
442 58173828
815 54445147
566 234839
258 26029842
644 61372620
569 76401325
872 15860528
360 31826968
337 95720630
63 86772278
830 28173190
690 93017489
271 51248259
49 40935998
478 74037052
187 61397678
345 28694196
178 46597598
573 38402602
513 70057439
277 7569674
366 31898335
10 10787762
267 4997406
663 6037638
111 3419938
113 51646140
238 58036500
270 43954537
114 9542313
543 57241898
229 1946097
319 7709420
357 5097795
605 17832916
214 38099752
18 6666335
278 11152019
51 78912284
481 71744431
589 41312125
235 78096473
557 12959466
661 68136242
28 64655750
476 52323439
172 67256864
463 15802592
16 43806458
439 30734244
97 42326678
626 86227755
386 21221276
437 28964363
678 41464237
767 7234500
319 78077476
86 42994348
456 40596559
130 9030116
783 2259298
131 12018784
176 48236052
117 1054579
720 38079121
59 76802296
834 68346470
359 26533347
49 62940784
505 50971966
865 63724381
794 29042220
669 42005689
39 72571338
13 17234659
97 12300208
274 89592126
362 75460141
838 91698648
190 3190320
377 39117366
160 47527224
532 3147726
305 15018965
729 94389531
357 91973812
267 65286397
142 10608279
449 6306686
689 95663675
250 71321391
441 61928152
99 18923865
540 85389917
785 43530524
816 18565465
390 46348771
258 92839147
847 98069261
143 60414275
593 28990574
497 19233966
655 14858812
420 71140750
476 93230699
715 90115135
365 85563761
790 92923804
206 23149995
194 32025904
738 93593630
407 92671277
10 10059294
619 18659337
439 63728739
547 23845483
778 25889815
127 44230947
830 28551002
359 84175623
435 81004110
224 83071951
422 90075627
659 89268794
76 89350844
501 53028510
554 87696304
17 25258404
365 27977514
158 73251682
355 53160977
137 12250951
694 96784544
823 34222819
775 75125031
117 70616972
810 92014225
50 52437434
666 65838228
38 84214444
445 57301196
784 40308528
436 19164033
808 58452879
592 50326852
782 62442150
404 71964174
683 83460191
482 7664200
390 4017566
534 74088276
455 2200484
226 2722891
690 25262512
75 43027957
319 61804921
483 12358612
346 33186597
202 28687385
204 90315349
581 76564654
97 37955166
395 76529378
835 49496561
96 65144072
819 17549788
480 92509800
314 96515768
290 33782644
71 77790265
131 2655820
534 55288545
243 89138339
863 21946045
28 11249080
607 67991310
784 56982878
436 2221697
229 72451789
565 66463807
74 35145063
134 89624470
629 49858211
327 30380511
416 61700101
58 40460622
246 73106907
708 48715484
767 78187242
9 45874744
72 9304223
437 86176178
405 89307103
158 6930399
745 16095687
407 44659520
477 27736997
210 87532443
25 13208573
174 21381320
841 12209796
568 87820661
877 38819993
799 75298291
556 15786799
364 95193487
235 16142533
649 92060218
505 25456750
214 54548009
722 11390041
39 41913213
860 5419010
159 26114459
801 363263
72 41253886
75 56763115
261 50307313
751 28206935
715 20812901
783 85664108
610 12677449
725 74150578
231 81996076
251 61497165
835 158181
728 14696130
771 66856244
766 78260926
211 67543583
579 78394344
502 12634046
837 22722058
660 4199423
120 22287739
523 16746098
247 29185648
446 83459422
517 78311079
21 3174018
496 49383538
694 42799885
16 31641922
404 78951591
77 12156882
514 30016798
188 68466424
688 5597258
187 81573775
305 74813152
202 51167263
786 47177819
457 30147051
364 51942046
606 71079138
492 48584460
766 86874216
542 37586544
75 18588698
158 86866381
733 15510469
146 75802472
183 37687335
476 41086361
846 60683268
316 43518349
397 95895282
163 47022615
727 26493030
255 6685882
471 45744477
663 67116664
42 25921388
206 85256127
522 79438657
781 50093359
99 50788055
652 23035053
401 3823686
717 90869811
714 33230688
119 35628173
39 88242885
536 357422
316 5375448
845 85312569
20 44726432
101 55090512
361 62560632
161 40892289
800 72311615
639 75535115
479 31487232
386 34021678
218 33956539
332 77550680
752 23186035
508 29117473
504 9262847
654 38669024
793 3072785
151 81431899
193 61278953
579 57997267
311 48741138
752 5259766
489 2737236
867 24448931
542 18375369
856 25156025
763 47578273
800 71240193
388 5428462
800 51034175
488 85700791
822 47769125
132 6707137
538 34433048
84 39556146
264 72261113
807 82188485
179 30023446
350 23786105
269 3707630
717 23251057
621 60414464
572 13394413
343 92872189
180 3963735
259 79281593
547 3596192
151 60804742
549 52592753
710 32802041
374 71142730
337 45033547
75 14896630
751 19402601
325 42710652
393 71140725
489 8646200
748 56291979
168 47615641
111 15887356
619 91903472
73 42672190
21 88034439
278 61888578
202 29544728
100 17588285
651 1859041
441 70974216
515 42889151
863 24993584
736 15878159
743 38771574
828 84568087
343 76726168
567 20604715
143 57830534
841 96651441
357 17386510
847 25090774
713 84236185
74 72178310
174 77313572
235 21596799
759 97303152
381 18124238
692 49322666
838 47220594
837 62671155
313 16934620
248 38149481
264 48539549
502 92172180
454 91381792
183 30496250
466 41510820
846 13590732
525 69311595
329 54756078
771 74477341
236 22042235
766 38327470
364 45717967
606 93126003
786 53235363
824 14125625
723 4535285
703 1812671
222 41545133
599 1766527
229 59982257
569 20004585
549 79778770
778 57193295
634 38375060
609 55477386
476 87320498
686 53787804
663 16702760
769 60858820
380 68195407
664 38673005
647 88986564
738 94876223
335 74361617
756 97590797
789 34516923
381 88960157
217 70269235
4 23040811
7 67586461
542 7025270
222 92852820
305 63929818
863 13906163
849 5179628
246 17944181
472 3999817
251 60496151
624 1550503
237 14887937
217 9617602
755 30411864
56 32843081
629 18244911
489 3070086
32 34241537
147 20744482
310 84196001
113 19012702
118 39821682
436 29889323
783 58519895
106 69284732
403 32137260
805 34552886
29 31503547
79 7596327
378 74715009
693 78378212
423 6125502
163 82730985
619 76024465
203 40681821
90 57640153
569 16762035
211 47810204
125 91450490
821 1981676
462 49551502
134 67916029
865 64350437
347 46912825
511 17264506
468 46992901
390 9897022
197 67090793
74 3470522
601 84855035
470 60195543
106 58745076
600 7466774
658 40329466
91 97115560
73 4430269
102 5767103
160 84229138
760 10441530
104 32818690
323 13429757
525 72698772
26 54225671
461 86916719
204 47242259
650 1812425
731 23368216
2 83830651
58 88825729
733 69074123
111 3284581
601 74497032
802 47906055
865 46775721
713 38169463
335 10160983
759 20103848
104 31369398
63 94002632
277 482064
632 53761443
439 13624122
862 21790560
527 80119909
624 14549626
380 38233678
632 12160753
607 73340943
211 40193263
846 68596228
283 67068379
860 49015158
290 12153929
592 48455012
142 61073528
360 86811533
501 10170938
123 61440839
686 97884912
463 43929731
209 78906508
435 97711486
63 80164893
69 9661897
179 92698550
733 17056026
57 65840807
803 72020057
793 13565002
422 3525157
275 34780135
626 84178908
459 51100993
603 37104830
375 48365759
520 20790147
289 35651868
728 53422816
219 16224663
668 39527870
485 69649820
156 5192563
869 52360657
145 50976904
598 97472450
151 21961529
523 45209541
461 74965127
33 65289167
715 78315273
293 13956437
265 7021039
802 80710980
377 55333558
116 71708649
831 73266223
51 81051361
743 97008976
222 93598691
483 6760001
599 91312809
321 81706208
613 73369755
733 92352974
677 89124244
326 76944191
616 86214899
435 48179206
639 66140339
680 7633215
628 55538515
364 70339931
695 89470846
94 12332712
602 10853588
805 9513342
406 68167928
211 13196123
836 51106400
688 22154151
522 11382552
718 72380761
867 12651479
69 42286528
169 89632753
642 60257907
590 22448075
34 39448890
108 8334330
352 11703371
27 67733876
467 80105230
799 52109109
808 89255584
277 57728484
743 94156444
101 64956572
591 54813005
793 81500667
833 34864038
323 3140414
323 19087138
355 76297763
9 38357076
813 95118485
513 11624937
544 85442932
297 92009121
222 17946970
65 42080057
41 25051864
414 95831788
855 40387167
349 63624101
34 40269799
603 22234615
794 2728667
845 34128565
856 75216394
838 75695850
665 66581832
253 75999242
163 32713051
838 66197623
282 87988279
56 46186854
524 32388546
814 60395735
253 72265817
812 88999072
524 78853593
244 49889523
629 38656703
869 9497155
753 24763400
746 12656955
323 81926809
67 23056039
449 25719145
98 72707425
240 40504186
165 30352669
578 11584156
725 70199454
256 49434386
574 72023095
351 43036619
837 15916178
286 12042098
152 95197564
214 77976598
685 54482751
310 54549706
82 14998159
586 33133974
19 34213134
460 96042925
467 70752048
392 41914933
512 60190263
632 8177354
508 2845424
606 24436364
3 64139612
295 69749044
403 97109297
405 43840187
56 62361982
442 45319194
485 66600818
229 72858219
550 20754438
718 32905415
32 96230222
125 55229502
440 14412332
319 33914818
448 19189005
709 65448396
375 92545938
183 14629886
371 66867472
23 75290679
276 44926009
90 65968330
19 45223385
605 15224871
771 53238409
618 71669656
733 84630968
781 32535869
539 64355445
167 64630257
491 12934861
269 61117971
270 48355187
42 91817047
293 6965595
120 79684810
709 59974575
859 78999249
408 63942075
269 74778378
582 5198040
338 88878033
206 63058748
422 3950892
801 95822304
265 87502304
769 23472169
8 53804890
280 26230008
8 5885639
480 67363554
618 13383860
819 17838040
49 96174775
34 88384488
421 23550732
460 94118634
410 10199544
788 9461644
699 48783578
741 43697695
782 40478669
616 40947183
709 36855408
427 71688431
210 1947318
872 53985619
424 78561262
720 74649916
541 80062580
374 35021840
315 76014846
714 95193415
561 7148111
451 49185583
338 545784
624 88699321
175 9012218
74 6448081
9 52632325
670 82788106
653 79515965
797 18392376
491 35065599
805 42400796
196 42324184
97 66128499
79 4271247
742 29362224
83 5398734
846 61835877
470 36886284
840 67369198
449 29357662
571 8529422
332 94455130
478 6683528
874 90484235
559 61482632
208 85034536
336 77161655
342 43834260
151 98130914
609 22831615
488 64974747
71 78092795
815 74490223
36 89617936
390 62127030
824 88726401
816 86473079
282 8164925
841 36365113
685 34273704
68 38205971
51 86626655
716 89328389
584 96355631
777 96701452
557 2022942
745 26389594
813 52631064
430 65093700
315 41441748
659 7845602
346 26729380
120 33927610
552 81933664
118 20722126
138 57846868
477 49431433
879 45368622
133 38360974
623 64083433
392 76639098
690 58058909
268 81926684
160 2157924
275 60688236
287 20781574
195 85218849
701 27123462
757 86851425
562 63268683
46 54411214
840 62226000
691 48481139
545 15958484
91 31227539
827 57057722
442 3511914
543 61302274
367 55980394
519 48989143
710 39215911
555 8612656
200 32583091
238 27924895
798 38854316
589 43760700
861 84655409
325 96039827
625 37851592
853 4024209
111 27358291
43 37869939
464 88762654
363 29656720
871 18596410
867 69658106
161 27757422
617 35150152
854 30521961
582 16214007
799 27596689
533 65832053
125 9467591
408 60405925
122 69165912
340 64263846
58 35453126
370 18193603
419 3083149
44 30066236
168 89012574
857 88173579
18 4186312
807 81333537
787 14051314
323 28340815
859 43260570
400 24468461
102 70953025
173 3884486
635 46652372
382 5634825
846 14972020
526 58897386
855 56217151
120 80464272
570 42398342
783 79375948
80 93949813
284 79011432
241 65453782
634 51388646
460 26928133
694 60426028
293 68889125
192 24207087
202 21937090
100 79440196
788 72883102
582 73371577
566 17124725
630 51151050
594 96268784
405 67244213
329 78283701
392 9159079
329 21402453
833 23373748
504 67088405
569 68687475
868 48767157
480 71692455
417 95820572
664 94667159
388 70312579
174 24219614
101 97248621
800 58367020
274 25814126
261 26678292
238 82602441
215 295637
387 62522727
537 29745985
592 6522559
481 91642368
87 6945769
683 47359862
233 25046706
454 7745528
683 15960347
32 21442787
296 65584673
397 70817710
791 48555439
5 79934419
762 84818343
45 33295042
497 25448925
320 8453070
793 32017621
849 24276429
462 87217223
541 98180804
794 8722994
281 20842737
383 65894382
62 27605768
693 35235865
108 8001494
581 37989947
36 5268745
609 13702105
181 40104222
446 90809446
550 44983633
699 84661766
240 7345761
547 89329169
782 26930090
613 204326
712 90320065
161 32170813
422 54379075
280 70107027
425 35261670
520 14991954
458 23301038
615 43803807
299 1665650
624 95277378
401 77246620
251 56368786
301 34104317
490 58772870
609 78814679
484 1951437
678 25197480
369 70860615
83 64357150
265 86728913
364 72132381
587 49702453
637 10570683
798 5530607
865 46429949
354 22893890
528 92429663
212 84724553
209 48706200
242 90243742
324 56615379
163 65629215
232 76813799
828 92294148
350 69273048
787 50705354
691 87348924
628 64727515
471 89387446
13 73492123
841 57107127
855 5151765
766 28543008
165 61714396
770 44432130
401 32619050
56 8925150
312 95456932
26 54093685
104 55964156
98 31625905
843 75106566
64 448441
624 31835596
477 37953945
467 78065746
87 63808040
841 26160706
464 69280985
33 26688722
445 63677675
713 78871441
768 33505337
327 44726941
471 11732186
504 68838768
704 61485545
29 27294918
6 75042462
726 70270536
759 76913716
406 95530325
8 47543697
68 20766732
666 54314073
391 68103787
114 1455323
533 77842411
482 80582363
754 14269513
813 53661270
408 90380959
703 23082873
277 20346625
378 34092898
177 53502792
565 82809141
494 54653554
90 38460721
719 71422312
184 69133904
804 28773535
431 96798411
361 25923376
280 51273804
560 55716768
790 37973986
703 30953857
346 26451944
190 19889287
739 42871510
470 2400667
428 79613222
495 31621979
548 17573120
389 14663464
789 51685191
294 95455223
733 48078658
247 66945369
625 92509388
630 73287979
332 68530764
612 46625438
513 34157430
571 40730888
