922 4217
514 512 280 457 173 61 667 275 395 194 125 883 247 196 461 544 679 488 63 836 277 830 222 471 255 875 828 699 99 324 240 148 100 369 812 308 68 625 128 481 372 207 110 655 666 85 75 856 182 757 503 921 770 27 268 520 379 377 410 720 328 594 307 906 330 392 384 500 485 758 805 152 576 278 745 506 326 671 864 801 119 264 142 347 274 609 766 24 742 178 339 762 69 423 820 355 529 571 258 584 863 491 289 433 346 438 354 859 122 497 381 490 597 753 91 15 587 253 34 651 688 922 5 270 463 629 243 802 340 419 434 104 861 704 578 754 668 193 160 168 314 211 774 822 902 239 62 795 67 70 530 811 216 175 449 604 138 0 747 686 693 390 21 348 396 719 411 404 798 744 20 854 385 445 907 844 616 312 177 905 748 336 171 40 135 834 448 650 638 598 439 420 87 228 302 33 722 898 568 860 273 880 151 509 349 478 721 440 607 414 234 622 25 47 660 827 90 397 375 149 158 252 853 910 114 276 242 524 759 689 540 156 309 361 486 459 644 417 386 118 4 701 775 353 588 191 155 608 39 674 272 451 310 831 750 653 260 611 127 791 499 341 136 226 71 809 237 870 552 204 428 18 82 144 442 771 406 494 873 94 691 54 134 111 245 8 257 919 851 83 736 533 804 400 290 581 166 730 460 676 772 198 32 778 431 219 769 89 467 640 726 366 362 337 218 723 887 661 560 654 388 327 532 572 835 852 901 749 378 648 698 669 241 291 462 912 145 208 579 885 225 878 180 862 711 64 259 593 522 7 519 633 332 352 295 213 826 793 108 692 687 818 399 403 877 735 113 473 566 549 643 393 789 31 624 659 164 716 233 201 283 708 636 846 528 635 886 536 583 516 6 26 714 269 441 788 56 380 537 129 12 784 819 363 706 285 184 306 727 796 333 728 697 3 435 816 575 141 319 842 641 126 153 678 254 422 833 690 57 299 248 224 351 42 739 628 140 249 617 413 592 737 408 517 920 139 589 66 526 345 38 131 174 590 894 596 602 405 513 470 357 9 893 359 810 179 36 394 474 189 199 642 356 897 50 662 427 900 407 807 683 785 539 803 824 95 418 511 705 28 874 116 489 857 610 456 891 185 41 293 515 195 484 365 670 383 74 871 646 315 496 60 837 614 453 700 652 303 847 619 371 866 344 631 382 105 840 557 573 364 192 743 884 444 751 220 229 416 523 808 374 187 672 412 585 447 538 146 97 49 163 601 781 79 464 559 429 162 841 214 48 508 913 717 223 298 92 555 606 22 663 502 815 76 331 246 895 695 261 673 93 317 782 183 98 752 627 899 821 903 580 738 569 710 262 843 72 876 323 472 505 101 872 202 14 680 586 577 368 507 794 227 493 436 703 729 797 398 13 681 437 850 756 786 37 916 858 779 845 267 543 917 112 96 468 761 487 848 335 480 432 741 425 684 288 305 376 767 367 236 321 746 582 165 205 475 188 542 263 271 904 78 618 546 88 2 343 799 677 639 311 284 143 206 634 645 325 316 553 238 256 23 292 286 621 732 548 58 401 492 358 266 813 620 443 230 696 702 564 232 510 217 909 551 501 541 558 915 612 159 391 535 562 600 525 918 329 806 45 120 740 776 773 102 450 157 30 504 869 477 482 318 838 10 760 86 147 685 888 755 43 763 313 373 626 531 389 465 712 908 521 733 300 734 46 561 911 783 765 656 294 215 133 167 545 792 554 279 665 454 780 209 623 1 630 707 832 518 304 565 713 914 814 550 320 301 409 421 176 212 123 790 647 186 19 570 132 161 649 675 882 605 632 527 197 890 342 81 11 109 495 725 574 221 476 534 556 181 452 51 892 231 479 402 599 547 52 124 867 106 865 29 855 250 80 595 731 424 203 415 103 287 387 73 170 190 563 35 210 455 657 296 591 715 282 709 694 829 603 889 281 235 59 567 17 879 53 16 800 849 322 130 718 613 426 334 896 823 682 615 777 115 297 498 200 77 469 430 44 55 251 817 107 150 724 787 370 65 483 169 768 338 84 360 839 825 637 137 244 154 117 881 172 658 446 664 764 350 458 265 466 121
748 40197262
387 11291186
644 27021525
625 85867144
901 42253909
104 69093195
557 26764420
127 15271453
185 10629269
498 76601130
712 35188288
198 87275660
421 87327521
130 44552760
88 46153597
628 12413047
460 35118056
809 37563135
759 98250842
857 77410527
64 85423349
174 39079750
790 41296880
774 26907437
379 16797583
83 12755112
452 89391329
337 9784473
52 2647913
146 62206829
292 95830357
920 50602181
762 83062930
130 962478
461 7772782
701 12916658
205 29410620
598 3671165
861 26086468
619 53829576
444 94118832
241 77753385
197 76831353
789 95596281
805 88859000
578 26541125
102 69377077
261 83776190
782 36019843
187 2277721
367 56094545
343 48489280
101 33427163
122 75901886
773 97311095
521 67776559
614 20855169
154 3752646
483 27687751
151 33938557
458 38170878
586 75248825
520 9248859
608 9989722
183 90018371
80 93209519
571 3028948
19 94458753
513 10833497
753 24869051
296 27059289
450 89658457
52 17623361
626 63580206
904 21212998
713 54575315
40 83473027
448 1903951
190 7039425
378 71368810
86 97010706
239 79571841
579 50719653
649 12046589
250 22498294
824 61911108
324 29783195
281 91309262
759 59296560
478 87735529
841 87616251
341 43246725
265 15276544
185 42467913
837 6864111
509 67637333
535 56457193
94 13065342
815 57319246
715 6459381
868 80157610
783 54399423
470 74182340
917 93603278
776 71549766
905 54095159
861 11202216
342 33233875
160 66536444
179 88854502
277 2009635
4 44310323
12 16912023
557 92791525
907 28357391
673 37192872
381 48066118
56 17094214
471 79823636
80 68314962
831 29184595
177 88043793
780 18791052
33 8586931
860 27757824
219 82113127
713 34934103
531 96050428
88 76077004
12 75461513
159 18564902
724 14577422
175 36234105
47 13906312
691 15445379
580 36410921
408 54585352
805 69213509
816 91363999
114 2482679
895 33505394
18 12464578
11 548698
12 71743913
198 85969864
592 61878807
352 33539981
728 94713775
651 7226243
664 59634701
244 95457946
810 67972611
140 24255652
155 24655238
744 62423913
287 97311054
289 70951788
520 17530497
895 39651292
730 66047424
726 46009180
382 5431065
490 29673675
28 89658060
744 71040821
855 21641750
289 91955864
344 85567337
335 60502263
751 30615057
113 11285803
383 31375608
665 78050717
401 87594211
396 47188837
278 26183995
154 4728375
718 6853254
204 12528416
126 57177251
792 91944509
264 12967906
597 22810045
512 61002321
40 39867570
301 15860663
455 66367524
493 83662278
798 41945045
63 65371361
81 65619438
388 46774506
137 59885793
716 19530030
639 36838021
738 5905711
197 81634597
234 97586537
26 53366785
362 15247173
121 84661340
675 56611369
793 12107852
885 90751846
94 97232253
621 39347969
223 88158278
328 75044987
386 63433626
323 45960897
249 9857921
802 91976949
114 2708524
800 93655859
180 4850229
284 18311812
156 71422957
317 81605102
643 75258411
399 36721250
199 34444204
178 48910213
354 59027997
50 9011320
787 14796451
732 39435208
84 84590164
644 29077559
208 63444811
296 65113472
26 42544136
8 91168847
187 24122421
780 68816711
511 40156674
130 53122810
460 86479378
460 84243116
272 69721012
398 90805536
182 60906995
279 2547770
697 70054718
784 71615283
881 29797129
293 26728593
274 86015418
869 8981732
424 15975652
886 45258354
74 35253264
391 25669924
209 43875639
834 86431855
111 64447961
416 21874283
502 4513298
846 85160167
434 20916864
13 31616484
552 11835302
629 42474589
551 5689371
781 87572541
869 70955651
453 87211881
909 41562189
336 85908914
352 41188700
133 45688220
700 36403262
343 44346594
324 90816320
600 93196672
643 41078800
883 65214671
825 70362466
356 28813676
878 15985372
765 3830497
15 65566033
178 25078451
40 89259841
671 21284947
561 65567424
181 1338853
370 28104555
547 56208580
890 24331638
467 78283403
892 86931576
109 82737205
588 20536445
655 49650687
445 85668483
460 73574673
374 23884102
398 33473681
265 60954925
159 61654343
838 54995291
436 41938313
625 32773022
674 4745809
682 50254211
536 42946634
289 65766392
847 43614295
897 21467376
611 21516373
112 35936083
568 71968524
707 18985707
507 41075961
636 85163600
301 92721502
795 94954933
329 10193241
98 92831001
785 82826625
635 69710615
576 38851253
14 32284294
489 54849836
94 84885314
154 8318566
467 32134465
603 19954889
460 74912383
470 25854141
43 44530338
175 49436745
475 25057294
896 92935427
35 5025747
833 41125597
682 32957042
599 68422226
288 90348716
223 75936573
393 75083699
742 24823482
698 92066007
240 85942995
557 68200514
369 14859148
340 67535532
543 14115471
105 29092007
41 34636049
618 8319060
550 72540835
847 37716069
451 85082979
817 98115241
437 17169096
307 3733051
262 36697489
245 86194771
570 94199143
54 22861868
246 84337062
652 36853420
176 20071536
681 45042551
828 22088130
317 96030428
642 25988374
332 34282655
739 91261479
638 61113533
381 34651151
468 30035811
203 58712804
460 32326135
811 16497791
867 12005061
575 64751580
731 80934628
87 51289573
575 60022023
563 94680847
900 15670188
746 94464627
570 22045608
14 40351382
144 34074409
72 38745865
640 67355498
697 56497026
42 95806395
233 70446314
572 59704398
738 32289245
319 82456395
820 42675133
456 12010901
382 45955454
279 55407291
317 28486323
838 49597888
270 33147192
277 22530532
274 87217215
430 78289552
722 44858140
394 97895461
470 31148632
788 42430726
871 14057521
917 71595114
377 76683688
910 84798819
602 13602129
487 61118609
433 21079647
332 18092840
229 22941262
521 81275254
394 90425327
129 74508494
317 87697976
120 7230327
667 17848585
275 82532581
401 86269720
750 29296255
649 88128486
360 19728488
589 86175432
482 26058095
391 19434862
724 74364887
562 12292631
697 19197471
914 7833179
75 18636530
333 3213520
294 38355440
665 2344398
550 56510580
86 79398539
68 84010444
103 61116231
547 521004
290 8087001
127 90922316
673 19868848
321 21227605
815 52833419
635 87704535
290 44715898
159 20618414
682 51944371
105 61603793
435 5549142
337 86710258
730 69651289
721 20176456
163 28868476
233 63526384
542 64427862
160 52449528
875 67911638
476 5610722
145 48717363
793 95649575
788 62262229
557 43084353
140 52057745
320 94882064
147 97535273
106 49700767
404 84111666
492 64477380
591 73766156
214 97491187
879 98014957
475 51339299
728 61611879
439 26876279
37 51639117
673 97861710
402 69070762
493 97695868
228 67491243
897 8553015
471 4330631
37 67699571
301 2381982
138 1357990
436 32351287
717 40497197
751 696545
234 80875349
737 46493603
748 35340003
314 64092187
669 1533837
278 24637243
876 48719630
189 14704079
370 17098557
550 90889905
878 17302590
589 48150934
503 57531144
277 85380342
567 76232742
570 8460799
217 85211783
739 18849922
854 30432470
91 39404693
739 58004770
711 35932799
51 6189695
579 56009391
776 89247987
852 83309470
153 20828593
599 2749600
903 17405850
624 69389336
42 44341535
233 13227513
138 57566784
549 24234637
256 60681104
99 78371137
482 76264711
481 62450175
545 30941967
386 9499859
604 46204679
330 51596246
329 53117963
263 89863678
65 9426730
561 66803973
12 30341975
545 54347094
588 40425224
326 58970627
758 27233250
747 36012641
820 12671939
213 14483961
820 36408502
825 37482617
290 53276163
671 16722842
886 39836700
651 90728944
738 14548258
39 12526805
694 70488774
392 23700566
305 27050056
847 70277924
216 76991867
371 13192244
102 69462422
127 48170671
576 83419205
821 56390115
890 30062118
233 48731944
851 54167957
457 32521396
332 62973592
197 87183232
922 53623796
635 58981105
781 59887382
256 54515176
127 12737763
217 61476530
331 6457977
235 73807896
371 85444899
166 31858952
265 43539304
406 70262394
221 21780733
175 89695812
10 37317439
879 29112575
742 15998753
881 52099504
659 33893156
360 57137879
488 79671898
444 85150307
449 25757498
387 50921149
702 4975720
383 76992112
729 13271634
865 53115415
36 15855180
653 92718887
40 66089956
851 18999769
794 43102278
898 42376402
678 89823482
383 74567218
761 80610849
549 37473160
382 83826571
919 86445788
516 50388492
24 59119196
539 6232867
326 18165312
338 60361298
372 19565470
612 31974385
456 90027598
176 72876082
292 20062359
572 24324310
681 53957688
222 64117807
502 19308128
821 87923628
445 41543791
795 85881352
865 91346187
56 40326683
55 35556076
97 31874239
866 93858719
57 63379581
493 29670999
514 92475030
52 24481015
552 76458746
753 89971938
295 29647116
581 82254563
80 92740715
180 23177285
519 24913123
899 40940149
674 84225842
160 27852010
460 52703772
35 96926716
320 43048320
128 67750522
273 39876600
780 45844163
403 42875741
118 31519998
62 25726200
525 32224738
229 5607802
612 89152015
279 26656477
301 21069602
383 57524025
533 65167341
206 97657512
792 55853156
559 1064690
257 90009337
538 536658
390 25239978
219 64331399
288 71538750
399 51815404
314 19160771
114 77762400
65 51455571
348 4477935
581 95573842
500 27168223
406 70137906
363 92443227
102 46884119
40 16773468
831 31424532
873 10733683
812 51157484
646 35808440
264 58944225
80 58164919
485 45579936
157 19953245
214 66260235
584 19243167
855 82712390
680 11062116
626 14496395
254 11931070
623 97025766
506 21987509
255 72585737
394 57589771
412 64640089
780 98000433
750 88390071
542 44238089
857 64810353
584 83456618
918 43789062
890 82717999
916 46393077
353 76173464
518 17525415
374 76705040
648 85954944
132 95983053
873 50136274
130 79115171
40 55944354
674 47654633
494 8798321
496 58562338
110 79348524
336 77220950
111 41946100
806 59097566
813 1414887
615 43803948
442 50960654
407 65030289
321 40713581
777 72370260
201 46457078
93 62428978
723 64355150
145 25428840
637 13064086
690 2285011
704 42549339
261 56015825
452 69294174
128 58418925
274 11682653
781 79228327
116 37437952
755 885817
108 37547757
666 30362835
754 94730933
372 43842440
481 80155805
411 24642543
242 48410398
884 22276299
70 55180533
266 25338139
128 85397563
678 43249747
855 91968590
124 3676745
229 47065534
664 55717008
357 5201401
476 175937
407 80736776
152 10444885
183 44365959
325 87721076
853 12915673
247 19686546
497 70626762
732 39978245
91 512091
246 25287320
843 11357834
628 80832266
825 2416703
867 56957399
606 19881824
210 61020270
488 37719925
739 96887330
242 45504405
479 11337161
442 50381176
680 43043176
803 91354762
241 7167805
339 69051502
6 65403316
75 79504833
485 33552499
297 71900683
557 77718605
147 10401490
556 46538762
261 47998782
175 93648102
118 24587782
629 34527134
819 58822785
101 91770766
152 70719422
277 79938637
344 4797693
465 77020791
262 65432187
230 27213507
658 79849314
62 43708394
173 52970711
787 35912350
429 46517667
21 37038449
755 70203418
719 52270713
48 83797302
740 17890043
711 11217245
397 67245173
135 62095871
71 22710418
127 82248881
88 79653434
66 96308285
613 28100919
300 76366184
825 59388961
307 17323746
351 12484467
149 25031185
747 8689236
143 23293839
642 17397815
595 62808119
569 23788459
867 53028932
136 12440716
791 95549746
793 61273808
769 43940203
299 54872179
898 58461451
474 97875299
673 91939573
832 56267637
179 75965412
893 93707190
71 21137426
362 40583042
794 31383549
31 53494465
122 35337084
891 8776357
41 21838766
601 88210774
142 91130524
362 558558
830 26399747
675 83285525
91 57834083
785 57268589
102 65682970
784 54766375
696 73716481
712 86840533
896 66873653
259 14426470
83 17681456
499 23486165
165 23387310
173 30904626
453 62142553
208 85812592
359 56328845
55 94866109
154 46494060
351 51733037
712 82708651
438 81836048
246 29881499
605 8149247
800 73470937
425 10447906
409 57832023
504 19063277
190 16630825
276 5488510
338 27120280
301 88795129
299 77087978
274 64462677
316 42035208
805 26815845
666 68151399
205 20688775
742 82631896
415 547760
40 4527288
299 96325358
252 66175681
109 7279516
368 65500911
118 79004722
551 6967779
294 33586474
255 66556691
586 71384236
730 77637312
908 18768723
853 12136703
274 61258046
601 80812169
764 14325032
318 59150211
590 81010257
522 2181406
242 48938018
757 86534320
529 72620868
902 71757505
524 91635010
734 51776911
478 47479411
679 39043539
81 14767305
55 52417274
198 49322428
623 20819733
67 48866872
152 92390593
516 19167883
359 71052791
277 57494608
472 45299117
688 53438782
281 45830299
471 90269969
725 10756255
519 72027440
633 57838977
720 51102070
348 80841368
557 76472642
446 46440852
851 54468239
646 8405170
460 14730204
198 35746115
475 93791188
664 54895284
235 39266839
97 97523847
10 4370504
695 68781113
883 76873949
650 19701259
529 16546346
739 38461393
292 86859791
321 55762942
364 30550709
352 55499598
455 24091268
822 3125202
473 71221048
183 80995191
789 97105568
376 51208759
494 54583150
661 7212335
401 42991177
15 56218472
845 45763150
918 13828910
438 73740827
435 94214732
648 25707242
609 39523613
457 52849276
25 31061332
14 50685628
581 40061054
877 48223879
217 75261491
261 19110523
197 49741616
107 564517
119 53130784
260 27555577
273 46297326
517 79567854
602 59910404
902 39329647
922 12139104
300 57362507
700 29813330
598 43888214
11 94301703
823 57929302
131 92285113
699 20259391
340 75941501
633 28840439
660 43620979
707 96550875
808 27714897
761 97627592
101 96648224
167 21709883
783 74110806
377 43226162
112 57216707
295 13390480
820 61911124
77 45755980
808 74051083
429 32876138
706 14612452
512 59697337
750 11804761
163 43188604
189 95804568
680 72005610
462 4137072
301 70573526
918 80561143
222 65174055
261 23625591
479 69163945
798 6829916
287 78746210
448 41535008
881 80966533
899 40277783
59 74140219
312 89165915
580 2155549
612 44146361
899 94328395
593 24514978
250 37872768
556 33915084
27 30461620
427 85084190
333 75502049
407 42161063
567 76431134
570 64743808
901 41066959
284 81708189
422 3952171
609 63176376
626 58806269
254 10394686
313 10374515
307 55830592
529 21339186
188 84138515
344 92090904
704 53678401
880 44137848
904 35201398
855 7513282
187 66378859
669 35493184
838 18476214
677 26781971
533 65355696
388 52918548
59 83071334
786 10104227
727 45271177
835 69592507
726 37116942
221 59049107
637 85449431
294 35910247
78 752903
299 86438797
893 18149082
289 39082593
37 74336091
787 74442474
396 79751044
631 69843946
102 6653482
39 37573329
56 87499381
694 83693771
490 42852020
336 84371046
869 90784176
597 62516533
543 2756180
24 85370743
124 39325084
461 75843953
890 30517595
283 29634688
415 41276971
753 47595712
668 66202384
420 86095311
103 31428237
368 13964706
755 5464718
66 75285383
118 29118844
398 86521378
577 55977445
67 22075729
742 3380321
666 22346416
574 12473958
716 20782469
233 32347181
206 71659476
857 6192218
309 1490509
611 69988624
402 56366353
887 74953691
195 86519937
493 7451332
394 21356838
355 27779064
822 61935818
918 29522865
522 840214
83 96382724
419 28926594
34 86111690
423 79953184
681 13481543
584 71954641
229 52063806
133 62955207
583 57171675
418 25365905
539 83551615
877 26159818
466 31201487
651 26148386
429 89559941
60 84499499
453 14412590
863 84183918
24 88382202
38 59622700
488 29057232
605 45001045
269 72381967
699 33087308
364 3783558
110 44795568
288 69437053
532 14392141
120 31914081
183 80083497
454 7787620
212 2421040
336 39414635
429 69222681
326 72338502
19 47018038
599 43163843
224 12250208
610 78061836
188 15388384
96 15616612
915 52129895
788 22913390
869 46856943
637 44683062
377 44944528
845 50889358
894 24357220
145 1825787
695 14228275
285 22060525
284 29189760
897 95128018
318 16058930
560 65524595
693 9250244
195 45963190
481 3762933
755 50912987
542 36986281
476 35142031
141 86039006
122 43196996
590 75983039
713 76196126
574 96751173
585 69067823
887 42490881
342 76929084
187 49746699
825 80228742
269 63236079
590 97382331
293 3561114
910 14630587
607 45642825
194 18063203
479 24629843
532 54785988
666 33897418
596 92962581
242 52058766
698 832333
390 74001729
707 27848914
177 57464620
342 20225925
286 78529001
648 24865387
213 7951255
828 21028318
328 84532865
421 57410946
534 26030567
699 8295176
698 20380356
303 30070230
575 57773062
685 47147837
36 61768321
549 36448066
841 32469644
686 29314406
868 5319666
595 27507863
107 22498787
433 29575156
807 17949841
72 69656476
703 9805091
298 72101015
231 10239469
136 12897771
234 45668149
749 93787273
716 91210752
622 43740182
712 17181107
593 5575603
292 39676419
921 58709413
261 3594758
552 48899462
777 54163271
529 20430393
564 42959942
484 70502578
663 27519293
603 19321748
146 95091804
280 75662193
16 1975734
310 39975821
594 4885730
706 92807779
503 33610987
61 22585007
579 55138368
217 38499978
640 57439829
442 22808914
123 44996496
771 73608087
245 47086980
525 76488391
561 39582650
714 75159531
324 76121131
262 64478624
392 38038616
161 90752582
253 84759642
719 69172068
25 35255434
490 7002067
858 39509570
866 42452406
135 82989817
769 4023616
343 92858995
271 63931478
129 56697159
508 27155073
603 55052192
656 9192149
145 11592716
694 44907277
376 45172880
782 4284565
158 47773618
87 12244238
900 61241166
758 94103317
444 76468050
353 30158389
799 41470025
814 8800240
755 78307723
79 14032754
19 24189012
96 11741038
605 66304137
882 49928511
495 12540510
37 76231153
332 49125738
902 62789317
147 36001137
80 45088248
293 92410954
287 74582708
797 15161302
84 85546454
568 85392583
819 69008126
715 19819071
882 62375850
242 97122828
244 53003548
75 35461491
163 90864567
750 44906994
901 19897582
163 24717692
842 8548950
541 50418209
277 10832567
219 87148747
167 26395350
528 9794362
604 77857126
276 29088233
744 3812226
752 48202895
258 50523804
486 15020631
263 1536698
713 89809432
147 88802396
409 39034582
579 48384255
176 17457575
367 56417037
707 84731823
743 5837474
589 29135068
433 73765536
432 88280979
596 22837188
120 11129057
446 87944776
304 98114890
266 7387815
21 91097486
704 32331964
771 41573015
178 81098147
156 11405965
727 84776806
662 81156218
475 50980289
334 75221558
57 40843062
275 86212403
395 60604450
803 28296882
678 63350879
912 87560845
821 61707272
444 5194971
835 55788183
921 44003511
235 72291459
314 995673
363 18613250
560 2055164
356 41396339
266 30760838
784 12275488
580 59193755
449 8929500
837 92990091
110 22233377
715 31954455
276 68720340
395 34305087
664 20365798
770 8893743
92 36760173
729 3999310
454 26234290
856 18915813
362 4163321
561 24203534
868 70407980
842 92651131
685 5496512
647 51091554
574 59254918
521 28988528
375 80050139
700 36488115
615 32928632
305 46244998
812 38415123
905 87491937
694 30281765
214 57439934
16 15563082
676 36530885
104 51886860
733 26290777
254 40562048
345 92424457
253 23295766
528 28952024
705 98228941
163 17333254
392 53043966
879 20383484
176 92088061
380 72733467
204 2556899
818 92435142
870 4268014
879 97886516
243 39060295
213 43807023
100 55106978
811 62841903
713 9048338
497 31272520
477 76578867
334 31577320
881 89340158
656 41218186
171 65108585
875 26664893
471 62270764
368 49641973
562 46589733
300 90977433
251 65143837
389 83239884
245 39414633
847 53934613
402 61938361
677 84504207
867 17563652
607 84749977
272 2946418
682 71409078
442 70517145
31 65493894
351 82890817
92 2169044
265 71239400
36 45917494
366 15916422
179 33374688
243 32775882
671 9814922
653 80118788
732 89806429
133 71208720
456 35000809
564 97465641
95 24319682
350 73983108
404 59621999
110 85359897
488 72361890
368 56188862
326 42024706
381 22891603
267 28796916
415 25438287
71 22079550
571 10705345
658 95706610
490 43340040
102 84506249
243 37487572
60 59089902
502 90272690
822 26884350
547 41479228
253 38452895
234 28450279
328 11105926
437 70122547
537 56723967
442 56755255
910 34843833
376 46700450
704 3384863
660 83953266
173 91353344
728 28215801
370 89181560
6 85019492
538 34320245
739 70427115
213 22725059
559 64269731
452 32508929
644 92520806
503 55032017
768 18640578
82 41394491
148 36954598
769 57982611
668 97205136
564 61104527
129 29149074
865 77129562
507 72992728
857 1431059
668 45706780
537 15766
101 92453683
440 38043570
96 74160317
911 10941466
400 48721896
214 84153861
510 76186973
867 62313430
209 36456538
810 48526380
822 48945518
449 34631195
201 19861768
575 93592857
304 86523297
388 92703321
162 90848909
742 8723860
556 48262631
660 59005027
799 38939770
30 58107662
429 13254072
506 64970280
291 2501974
507 59142569
665 47074110
849 22558131
142 38696828
808 33702013
39 66382889
390 78921803
315 86595644
602 72964652
153 97175916
125 88070563
737 28653607
612 5675230
189 41149310
561 65377738
326 47003334
771 49385909
142 32195976
110 52637426
791 95131506
353 85370057
26 6222397
649 81052516
177 57603197
365 15168956
757 57507724
376 36079786
318 8048431
697 18480054
209 8726183
495 13794995
433 74117353
24 24818832
473 62081094
570 87439753
109 7327020
421 69895668
328 74358739
63 73932845
784 30886729
705 62091395
918 11644991
209 86828328
595 16504418
792 40607700
677 10671107
176 7947627
149 37237687
523 40166155
311 47083591
492 40358399
634 35864737
560 54213838
58 95183293
539 81538789
99 82751857
144 96409209
135 91101270
71 79989670
760 44212593
36 65347890
423 92448578
870 96461362
906 37126072
787 2692309
502 44976444
886 70533268
718 97174105
540 56234248
646 40440746
212 78743500
270 43575972
779 49962022
657 83321728
770 2682906
359 32252131
155 36848728
536 53868781
664 82057473
568 27140397
21 65396342
813 64420779
438 91396416
230 58617493
38 44656425
380 29374939
184 89493210
491 87974691
409 2064843
390 21554685
305 87794518
814 69079288
809 46635396
725 38694211
71 13388455
738 9774165
399 37298222
128 64882574
406 65506516
797 33271116
538 37351281
881 33751327
284 88720607
664 46346172
632 81135527
770 86416542
841 27567370
215 95844776
140 38927536
469 43250749
443 86492884
391 36692264
883 71367229
781 55019956
414 4602623
495 85066574
331 2958808
413 74482981
301 2038156
383 93246497
360 71612850
254 16249617
356 54893940
694 4361084
683 6940331
79 14820961
14 54986184
239 12048431
362 74864796
724 92605902
768 67824641
358 32203851
350 57683687
855 25067128
859 959776
304 59142361
16 3574900
181 90042848
70 58613094
290 30655155
133 91406117
360 47966193
263 16590932
212 85841320
108 4247506
845 87997538
183 70258859
287 36888779
919 71957213
236 4714837
654 11151467
84 20247077
431 54640686
523 46067019
570 75015311
149 66608013
630 89033382
491 89972012
919 19938855
207 63923669
314 61685791
552 660842
499 72812715
635 15622343
68 63551994
274 83534334
322 7492382
877 3638339
721 58348831
512 65013064
256 91210687
218 53269066
383 42247463
522 38827530
292 64418761
184 96264366
651 6968700
562 35894709
134 87150731
890 32336142
7 1239094
219 85860458
362 13955520
719 85532461
904 94017343
353 81786537
533 45188703
51 79163107
629 42600311
640 38354780
516 1982842
232 87017145
125 42263664
219 54798580
115 75870347
888 3534160
284 1154658
370 81700129
253 5384265
225 96428906
201 93485846
369 80440605
646 22425990
329 85336543
433 34281798
77 84918409
654 28696443
416 87909432
82 25693499
836 66099117
797 50674849
592 91389462
137 32007213
643 92025955
37 5814153
16 14171450
71 37699813
34 94223588
388 59147492
775 62010166
802 10480341
39 27392681
509 94818755
61 3065194
576 61124637
37 29229530
832 72397143
167 15860567
400 13363671
607 88645161
521 88362800
206 62514326
892 55175403
284 8872655
864 44260609
742 48531384
175 13710579
417 58744244
595 3196122
624 80757319
62 6679895
524 51151946
451 54499052
741 37421539
778 12224560
865 92426050
18 80395207
180 22755845
231 28524320
288 54217356
475 13984286
615 35091222
586 37232464
348 27892131
769 97235200
770 28564311
745 64565471
18 91335341
180 57816480
794 72576362
120 46401257
530 75178846
880 55154061
304 20212167
416 86259725
81 17693861
94 53804154
287 61105623
370 25128564
474 29492988
165 81517102
494 94788827
708 92835647
34 60136844
609 94049715
629 86991404
506 84658825
727 57807621
585 36552826
302 32890908
595 12751856
769 30854490
717 3399693
912 18422843
403 69022367
592 10704313
295 4628787
188 85250834
3 97085623
539 15359198
359 27495198
19 95397114
520 46531408
875 12152368
711 97798423
278 87804229
287 34722571
164 77716641
430 46459231
649 44768826
50 14760978
590 66245290
30 62543295
240 51615220
350 33712445
79 63901995
911 66425448
738 63433091
569 97299766
585 57355622
455 66226083
662 64593209
167 34849109
845 93251404
326 22724785
461 31956061
123 52176580
298 44939645
21 8974354
671 94739026
192 6612315
422 67019515
384 75101137
419 5931088
488 58256580
607 66950375
376 15045726
882 88603776
175 43340631
813 61479178
493 17616449
402 19436259
304 27146045
875 41476796
452 39915773
692 69586834
875 70516048
892 33286583
790 65258322
646 85067167
807 94679608
533 61843700
18 66540352
913 39506778
97 41142607
316 15648283
286 67421705
916 95665676
529 31194558
550 3076774
291 7358511
357 77012686
186 34345308
744 20493942
345 97762673
661 20764082
50 27864533
268 13807051
750 97243346
435 42621376
109 58434431
652 38103888
16 60982417
310 5085720
380 8505989
59 24369459
825 9028144
846 70311934
690 51134912
349 37344488
731 86010480
5 73537664
486 23059344
566 42054502
895 32859474
114 75916416
89 76131806
256 63763543
723 34550295
808 32861952
271 50641292
588 52571884
491 93484864
838 52046616
545 28179059
129 43262429
39 90870414
559 61578897
446 98161722
752 20116044
591 44869890
753 68138828
181 26169661
225 76704186
575 73610973
684 21736779
93 3444570
595 84039696
267 63578016
747 73810086
397 20140029
773 46920894
904 25741764
643 48792614
228 25242428
825 67202750
102 58916826
643 95501924
922 86077698
383 11804600
287 17811162
88 60169457
68 56745008
150 65927391
605 66142023
612 39794847
438 32678558
530 7806626
620 49791200
295 50013565
400 18804141
757 56749307
701 49870432
396 86773398
920 89451079
44 49788490
622 50937495
586 89301698
840 56425477
353 92930385
874 2359997
114 1689555
343 22093390
100 32860985
509 76453780
792 30845584
795 47486854
528 9698554
320 41772246
149 19868564
73 17208507
147 27191871
322 12600914
50 954991
840 94070697
373 13961711
867 19030594
53 60232178
491 92343262
689 81540947
240 68261408
699 6054887
759 30926013
733 94459718
867 9397115
110 20198885
372 96164143
16 26470215
121 86623821
843 31153279
235 15468236
726 21952247
704 17375695
473 70539141
367 3220221
579 64248409
12 36908370
730 39611840
891 36059612
684 37060636
678 75093575
617 65640906
158 12393226
124 80773538
530 14316159
221 71777586
677 10509814
910 64089259
413 45851187
659 35041411
573 55198700
205 38708578
743 43302108
109 47981661
334 80794330
289 5818230
483 17120779
302 85001089
751 90912611
124 75871776
183 77768560
527 63880321
321 23349536
286 38427395
709 5681950
558 5427644
297 8058745
848 13591582
788 835909
737 95104949
842 35489928
376 21699107
654 56035957
123 56191748
685 17827309
530 44986482
48 18320737
339 95977274
860 47235353
291 88821453
601 43699408
832 82468577
544 64009558
164 46691165
673 68682445
183 97443920
479 16327316
97 56513491
140 68408263
92 6254810
105 19885941
486 70498591
775 19762321
466 10822855
268 26324369
721 14959547
791 61018138
211 22911096
98 81170954
686 48343688
756 61937004
157 20664943
424 90277256
516 32831686
467 78240465
120 11436355
796 78075749
741 87319655
530 20044024
69 93537855
685 52207305
374 58973708
227 7933099
448 25892475
698 65072597
537 76339894
389 41429491
371 76115465
820 78668195
542 20755917
788 60378945
449 513080
306 25959124
810 79499843
17 6278942
769 88566683
477 68963727
169 20605584
842 80441099
570 44699065
597 70448304
499 41013143
256 18931729
533 32847854
811 48444126
515 41232023
317 38829473
897 49695296
485 41092538
411 80248706
477 14817092
757 84434129
787 69951893
907 43689208
649 32255866
379 81863139
737 4583274
710 124411
121 55312390
763 3974094
729 17472959
810 65995692
518 86739432
41 87756699
102 55354383
354 73652180
643 32774568
276 22186603
278 97525603
254 26240459
764 59377209
429 90739584
262 20485555
204 60683595
353 63896227
879 53363249
155 52761224
102 17682764
171 31503590
412 92606601
284 49719900
254 92925817
89 96406084
130 88617128
888 46667575
559 13750601
579 13760319
215 73756368
64 25413579
10 83840670
588 7319446
247 97549072
640 73843064
247 64705464
346 44543564
196 91322699
349 54305944
778 23806785
761 94586272
672 28202881
262 58169683
36 2611050
385 91467540
257 82643915
556 74092162
209 78232996
462 93887337
488 3822394
830 49489543
495 31365863
153 51593888
630 61850072
114 50150291
504 96124637
64 63566842
35 27766652
200 26984878
125 38310071
537 46179832
127 21555961
55 73818505
717 3317549
896 89556571
715 81935967
273 95804038
159 86040417
661 27494948
598 31230648
219 67405565
620 97348308
86 88803660
881 28357851
660 93836496
917 18899311
233 73867236
473 40458395
310 79254887
665 64408226
413 5997669
266 2542856
130 83191076
4 53060967
556 94562512
640 75677739
110 87014239
519 60693350
122 9999973
124 20161501
600 55370489
915 88174034
221 26541479
491 43507952
517 95996508
876 24351002
621 2413069
790 75392812
858 29521569
794 2470199
771 31025962
372 25696810
524 40854704
648 68546700
353 10853110
459 42566779
18 52378730
400 45884888
72 1937137
59 82402288
910 80473185
524 88391237
171 90535829
151 69472667
521 1796045
877 53580491
224 57469300
458 55766403
494 8170432
451 55751372
103 29373317
644 85752707
440 78118170
883 35856905
427 48581634
112 61295140
886 38208581
593 19377907
903 36257085
231 97894405
439 17858649
341 79790762
113 50461677
748 94698985
86 19179583
142 6452840
806 52712460
77 90807463
507 76704145
743 54380198
854 67655083
579 31848394
573 23972280
425 22624909
61 47950659
135 27987626
911 46441676
829 3736853
904 34014861
721 22099865
540 54824630
36 52105120
69 18812250
126 47916070
301 41423376
57 48740334
25 9386907
868 94892324
36 43326714
539 57586218
894 88151457
558 71123547
532 7079270
468 92137986
137 81237469
555 61615972
483 46951196
82 78516914
151 13164319
641 94762705
670 14733966
371 15230426
139 69806682
369 7081513
844 52627164
712 34595194
835 70252766
286 94637767
216 65084959
723 70983235
452 19563035
288 92891387
218 74868289
549 20602776
440 71984612
426 24930390
743 88187867
292 97705272
3 2628136
505 65916770
233 57540364
242 11448581
189 55159026
77 14992503
9 41685888
140 10386824
798 20439945
631 44729573
684 70424534
638 58982105
398 84186528
710 74377535
911 9301415
262 95852986
595 3818310
632 28082446
831 14391828
380 95114508
254 54564525
532 92766121
76 3954120
145 29527055
433 9543199
859 91582307
508 14595169
162 30295221
525 86015779
795 36713932
778 66270330
277 55197599
587 23701931
881 92680045
424 27113524
297 48415181
722 31039936
22 47815839
353 67966263
875 1930922
916 60046947
588 63952051
653 35801052
640 16929061
814 64627229
766 49632755
483 6640717
822 70425527
832 61700575
353 16462455
297 52099498
692 76658499
63 94553778
377 42386256
255 5885381
96 46782728
402 97655959
263 38087887
350 16775958
158 52063407
26 56269591
39 4979262
701 20304295
726 88697267
921 68037666
822 96832180
609 94915184
432 41000435
724 11095491
77 91276356
439 32151619
683 37579697
713 97177850
186 40998974
825 85976512
470 21474197
284 48094727
714 40476395
752 51343632
347 8094234
614 42173549
732 90539109
631 13680397
774 48376351
750 87313132
801 61782972
657 17139735
495 93532901
471 82657156
431 50692928
737 27737184
403 56680983
286 76446655
175 47972413
434 93054449
890 70718692
797 32662415
840 76745
785 10565569
320 58281989
149 89124603
86 66979318
9 77048412
298 88142565
842 28895494
254 94152142
464 68848368
334 43459699
512 30077935
538 66889257
391 89611616
367 76279521
46 38967608
469 73652440
237 41967749
765 79351712
105 28236194
894 72567532
843 82246407
698 42351528
915 58244398
85 51044463
372 91945535
339 14996131
583 43609813
843 87373185
410 34209551
716 70339521
715 11345320
747 18907235
610 15207904
51 71111029
711 63853344
295 93248294
301 50640402
106 26166710
423 47207486
836 46715819
88 28942846
636 53671214
245 5881155
485 50545139
86 67669894
174 49185805
660 47485360
764 84087248
144 83255314
425 42158533
820 11029574
362 94720738
155 49168387
378 60593487
596 19820294
140 59150058
83 57390771
476 94429268
775 51486440
332 44861378
425 84909827
708 58375172
467 97715455
917 75068985
156 55064411
655 50293969
364 28943554
518 91721314
623 95737044
500 19069548
459 49200436
177 17013573
141 10863704
734 22950925
372 69264533
535 11398075
366 30080456
736 94266271
717 63120413
667 43520333
179 83702780
317 5847696
168 31054110
121 49919389
340 60706133
314 20832732
775 61082450
533 94927979
426 66909117
468 69155042
702 95476144
913 38683024
117 93079500
794 5706596
415 90597194
378 90200029
703 76399083
397 64953227
884 78164378
704 82385179
773 60289332
382 37660495
758 30276951
591 24990436
237 59104400
746 20415250
857 18989907
534 67729864
558 21414295
552 83963797
543 81266375
890 70167960
668 87913906
425 39601152
806 83739180
809 56448285
176 63153403
846 90456910
292 79123475
920 80087792
45 66728795
393 8316637
786 72671533
266 88789155
565 4979561
214 79682673
129 83658379
426 84254397
266 25472913
509 85895217
428 10274654
304 85184921
323 87169257
625 52725199
691 84131639
278 90627208
746 21627924
708 16873604
46 47026118
397 42913305
706 86164867
512 87460336
30 97260318
556 85745695
30 42113918
306 15861781
794 66144623
584 35951458
635 2705655
49 43673436
196 69307209
878 34577531
515 3110798
327 79337470
165 76707679
48 18588339
483 61717468
837 54543587
893 72328384
89 77206891
763 45092355
580 83938357
368 17272991
690 21827109
227 24271275
415 35102844
586 9523339
567 37260921
478 41297270
82 81448403
733 50528311
236 55167664
635 72327932
781 75568305
860 8257386
434 11894571
32 89139039
536 3811535
585 71968046
722 8409707
413 22231879
408 47929496
483 27063029
401 76649226
253 18858582
284 56421955
417 4742726
412 44597840
526 12978980
268 97712754
157 51971051
238 89011542
569 81512402
424 29921829
437 94526229
486 10504237
511 14491146
30 53948614
100 96763661
622 81519143
651 64313893
822 86645062
553 24833556
658 26235275
641 24399946
471 19064350
785 6259187
438 65236156
354 76943261
914 72566830
16 96612059
145 92075066
354 67990069
311 74040504
432 46058773
52 29711446
649 60265907
416 8722277
754 48748514
44 88530226
332 1567552
729 81692590
265 17985986
189 41339149
604 80997047
648 91239283
147 40855744
660 71256642
349 3994558
268 80006390
885 46363980
914 46673369
529 36900016
142 3308767
511 63636462
297 74299636
191 85214134
920 85374888
565 86602793
130 69044946
389 50064808
810 94603314
137 37199037
773 12016334
360 86181679
538 92786110
293 23387050
641 12010224
765 73528229
237 5283316
241 7480882
83 72065297
523 72048178
184 75638278
788 64067799
389 52513282
240 88045744
76 42121901
342 48236376
334 27430357
457 37415039
889 84151122
108 50302136
67 51070937
906 3689169
654 97095397
551 64068406
345 22805081
597 4462254
552 48766872
166 48106580
368 43367277
475 53032903
427 40766171
805 85668051
258 83096543
621 23064702
867 75011497
701 52781236
199 43496590
113 4939308
811 17018793
76 73009976
213 15112317
728 72380849
7 50323468
399 87279328
714 44106436
757 48922486
441 49996101
332 13754733
880 95575412
548 60942045
220 37168459
725 5664736
543 16361878
531 9118270
70 43976904
333 21454458
717 88271876
120 23278531
769 76627948
762 82772156
574 8118413
429 32138308
807 78443049
513 40807711
286 30411260
413 21475363
719 89833080
720 31268404
783 45847346
35 95573832
382 14642818
402 44058867
873 35959086
423 47059021
633 74867575
284 83082719
690 36167946
182 8186266
695 85635529
909 31114423
752 766608
281 20806800
279 8204585
199 6158390
110 60795224
150 97811849
280 11370703
255 29566764
741 94105587
853 87864421
631 41433765
115 87665361
40 81615923
853 31853710
309 80175132
437 94652391
280 70519519
422 27674652
449 9792045
847 52581928
535 39043290
593 95117561
170 67373112
699 14328163
855 56285404
889 40650685
889 21814783
111 46776274
553 48616078
49 10372306
791 21587371
248 95715055
898 57860977
448 59914064
465 66340148
172 47140937
95 7740775
356 19363360
238 68393212
274 83763162
38 60221480
296 46173916
278 12366276
755 58179803
157 87167069
822 96741101
761 16807604
902 45996701
876 26761351
552 86194795
777 2243270
548 13814417
812 43035455
270 48135487
763 47646555
901 77551240
440 96066071
78 97720835
5 58579508
726 72126139
31 3154399
101 1676063
411 25298809
625 6339235
630 90261088
315 26116525
590 84155100
15 25740753
256 73760563
883 14939797
626 87517078
229 81109493
644 6597353
458 41073009
679 58509127
380 88045858
358 44785420
27 74790241
660 55695345
527 86776712
371 17421556
365 44992782
870 38067709
586 8630711
281 77831410
387 97398298
117 24615331
210 32483938
405 76948119
330 66160926
357 57643398
855 56227920
80 18008172
824 26695297
226 67522725
289 53265804
134 19616971
674 62318943
434 32393321
914 35661445
894 82257156
211 30775383
428 39593484
10 17029134
63 51524008
12 18795922
404 52370735
726 74362134
611 72723008
214 10464817
486 69412307
626 15846567
243 62448166
547 46869071
637 88039009
682 32466187
366 65012649
42 90928522
164 67395857
892 71130865
62 18915348
584 88872717
317 88182404
220 92710691
428 14880967
668 31661233
484 20827069
32 35316138
799 62478659
825 16481310
603 78472227
258 72228087
221 53178586
480 13092341
62 92072616
83 83532691
192 18371243
346 23901648
284 63100285
413 12456703
212 92656633
2 46705359
442 28738138
601 25175108
292 83550748
154 38123420
132 24668585
48 80681683
202 24625510
355 73225615
622 48499547
879 90551861
708 40213790
210 13747666
258 22642408
737 78702826
749 13694047
489 61100093
202 52605490
796 46193845
402 42224953
414 31368314
191 94971770
389 32604822
613 6469885
734 6494433
780 19093353
40 79370005
9 25423860
555 2591643
597 61507191
191 94363941
687 26230327
568 31367554
152 2789254
156 11828174
436 2373336
158 63252287
716 15442391
199 50369808
150 74889255
276 88821801
83 37036818
93 86209070
524 62523245
193 81958764
459 28512361
284 9633703
771 34487747
506 61275870
686 35393173
511 81223997
241 77134651
745 53276715
726 52698366
773 10453490
272 60421853
503 55442345
858 86442647
878 98247685
481 92597121
553 97699131
827 18377102
810 20541688
336 90065659
528 9016394
551 60714839
70 69536140
171 35471961
757 68483894
124 31074537
211 35231170
862 39212453
214 83978072
543 3855854
673 53433563
730 7523513
763 43126234
308 76565911
215 77409624
168 97150565
857 76720789
529 38279764
331 37567738
624 88857786
434 28437737
831 20708896
157 1173698
803 38404290
379 7931839
670 68298145
644 37255337
232 43263828
717 58939641
108 2856203
466 81361088
621 9133123
275 24213871
230 74990541
542 95358848
357 6252191
859 112002
286 42475745
367 30629610
665 35841137
348 4922652
236 18043304
709 85958718
853 91764626
637 40119070
742 39314474
592 80917503
734 25114836
553 53666072
43 32104449
339 8895909
221 97372158
563 1410371
36 68182310
415 132288
626 58666227
296 6793137
824 33773265
850 88361803
400 94009780
105 29089859
912 84060908
397 75509445
901 87056
494 23194209
265 16494312
56 84725672
912 32933289
238 972836
550 20425662
81 31994502
758 84726337
666 92828534
22 50405582
390 80811606
567 40285616
33 19135727
150 84214234
299 15458642
214 34909823
238 36670712
396 85956874
837 88870348
422 24318800
640 16700075
292 67591257
486 2752635
912 42857698
348 96564465
802 52017190
902 50427225
32 68246544
312 52711778
31 36195634
81 96758903
723 82875490
431 50486631
139 52581032
485 32997454
134 37192057
598 17294618
844 34043703
528 34722455
141 9273623
538 97283172
911 71790873
912 33454371
523 69740819
730 24767964
340 83734839
108 73097187
266 48206328
344 70237166
213 72404993
342 76315432
351 86292510
102 20594608
299 88090921
738 4437347
689 11022038
563 26860046
100 93842335
700 17080676
734 84157618
647 76063390
637 26680798
470 42166302
301 80838457
867 52352131
56 55791885
670 33880801
643 39009294
283 93606574
407 54136286
264 34177309
595 26006257
526 62884327
777 53011593
13 37587621
297 3407731
818 3247007
750 8727472
885 52591976
839 84955382
306 2355192
366 60505684
652 64899001
910 8388857
92 57563658
885 2186718
138 544263
363 81342743
409 38891639
892 31721350
497 82061533
283 63452568
358 45346151
741 26328814
268 5462018
667 13956757
709 73319932
633 95243287
579 82802088
173 58333032
553 77838926
452 51518825
762 25788441
427 56636808
752 34164223
554 63187158
437 88542428
732 57901920
485 97376311
486 26606551
350 47643619
463 66869552
686 74165015
306 21130901
715 50053431
769 7104338
416 73936753
296 75600064
532 84779993
42 77231381
681 78848702
532 33146186
588 44119634
853 26112196
754 5151822
673 5984868
565 80287123
191 479423
855 59624258
232 43443654
601 76755621
128 16875839
610 14586436
323 95340506
310 4886921
637 22803309
136 55622316
744 73123985
338 83411400
623 56566418
918 56841635
767 9883491
641 53615954
106 13890872
717 35289860
907 23370290
403 27136562
724 4142519
606 15903349
844 82508607
729 55927144
207 18665752
843 92965457
676 68860723
419 95265588
658 90352764
743 98289857
426 34729606
701 65427225
200 60426021
698 55827101
116 67846170
277 11236311
22 32883746
641 46652558
861 58076975
613 65238894
84 42760790
147 73552366
15 53637488
624 17656681
702 19385025
109 24479205
494 27677708
272 65971127
310 44277373
333 28559949
370 38030269
920 89884770
727 19490201
626 26335438
496 92091299
207 7656556
870 23865120
4 27529666
353 11438912
10 34282004
323 79618610
288 74410249
830 83381445
568 54645468
679 17133584
79 8186452
405 40926483
31 78180229
695 27971019
626 21961517
79 8844650
355 5564432
465 38218821
358 34182597
785 73844084
181 83217342
560 64636541
547 44788476
667 50795618
99 80043208
623 79732622
518 239275
487 35962020
497 37024127
165 73092416
116 51431476
498 75092020
329 33737372
658 14536053
664 25350783
562 28265403
385 53212256
172 13789228
217 76346222
881 24511338
270 43246156
186 87158144
10 59479001
444 31801009
844 76381985
21 22183993
550 83415074
413 16825482
161 17906912
312 29092664
143 80349233
790 6255189
414 78884993
370 15631230
460 64063208
112 50055637
46 91222807
497 41873885
220 93196831
807 86275961
570 60586010
5 86622965
576 37479223
523 2394722
747 31190666
611 10632583
381 32683802
563 90158611
811 49077418
314 11214956
419 50364768
63 25474163
355 26721201
359 93872501
618 57724275
513 11347700
11 1267953
546 35437932
177 78904683
236 52769350
745 97627172
718 35398889
112 59976498
182 18285220
539 50241
282 89026428
206 28531624
687 94568180
57 94909530
518 49012729
316 56990303
124 61453738
808 57633257
357 80035878
672 28981135
849 41413821
492 93755813
701 32132510
309 94066945
562 69656720
471 17280096
231 91811056
203 40992111
498 57115105
69 365907
902 57257455
586 47421730
593 48617436
764 44809975
502 87746404
831 52992338
453 87515440
30 43546589
678 77079526
383 17629384
817 80815127
119 38753462
109 9786632
568 81032950
763 56877433
840 86532755
222 22766417
52 34548220
605 30605769
225 23598245
417 73305956
874 70505204
864 64598198
590 20182653
689 676865
308 57418438
305 35843377
897 51550667
139 78950330
523 92799244
324 90246581
882 57919650
123 95565038
738 73100590
476 16118633
587 5763890
731 2416672
792 50249029
546 91879166
685 47637003
410 75781608
240 96144115
791 66255023
210 92021728
659 92873176
556 69518177
777 6102811
125 61423552
821 81446519
739 70373038
628 62920004
523 52175582
423 86420000
134 10002422
456 42855571
137 2478793
55 34556450
546 65613272
116 57864768
350 48978740
569 90914576
60 53674621
307 95681005
694 96472038
834 32135283
341 81060615
321 81337243
306 76196841
589 94374306
682 16834446
467 36705714
566 6991023
679 51518704
383 45173683
34 43822628
238 56980415
29 63292325
105 38489760
245 11321962
612 15044067
643 48428834
595 12421750
358 30866093
854 40395340
461 41016040
726 88616013
655 45233821
922 36043843
616 55445064
489 64906438
653 8202540
693 4901385
159 49353828
847 66484235
430 44263562
753 13112679
408 83622524
378 17461492
484 18444914
88 54837902
14 88622569
829 95683115
852 89349963
94 15309255
246 24238844
183 7521544
910 82562822
117 27330131
635 39322879
919 32545461
474 43383070
253 41032370
560 41935625
412 3500810
623 3566450
674 82023663
769 55384877
106 55936433
148 42584132
761 17964410
192 83254971
655 1499394
850 54339644
588 13078747
78 72549884
148 77462310
311 5077901
389 98156181
388 73301258
327 25237751
182 93166062
480 35417448
485 5175029
435 36382494
232 24081864
687 67988308
801 13893062
187 27785458
223 55019790
489 96738716
554 40948638
166 96184735
55 73101551
392 36475071
447 81941694
612 88201979
876 50131492
352 74123391
607 51167543
538 54859442
807 5715920
541 41947102
673 39734507
364 18255130
687 68718962
913 68847899
730 82179546
208 32863838
391 47237436
66 52051384
540 21185053
143 50549079
521 79705103
264 13299318
348 60620485
620 80072805
498 8321835
818 62120790
493 40456156
799 52160881
117 30342714
696 64027545
425 88153402
547 77364573
224 71283821
475 95108544
754 90162608
566 16115714
801 43075636
182 12085132
805 48341839
781 31616264
895 3742601
354 5045758
545 43099936
354 61404872
572 22215445
414 69360983
615 98190845
779 75531044
852 43289352
534 66799896
722 45558709
589 39662468
358 47178453
495 82181122
160 78266203
430 74743809
814 12849522
399 91374542
605 25607927
859 26941574
244 77585475
376 22864460
620 4238435
140 20649969
429 8748295
490 15688631
434 86507630
698 28447773
411 51542064
119 87883727
200 66894563
854 30709355
754 7482591
633 999756
491 15025058
10 77212610
49 82222741
636 9955073
432 42260580
746 53417918
192 62314298
837 39533093
54 68033490
631 37172678
37 64735296
238 40857466
919 78125750
349 64891963
621 8513111
571 52874938
305 87600408
165 94898223
258 69316025
447 66917300
592 5828305
660 68844378
624 52909391
805 88556706
295 90963562
877 71393613
156 46316426
97 2039550
871 28463748
297 96763242
556 86049306
52 25166935
883 73800673
706 11867802
68 22942265
752 82628775
495 32637785
703 11053685
459 75190224
379 63883047
302 10318965
800 87543396
461 4884047
817 81362728
423 80114390
141 95055489
136 64390249
40 40257051
654 49806397
494 5716589
735 74621013
706 93344209
228 14570044
123 69904791
682 76311292
284 14131843
351 25201203
105 91217227
70 96541904
486 44822442
566 51307427
520 77642615
125 13644162
60 72979671
846 42763813
65 8278207
237 11827203
100 86209466
361 89309258
677 91280569
915 52664011
610 37004902
384 88971164
435 38770384
127 35012356
777 2419979
510 5977459
144 13221149
133 53057887
829 48980025
151 30513696
189 569664
627 64345621
589 97509027
324 50438452
275 68396202
426 49736646
356 82758416
912 7478584
234 34140837
336 74732916
148 15024011
515 57129166
829 17939233
693 56063111
547 41468035
922 40166510
587 12666048
540 19654202
916 16054987
498 35612033
793 43712794
354 63884844
796 52539730
645 29026120
848 33686865
725 27694174
867 94370594
822 72199452
546 60496397
521 43566907
878 74413701
230 49664335
512 25617136
150 9272498
857 74775594
471 35080561
755 10517066
496 42295869
380 93219035
10 57803275
64 43003668
840 49999876
799 6377633
236 65915766
176 60459552
25 85710266
304 24392173
659 86019332
596 69569551
331 17274445
662 64175944
826 88167676
721 11258121
602 79665137
543 7609907
642 47138169
256 18521063
466 51980381
631 57663415
513 3917707
909 84805459
595 6795259
884 13647685
470 28905347
229 27191533
802 76848828
152 20573286
417 86784171
107 39163143
502 24872913
718 40880538
361 97789539
652 64066713
663 91432434
466 14217380
207 97579491
653 53163564
353 73502345
771 17089156
241 3701078
840 26939706
580 73768582
59 29354946
264 70316221
162 38380236
646 70850075
177 94184273
579 64885807
830 37802202
774 78716161
458 84341817
499 17622719
353 32442093
661 11826593
209 58653818
332 86554301
696 49789311
115 41282027
314 28569943
177 28916082
830 2228888
172 66512657
18 19476303
71 49149943
312 43561194
487 71598540
447 33999396
336 73794142
88 40577493
862 88487229
429 14949592
497 9732014
269 27585971
143 61710564
260 5298602
344 2002698
691 71402668
900 8186539
808 12786204
640 3945834
66 37797273
176 78713930
175 71462639
486 35056824
486 46239524
364 29473324
442 8253476
806 45951227
785 39638694
647 69992512
843 94162172
387 78068094
220 42583295
791 39726519
62 24370168
372 30097753
101 26046104
263 59587844
531 61057753
85 14546517
321 67269331
114 3203102
430 13438624
687 25785939
385 17763336
752 50148271
667 85704518
327 1517909
104 56494105
785 59190247
336 53688540
541 80936819
197 63068270
734 22818872
482 14455259
486 76168053
44 72399209
259 30583635
721 54451268
899 25383927
136 41271906
208 35458929
233 16171351
46 57550471
351 8150587
804 13699450
144 50958743
218 60652536
175 56056668
743 26206760
36 90792060
52 38115417
302 79470302
919 83380380
74 7857558
200 71849653
434 42042795
671 9965654
252 69325536
119 88839652
760 38246307
707 96277312
857 15676889
190 20868024
206 59810648
23 78418635
313 6954747
59 62600440
709 57179138
50 84235176
905 94307032
316 44794431
16 1015475
516 6857231
250 84840551
15 85642013
724 41766987
511 57509098
202 94674402
121 62452323
596 79821108
608 40610474
252 20321691
683 66118107
875 23402630
103 4916479
650 91966537
630 69564188
508 46646571
710 10243363
399 49868262
138 87307961
61 61164730
86 90355455
5 90761859
501 40358018
405 72586399
293 19717635
718 44387481
765 14334784
541 45144305
453 62972129
273 24880609
789 25829772
180 61607321
865 53274066
628 687148
444 84055288
911 89726257
858 43699647
654 52538219
889 55451148
874 43603417
718 73572632
553 41654255
12 20290921
725 41938307
116 33565583
504 64527401
473 38940112
213 76080119
573 21793813
513 22756073
225 16903634
378 71540135
546 12171554
300 77696290
883 61050833
911 47629747
899 14169056
316 23852068
900 49623117
88 80826932
482 35910912
919 38242143
613 86807519
902 71069972
411 47253618
440 54019750
584 72708560
571 98191084
661 41324977
516 18253800
415 59656577
900 90233820
898 95944420
299 51816824
330 18859124
305 81341325
503 41809340
713 19234757
761 98202689
703 76663969
880 15429419
751 81662810
132 94182705
385 15564976
3 29178794
500 70243326
833 4623269
481 29502684
903 32585314
778 39013347
182 90175007
533 12151245
650 72167940
352 31451475
205 51067702
546 73870116
448 57873536
874 43626965
164 71576629
762 13455227
9 21257040
640 85587291
633 95022644
906 67639539
226 78532252
625 46274542
760 81767748
279 87768372
858 457166
863 49759447
333 70754487
246 92870807
551 60296367
421 25338311
402 44243740
641 36081478
865 13885592
433 63740039
615 87631358
151 62734433
646 45778825
164 85300696
871 57601717
298 80290234
802 44218860
698 98176443
131 36898123
680 16334281
270 55949234
507 63143865
700 2372063
856 76691680
57 52585483
890 53261762
570 83187380
719 20385567
869 90425778
921 20352481
490 32419362
11 7548976
366 76959245
473 53229846
375 74847538
633 70988395
56 28909072
381 45858722
877 83616005
379 79377401
348 35408362
425 53580037
289 35111133
332 93591988
174 24529237
707 59773954
203 70220817
4 34861125
8 21245626
876 37235424
414 64208044
578 41233155
877 12358665
755 9728594
299 81621126
852 37458130
473 7878260
274 14977823
462 44167352
41 91308128
233 4195948
422 67787017
284 87408764
355 81793593
915 45493225
9 25036562
214 32122874
472 55522187
341 88652182
393 40245113
757 35702067
861 91686969
777 64592290
866 35156928
851 63684160
863 68267804
124 38018502
592 56130728
440 49643570
337 18706140
145 72331884
150 40639026
791 54742802
708 94860498
437 94459709
822 75385759
819 34386618
46 38683104
430 54460482
76 64439080
259 96184826
24 30030447
271 85498643
622 85640990
794 70037219
61 60116447
189 73539059
484 58853434
722 60871295
152 91063945
160 13795648
350 3932861
243 18721189
556 19202639
510 72181254
800 3873320
599 94994472
226 31326873
480 56993500
317 69773628
736 15883544
279 76387272
636 69989052
205 5411322
556 28417662
695 25107767
808 76483551
770 58841434
663 77227571
779 26532292
17 64941869
650 428143
833 62639369
104 77719514
85 10305816
881 69337777
908 291528
437 85389530
766 33545625
128 51799840
37 82766600
467 25511123
849 69995352
293 30583807
507 52686941
554 4823169
92 29091975
55 53459589
373 50718869
92 27331187
37 52332183
587 96096261
733 87228539
738 55828746
909 83360313
401 25318454
190 5213422
832 73180720
362 27549605
733 53790226
97 33549553
769 45603453
392 10096069
90 14952618
714 61756244
840 82335322
398 44303113
85 14244216
440 94787257
233 5540065
518 92963108
240 97516851
38 19449823
323 1693947
410 31494477
832 17296557
672 59243353
524 93054016
787 4339566
515 80939807
578 49109383
70 2514969
89 93118199
33 32158466
66 86979818
630 1562784
375 83261082
875 95724263
552 5113884
133 86970814
319 16774288
73 55697279
334 21607596
58 42124810
297 57349498
658 5105115
212 15271789
610 88344560
610 60004952
860 14096684
134 78533671
727 61735046
539 25992924
502 93123843
355 87548531
374 64216176
105 65743207
293 57798488
718 58368227
782 33542172
531 67105977
588 81749350
573 11842814
842 1407445
851 51892732
551 70030389
419 35121183
219 56491148
543 40471009
669 15417357
312 48061078
268 12739041
471 14973016
612 59893665
657 61376500
117 60595821
392 79204571
384 64553472
263 41378499
767 42076754
534 28250515
893 64220253
820 69812570
75 3600696
356 94257
369 34020423
7 12062988
586 60963265
606 45217189
546 49122673
67 70015593
23 67433861
726 89899625
240 51249058
400 57203962
109 68540838
685 96043430
400 8399332
717 49970201
753 68472524
915 24106508
270 74673577
107 55734806
517 91625625
896 91288973
649 61808760
876 74470529
878 47310245
268 46476706
110 90423067
319 61779941
609 86329361
276 18162220
192 61743299
275 88601755
837 72304007
577 84347755
837 13910201
100 9578994
597 36506208
877 39029841
44 85032254
44 15859253
902 42683076
856 43532927
783 83169307
839 8500092
94 51869140
430 98111477
891 39341441
188 53138136
734 82101674
659 5045533
236 72314297
217 48115866
145 73250790
122 19896808
196 56773636
518 80939019
432 46833074
168 28318086
632 78080738
128 96462917
272 69062374
647 513713
758 2062430
356 56584024
56 17435435
811 52954834
651 28151016
900 1779349
299 35371227
244 18032346
68 62551305
835 14184005
781 3819039
203 95426297
275 74575937
374 82352770
709 94267343
693 28909289
370 59946323
520 64605787
840 43612820
677 52371731
206 3736126
781 45119523
505 2179528
633 66553703
594 40250437
880 2387234
483 5326995
300 93806359
100 22917095
202 67032690
612 34775247
239 44492948
701 77185254
813 91972642
325 80170972
522 73374678
65 72178244
